0 0.0211633579325718 0.162658285412182 0.27174071434409 0.11520150930289 0.238117445696803 0.0251361934941727 0.138242831535114 0.0668301099610989 0.156626797775988 0.16215731335513 0.0420172972722025 0.360918353535949 0.201205716507295 0.130008878725525 0.0757960580359659 0.40499159158767 0.335320101618653 0.436016552036191 0.251168849668015 0.0494012053692531 0.185095259009474 0.00342340535811255 0.428174479794045 0.198321324002674 0.0486888635471082 0.351549071450035 0.0908770527215994 0.0526624429436303 0.0789666388270048 0.212402132887938 0.103559821498928 0.324688485475525 0.195442170906958 0.0488665017510422 0.00559217756523759 0.0130442583477583 0.0122469954577874 0.101821989821007 0.108828580738732 0.124508483663368 0.0512709902513241 0.00428615957178497 0.892665172649703 0.315296124180996 0.0268858978364792 0.06589238969251 0.0621274060688431 0.315735618371348 0.227088522341205 0.242349398409932 0.140769690367592 0.0237921697240094 0.233126493247565 0.0623790923544479 0.0343775346128217 0.385570455256258 0.322681802269092 0.0914913823281979 0.435474625267096 0.233683792565416 0.0522716013986784 0.0789258220722094 0.0281991723344091 0.439394537062103 0.128051283462867 0.0848599524939111 0.103230418322119 0.0341735156793451 0.232502309968889 0.00300816195590872 0.127767067494664 0.31444451415474 0.0481534578674093 0.121757783314877 0.083367592471763 0.0956001742262832 0.36939055021557 0.105705788277552 0.212986139955083 0.196298442963851 0.0094772543649724 0.187152812806712 0.075669661570512 0.218242186686735 0.125236447573764 0.0539134660621737 0.0748882095841442 0.0419349737395915 0.268784194220424 0.176032999814979 0.142006873661572 0.145586686796295 0.0240591473089150 0.234197847647988 0.206490822295604 0.0448808143308733 0.166713552823038 0.00699495954121617 0.0273275405021836
0.0211633579325718 0 0.199294673222532 0.241759559761448 0.0064111391012997 0.426863384146721 0.144319740378176 0.0887831382777237 0.0499242851136344 0.0733534236125215 0.0109889098110670 0.0336159323514571 0.169440223372643 0.0628944705363937 0.201503105104965 0.19372063091092 0.113078492369099 0.172732721600839 0.0142902503772329 0.287695687194215 0.147980686176471 0.201041002787183 0.231638897784111 0.0527673139652545 0.245925826457489 0.382798842971411 0.0348992176004429 0.25932752251206 0.352759633409005 0.59350250176207 0.285726057441344 0.222782937404538 0.142066853239610 0.380211693053848 0.287641481752915 0.651358122262139 0.542988277224092 0.239952120533389 0.0767639058330606 0.234161727192143 0.238861016860749 0.230148498508570 0.143809087721755 0.00726428506567886 0.289834166812899 0.325173842993731 0.0187025931255795 0.0718570719892764 0.188176718182271 0.0844316346359402 0.137913724829374 0.0868336829324515 0.00817815204793319 0.123164691687740 0.13782370794116 0.165934212628489 0.0455551917337665 0.0292100173449843 0.098161144171822 0.132771703805989 0.0105631928147737 0.0471294975210677 0.0462158711610847 0.0769496285013654 0.233435439944909 0.295075658659277 0.124218624778426 0.115375423871152 0.129538309364259 0.0605675055190332 0.101971701961619 0.244438063174388 0.081095450437915 0.0172758642606391 0.260075250226956 0.146787227510308 0.0102448818003009 0.0458660496993032 0.356113610878923 0.292135847472828 0.168442144183326 0.384165884350016 0.0151099788738471 0.136537693097984 0.149813549208279 0.0694354731861632 0.124859701579203 0.0289460562466608 0.305382254015304 0.0365775302043198 0.309812535970652 0.384392737344531 0.097806506059163 0.163380640361648 0.0936702075374644 0.128757038321995 0.139383557841499 0.0756482695458246 0.198361528310735 0.261135214166082
0.162658285412182 0.199294673222532 0 0.615149529386884 0.287992585331580 0.0148346853942159 0.369956371722092 0.366071586929799 0.25476070928641 0.464318320627884 0.314300881596458 0.316075175779947 0.249069823269517 0.169201642760125 0.273104547326816 0.372752813136949 0.127298232475086 0.287165866050249 0.271693561396570 0.396926109420742 0.144801397808082 0.124860067776882 0.576105129172438 0.0936302971255494 0.405780897972843 0.316449715012472 0.193718654798715 0.316811737331757 0.350911119788889 0.114839726830185 0.0530634367310938 0.103218632807289 0.0653845123867279 0.0775177624676222 0.0255836246769683 0.187750345971765 0.306392929196475 0.201629275554149 0.247799983322846 0.420550726706182 0.342617487692757 0.122757491672111 0.372954638146428 0.0423564188613016 0.0120439518623917 0.629168397168171 0.164213704383085 0.0703231947385073 0.124017635528811 0.474171597754218 0.193706085992756 0.16750049154973 0.151215467941146 0.0987410432163418 0.154296922782863 0.0939103060636076 0.00861315200123965 0.305684069884349 0.291102673359728 0.346539637740664 0.34627667389454 0.0836450617030484 0.161066478052757 0.256942366133814 0.0660892176604723 0.311859586380702 0.0948216780310366 0.0791083141304534 0.0307254041903191 0.0792962899853995 0.241708106512091 0.142784201102523 0.124948025076853 0.0138956289962566 0.100104431912879 0.265926080825206 0.0967463833395902 0.245800640065792 0.0302015388003726 0.193071051102287 0.0803800536309181 0.105065697128595 0.166349884531893 0.322538689670336 0.0291992059679033 0.0650104066362917 0.254423204625203 0.253526211668678 0.249297419946788 0.0475363748743377 0.0987648411428274 0.0356997457988434 0.0794423853606616 0.12760123020653 0.0945174531394238 0.230323189988009 0.158889248641243 0.0154859922394529 0.150364218476611 0.216589542499178
0.27174071434409 0.241759559761448 0.615149529386884 0 0.43364285615762 0.167217097536927 0.283218242844492 0.150424560475510 0.0550295908336035 0.151972355008311 0.237180439854545 0.279153829357462 0.36864470227444 0.288207004977307 0.280416363399173 0.335551440480219 0.206303962767316 0.498083182932611 0.618533681596775 0.570379131997075 0.276084038310323 0.129039931365523 0.217104757042130 0.0503804060557041 0.442252974113745 0.224542962405292 0.488221909043368 0.578290167143574 0.392141700336217 0.193875465374059 0.258631764389372 0.280470990635353 0.0600970786685603 0.0260405589558052 0.219838402044633 0.193913110988742 0.162736496039012 0.0491435675920304 0.0605352959664992 0.215257796148047 0.133238063477562 0.249557554719703 0.439436173615498 0.152180365950044 0.144035047581233 0.607084103728716 0.513685894950803 0.296288257638225 0.305990499140819 0.276533438718191 0.000669527326830977 0.0420605671137725 0.0288686364878805 0.0860500544098872 0.0169839871002187 0.0273982666704734 0.429480140023406 0.221002373405763 0.209832332963382 0.15273505317013 0.095665003183575 0.199560762636934 0.458017882223138 0.384039022532345 0.109024646315433 0.198775299959527 0.0835897794058874 0.363820142434227 0.116898677339281 0.340340196435483 0.354769161034197 0.0581682677628947 0.0542122149321532 0.087390452992739 0.253853260414783 0.059787274286006 0.0264637105044901 0.206536775890743 0.248805573526547 0.0488887154619678 0.0142395335466901 0.104723648960636 0.172222356366828 0.244430193466034 0.0252754002278932 0.147434502748531 0.391317742591922 0.463778895901663 0.361893945041291 0.195546769178381 0.266651742978111 0.25030663683053 0.337417764899513 0.340837911221355 0.224547907452661 0.313590110130176 0.168329271035919 0.107493380131080 0.175686917257341 0.237564186310694
0.11520150930289 0.0064111391012997 0.287992585331580 0.43364285615762 0 0.12006488406643 0.205401431341912 0.301126464012669 0.116518080107790 0.410236109773983 0.363453406803983 0.462750260283397 0.0989208221588165 0.235589801669194 0.0439112959684882 0.00843652966560924 0.148981498537836 0.198022831379396 0.331065348906618 0.044292686373352 0.118863601261996 0.0285504065872716 0.162118253109872 0.288188381406259 0.302680241559835 0.0138105082479794 0.223105147305171 0.227154236892805 0.0883087932138776 0.0838154618461016 0.0270081302340716 0.0821985374965548 0.100759727266497 0.154827569594497 0.0796565933085166 0.080976908537497 0.0097863902839529 0.0127367874637545 0.108105042803128 0.303312498995663 0.270794188103010 0.198782012551592 0.271258787877269 0.219259862093583 0.216814302850584 0.392753513254569 0.314601052476895 0.427560842151326 0.377879401964038 0.483246192352665 0.152808904371542 0.0159653129232105 0.0513424116122973 0.280218982526649 0.233894013048085 0.348755921586905 0.233440913389236 0.46212592022295 0.193061461003766 0.352750835315910 0.264145073819663 0.152417849914292 0.281218474993249 0.41156757328367 0.146672563750702 0.185257678382301 0.0183395434391688 0.294302035075352 0.0584793506812418 0.245697553148420 0.151508743564914 0.0486423329075055 0.148371981955685 0.180188813206877 0.0140627550723589 0.0541380179292449 0.0359526850223183 0.101073727806223 0.0486562907756262 0.301563603592562 0.0849685988309771 0.00236189560164901 0.161286798864031 0.219684770395256 0.0637720117177046 0.0556357237475846 0.249010829968959 0.289041293459033 0.214454238156133 0.0478123532449848 0.0723283264576966 0.138687893223301 0.286367480932274 0.230539435681841 0.377377132437198 0.378534120896831 0.209834118524634 0.257940122032247 0.168338387095783 0.0926443715029862
0.238117445696803 0.426863384146721 0.0148346853942159 0.167217097536927 0.12006488406643 0 0.379869376250893 0.152148220954039 0.0154929684079256 0.104318551508705 0.0231546274295382 0.0599099834198975 0.347117161722418 0.323722932618906 0.434402544052036 0.370374802290265 0.433128039710231 0.069606964115528 0.0361375990945919 0.276744868448104 0.0773903789395802 0.045641177923192 0.232486765368588 0.311472408262042 0.00970854672009354 0.191380546745710 0.0248860987115305 0.0431542888992736 0.0254980439061282 0.469033328579098 0.140904482525507 0.109189778599264 0.119107146235605 0.0216378280720187 0.0493254273368248 0.377135709259852 0.514228039376422 0.380047485494229 0.0251252651073040 0.0894516754184716 0.234740333912610 0.184120441085535 0.0999554653911053 0.226679575872935 0.139966624216435 0.0608974958263414 0.243071716255389 0.112485186152641 0.0588274498873368 0.038293037856426 0.0416013663294804 0.265954328467976 0.152997338069511 0.197242993064104 0.00587738032990951 0.0838547614974243 0.0706856207813803 0.0181926719771400 0.290789791260031 0.179385667607118 5.76286127177257e-05 0.134876151940692 0.232702762557703 0.0880897112372023 0.104947424531691 0.443706507116212 0.0939011187032364 0.0997786301897838 0.156877897196562 0.0389044259096795 0.0720572217041065 0.0287648751122981 0.308785314313887 0.0687910875268331 0.134880067520976 0.143663837861106 0.0967372314795728 0.182791278755667 0.0655680760229003 0.066987161359296 0.0222543518391159 0.0789207464152941 0.0220658432811396 0.217128546582159 0.0243637340893098 0.134999507528958 0.0644954141187238 0.0688043995087606 0.082767081628296 0.047705200963257 0.0232014188076368 0.111848023476278 0.155108809486762 0.0433744001268877 0.220347124981177 0.214997251088856 0.00235867326837847 0.195291168209227 0.0346013196807654 0.146898100190953
0.0251361934941727 0.144319740378176 0.369956371722092 0.283218242844492 0.205401431341912 0.379869376250893 0 0.451325513483982 0.403626252556744 0.415529096123063 0.339932927647923 0.317177026049628 0.348937202249687 0.640458398618181 0.852774399954204 0.71503086802042 0.302118053632619 0.121809738619081 0.113529646616789 0.392362448316963 0.365999063474836 0.280553772998744 0.644432310505222 0.218950153517325 0.131602486831134 0.252324209542650 0.23557157159639 0.354863585516702 0.337860602702127 0.166767421342444 0.332976395544735 0.212361159454804 0.202625602372877 0.102038983376385 0.0842945305518839 0.159015063557246 0.497023978257677 0.500101696240678 0.188474649499769 0.340297714692545 0.597616469971906 0.166212445030938 0.422614885514982 0.125506413286574 0.00768948161314112 0.512283862300026 0.0763711235386724 0.153390698134393 0.146675050465268 0.619769905249518 0.213827294806248 0.43871768536215 0.317546067873035 0.116301442641690 0.425233927606798 0.32971220861246 0.102717486313786 0.638668855241562 0.669037294687888 0.185791581273391 0.269230286389765 0.172297773961482 0.0946992569970897 0.454532160000256 0.248007663870659 0.667429034158151 0.0668960519738106 0.0891522057574169 0.239343145942392 0.307705226055152 0.502055924477339 0.314244767359082 0.227763716772358 0.20749003377655 0.174779924122482 0.300062945240840 0.258941537286290 0.0189146328708847 0.0941697356697514 0.240385802531030 0.279849264807126 0.0692824050718572 0.158327042496857 0.557562816014565 0.145371273975594 0.362674924801989 0.171010245467215 0.241545330123861 0.210707433248794 0.230221366142277 0.161999599707638 0.162563287367083 0.0421203027716300 0.0591883938341182 0.0766310329728612 0.175299794676754 0.0664260754624968 0.244353491147060 0.170052179460292 0.192464911446844
0.138242831535114 0.0887831382777237 0.366071586929799 0.150424560475510 0.301126464012669 0.152148220954039 0.451325513483982 0 0.805760746816712 0.632761712878632 0.510209476806559 0.357272083697304 0.0573162023289366 0.342372751957785 0.343333717524944 0.322480653093325 0.145247846062003 0.101265645542912 0.0549823262975241 0.0648295945561658 0.104459836375098 0.37699719533404 0.582354575080469 0.196797805432739 0.136696156028283 0.15887819634683 0.150884855697355 0.0583465644931923 0.131053795206808 0.0647305843005749 0.133282674117355 0.0248836099544520 0.107550779381757 0.338042226516385 0.0570254556265356 0.00745964869475949 0.495068238662311 0.463883805525742 0.562369478975822 0.620008132627516 0.803054208321442 0.170131079897504 0.067228122645492 0.203325936785810 0.214556472267527 0.273424723625363 0.0475484529124240 0.0704466892613343 0.103379614312895 0.537045753304147 0.384064577367026 0.554524188597062 0.225745281195438 0.262964966516808 0.67558640826068 0.0716868226829971 0.21827156924875 0.495804571011549 0.456263369529950 0.426732005202227 0.610534893118794 0.147052979046808 0.0675466903784219 0.203983984207726 0.429537882549803 0.586305226614902 0.0180640345838211 0.069184371617611 0.00395062525041024 0.00856780824571045 0.199740027909333 0.491770395723235 0.130658922625909 0.0359449587073137 0.00397521853972885 0.0903427021888336 0.352001758283276 0.103672882283624 0.0287687594483627 0.47180555838625 0.41223942656793 0.0114957959687087 0.355334043218234 0.588243114900334 0.430163496266102 0.0205210864130988 0.185584062153205 0.157183108168429 0.133245696488436 0.0591397314097233 0.157265957108734 0.0468740991980831 0.0834522002103964 0.286022514411352 0.211369181666044 0.0750528476983412 0.0725580911961007 0.00557502662163407 0.0496112075478429 0.098652781041896
0.0668301099610989 0.0499242851136344 0.25476070928641 0.0550295908336035 0.116518080107790 0.0154929684079256 0.403626252556744 0.805760746816712 0 0.567689806831956 0.587458416905888 0.309667814747939 0.0941638372440534 0.318969742104516 0.375817849016583 0.328260520990459 0.184673861513358 0.0820932858509086 0.0770364431252799 0.0535648417075898 0.10957507064422 0.4135087223252 0.513705603475613 0.0275895110245887 0.0207112876659887 0.0333695956414874 0.129456387400516 0.0848003421782641 0.137226612355173 0.118857769957509 0.150584080978394 0.0487900603207888 0.0561659791810087 0.322073219777990 0.0145271350307625 0.159594136788758 0.397385813397056 0.48593652488577 0.523608893665849 0.551963240742082 0.733567525483452 0.219191986577622 0.00222703131734718 0.0487583125286744 0.0706002112643987 0.0817811343157872 0.164303227100279 0.173912267453553 0.147062161618418 0.393514219817484 0.230137231071139 0.694836739102517 0.320095397034339 0.363788484714149 0.783006763282822 0.109827153754834 0.191668068535245 0.317823386225739 0.482244891457806 0.174570134415930 0.514238965060785 0.0275818033374704 0.120035801807484 0.114982376473208 0.285816277490213 0.49250303387183 0.0413923135763911 0.185599163916995 0.0502102339758247 0.0343443551628354 0.206357665090500 0.493038220513522 0.0217587633894538 0.130328425896526 0.114919801216145 0.081785565050923 0.258094278626558 0.0232346437403726 0.307615034851319 0.284225464216553 0.34285637564927 0.0489571333877495 0.292432524214701 0.53971830085797 0.359981064355879 0.0572785099400405 0.275073944862240 0.213435457410980 0.096397435968946 0.048028540503627 0.108195169027531 0.0956379172185163 0.184729518403374 0.375733684240349 0.278346654038762 0.00504715890272798 0.14395416496554 0.0314471983598249 0.0672982585842086 0.201718139544821
0.156626797775988 0.0733534236125215 0.464318320627884 0.151972355008311 0.410236109773983 0.104318551508705 0.415529096123063 0.632761712878632 0.567689806831956 0 0.685626525922285 0.660861686228905 0.0666077034588756 0.195086166589957 0.241842373361452 0.263594296442851 0.0785150154867169 0.0670088698675776 0.110954422804734 0.0707490650062566 0.0404119880531443 0.228626488678198 0.530461555700114 0.143103296944941 0.235167274007962 0.0949475107515865 0.124031297389702 0.0407279872614549 0.0153147939644828 0.262753200786985 0.100250244032686 0.0627755667284311 0.188964600176715 0.0406482578260325 0.175461327023764 0.229585103862801 0.324044657625994 0.280259945021709 0.314474556241975 0.443167122288714 0.556224904102037 0.0421294627997163 0.0958960171765438 0.137614092619492 0.0286247926645237 0.382094318900773 0.127783071467788 0.082492288703183 0.0232846088458084 0.492862756498002 0.171361587465238 0.188630524561975 0.282472142970411 0.149706554048579 0.555290482982331 0.151645533752434 0.235791801565319 0.435690462647863 0.362176867326828 0.405320396534655 0.47757104721023 0.0215119635268461 0.0440326953073919 0.363550756751197 0.245816487138116 0.367391244596963 0.114312702717060 0.0294481532792948 0.0911222073422406 0.0756600816865734 0.133580967238054 0.169474158676830 0.131268490413748 0.157428606067296 0.0646708403903606 0.0517846311306702 0.225122407529572 0.0484876469795657 0.278660773862953 0.273515205819035 0.298932002027488 0.233742453738563 0.18896507367288 0.364978256272155 0.144004704554021 0.0167662222773849 0.104118136493028 0.0280966458276009 0.0429150616831995 0.0644941282894152 0.107262023704054 0.0873057704817367 0.135488685306260 0.248714242229801 0.122476704051797 0.144482294961014 0.119592784865246 0.130183602561975 0.144770742712328 0.0756963850898871
0.16215731335513 0.0109889098110670 0.314300881596458 0.237180439854545 0.363453406803983 0.0231546274295382 0.339932927647923 0.510209476806559 0.587458416905888 0.685626525922285 0 0.778090662402693 0.0265697426905226 0.300663595552004 0.355028144261496 0.274434041638423 0.299408267684458 0.482182055114793 0.511486893611721 0.198247424676654 0.0546990667312723 0.296642608272041 0.343704994724981 0.113463174040520 0.24745532596342 0.102203509392228 0.0996780953500842 0.0102102673945003 0.0136738920953226 0.0489520279019971 0.00859184408133699 0.0443741819157438 0.0548355347897008 0.131267056090551 0.0373109146609314 0.200180969036914 0.324826357378291 0.420095400518976 0.231635447448212 0.446724274325661 0.522624372129303 0.188724509438617 0.052668377797231 0.197914923929679 0.170488134935478 0.205429071577417 0.142360229998379 0.00898881716678627 0.144215274395821 0.158010381199945 0.0165866950415984 0.428315549708635 0.55599446511093 0.279219234593212 0.620947822370274 0.330196257965051 0.0561046247001847 0.110548367682572 0.353082601202051 0.0239910263788849 0.25343937818256 0.030682055529258 0.0871036247237544 0.27952850248577 0.132144961330812 0.24467039366787 0.172036728210432 0.0236270621225131 0.00433361341344403 0.0914367247317081 0.0858614145137308 0.201660911862563 0.190738786905938 0.0875827751678213 0.115939083947760 0.150141304241754 0.182649765069552 0.173268320896444 0.327711288302157 0.144695045536598 0.289550968379228 0.158711891122290 0.332437435958008 0.400547317164337 0.237762459529997 0.076805011899657 0.262388829186584 0.176899863682851 0.0573123873599656 0.0796973701692756 0.0768949072613857 0.220058359540037 0.246813367319904 0.419669726155517 0.346112357883409 0.105418895902037 0.0867279657056136 0.0292166690650519 0.047907999649309 0.337106390862484
0.0420172972722025 0.0336159323514571 0.316075175779947 0.279153829357462 0.462750260283397 0.0599099834198975 0.317177026049628 0.357272083697304 0.309667814747939 0.660861686228905 0.778090662402693 0 0.0144994591217343 0.357421498785642 0.337251383182922 0.289174921621821 0.187742871987165 0.403682312944249 0.413055256197982 0.194476797119101 0.00257621641111245 0.302680521824011 0.262264309222208 0.0274777425039989 0.284115099719241 0.169273185803483 0.0658854585306834 0.0552478239328639 0.00364017412507269 0.0699962442862476 0.048306439435267 0.107573350682572 0.0278353826868024 0.104458055075274 0.0371548423954595 0.088737860873231 0.280632089531149 0.321671621609872 0.226352888383767 0.472756151717928 0.468870745012619 0.128363950628924 0.0193636508996751 0.0345162044259406 0.044637465961903 0.294302244555252 0.121657311706277 0.222842015735442 0.0705785580979986 0.203896637110828 0.0730668539703927 0.197827206668012 0.524731469461134 0.205099431004305 0.455234046392836 0.440993753402527 0.107404095124037 0.228851878120560 0.327319017056197 0.163529546423373 0.287202562296755 0.00212630477798806 0.0530959330192736 0.439281790836098 0.285605310629774 0.175827132647303 0.157687170889290 0.0936526427793153 0.135096082537026 0.00628097254105456 0.112520706353602 0.174392359554732 0.133017929172010 0.0360841028935799 0.0464211833159118 0.236739772691393 0.29764537421446 0.0917619169870289 0.177511756576581 0.190771359604950 0.341576221405677 0.0948760505740362 0.322221953359645 0.394824629521393 0.241139026141457 0.00115748454292775 0.173458059744106 0.0341017028866775 0.102896843129317 0.00755119854440097 0.0523785465165338 0.207278320443296 0.157145401026078 0.320406939947087 0.156983008511263 0.00739237125920796 0.0413667288106218 0.0698911349457563 0.0433002806396588 0.235070846254514
0.360918353535949 0.169440223372643 0.249069823269517 0.36864470227444 0.0989208221588165 0.347117161722418 0.348937202249687 0.0573162023289366 0.0941638372440534 0.0666077034588756 0.0265697426905226 0.0144994591217343 0 0.425405397895429 0.198646690384443 0.162670348872621 0.0392074902936399 0.047899863270214 0.107919081913664 0.395676548154602 0.132807988325571 0.159830333647359 0.140559821313368 0.501934099709371 0.111022342365849 0.152216354739432 0.430948207039648 0.30757859036559 0.278696462402234 0.345888386756696 0.385287960051248 0.129230508335138 0.527604573976497 0.0981809515169603 0.0397364814637352 0.234754867878029 0.248788108219195 0.10200610983873 0.147404125255471 0.117144513644737 0.100086194660333 0.0829062328447233 0.354144523719794 0.360520187862063 0.0681315134416333 0.328151772641066 0.0987489501045028 0.147533986032683 0.061828664558206 0.103099896522750 0.333290564010543 0.111903058767992 0.179840554413234 0.471777167486727 0.27670026883861 0.073267805598193 0.358096711283534 0.0982109397639394 0.0140534734236670 0.167863233642411 0.316684009274945 0.326854725199055 0.0435339287212016 0.178049120947951 0.215323859171438 0.158503804251251 0.087767381116577 0.106009513390513 0.144530488561739 0.248619514649271 0.0325243488411101 0.0867150119756032 0.361455692241828 0.195775285573642 0.0149621741679449 0.326172145723164 0.0127531487110031 0.218190476095566 0.150124867030573 0.0693362949110069 0.0383497589170904 0.0787251847555649 0.164544970891769 0.23890227467829 0.253484042379260 0.125269558525536 0.374566040306627 0.335967739357314 0.127254111078772 0.268365841970588 0.376711792019442 0.0372507192212443 0.080248984996769 0.360395221242436 0.149783842630719 0.044499564160708 0.119605206080104 0.0189757969382194 0.0655207687997704 0.249347724688269
0.201205716507295 0.0628944705363937 0.169201642760125 0.288207004977307 0.235589801669194 0.323722932618906 0.640458398618181 0.342372751957785 0.318969742104516 0.195086166589957 0.300663595552004 0.357421498785642 0.425405397895429 0 0.639736085063951 0.629686392810202 0.437074495844455 0.223698765870421 0.144642029810869 0.417208860429245 0.592261740101847 0.298810734971987 0.34185088959668 0.361782887551535 0.0103081148798539 0.146605379821088 0.292114615539475 0.414812055147843 0.360692808810134 0.317828852555782 0.267904175151257 0.246809255798807 0.443332095980265 0.207699307734881 0.309807178076538 0.108165798349701 0.363355575139507 0.458590892160307 0.084944967336755 0.293736803398663 0.523579965949260 0.181310114249203 0.392562030683639 0.21154660294149 0.0969030264396098 0.27516903286561 0.00716028787661997 0.0829264972482386 0.082451379672556 0.341770343955672 0.303266490302604 0.505939784933846 0.426058445305932 0.129186502629588 0.379973902264892 0.426902925875139 0.179939777230623 0.418187046295722 0.501250148054187 0.147360106745849 0.324613562083805 0.0149609373587325 0.123231061043561 0.474329748776403 0.283636783952293 0.46611394327887 0.0778235222410621 0.0630675593076407 0.301623836751139 0.274225759847555 0.516033056988343 0.421439762927931 0.410103766444275 0.103370060605271 0.177821057061798 0.413106094512836 0.373209263126802 0.0705002089146865 0.033770132351879 0.229604058754251 0.340418603872903 0.110469878116884 0.424554726859123 0.568896264141267 0.302865085198190 0.432946865621024 0.165022290651281 0.167919510662782 0.125636112083160 0.268059258521483 0.239528120206534 0.0131509855251818 0.092182598070772 0.0907396853208173 0.0713448385344084 0.0642386243831001 0.0503684097889479 0.121441058033012 0.256750509879722 0.0413870294171498
0.130008878725525 0.201503105104965 0.273104547326816 0.280416363399173 0.0439112959684882 0.434402544052036 0.852774399954204 0.343333717524944 0.375817849016583 0.241842373361452 0.355028144261496 0.337251383182922 0.198646690384443 0.639736085063951 0 0.851016122186866 0.547142255545375 0.288631336534757 0.252256612456568 0.465700197943584 0.371368085963104 0.381517633234309 0.482770553802348 0.339677990252979 0.142494371588350 0.314181625159129 0.263566693115804 0.320988723787097 0.263139629256737 0.276102687435569 0.353362127208998 0.23468224913615 0.216302456027679 0.171195847186379 0.256512405981843 0.186404155744709 0.479884375675912 0.483216668802485 0.212208961202332 0.385160548336757 0.551057201549753 0.207200876025613 0.239703639206607 0.225202966914793 0.0536014475914002 0.340327999055817 0.0850399798311439 0.121099446100317 0.023615231610772 0.363493895673546 0.079997701341383 0.557177534061762 0.447421007031813 0.183260817595015 0.491643742470602 0.299633430525838 0.0685937345876914 0.401521545986423 0.711547832999863 0.0646791588469671 0.312036479096915 0.132585955312979 0.103440907078219 0.448287576224382 0.273468474948958 0.504495915513518 0.166515167880711 0.116406104092824 0.345740259357959 0.269963572322617 0.507100734766132 0.354835560694773 0.387186733947176 0.0719569681524447 0.194313312019968 0.2571220361867 0.308442999519785 0.127026281245963 0.109928201942462 0.0504578963939045 0.292841641718422 0.0133687317882728 0.30821793589663 0.550381396252663 0.239524987426979 0.337390633680435 0.0521578723701012 0.152842464905435 0.154808824740263 0.255015791600592 0.119491004766629 0.0616434926168016 0.0201100515852109 0.0550734200960427 0.119260433672218 0.0688251137713472 0.00914542393944042 0.16128261334753 0.226426413259598 0.107041912804806
0.0757960580359659 0.19372063091092 0.372752813136949 0.335551440480219 0.00843652966560924 0.370374802290265 0.71503086802042 0.322480653093325 0.328260520990459 0.263594296442851 0.274434041638423 0.289174921621821 0.162670348872621 0.629686392810202 0.851016122186866 0 0.39545911046553 0.193060478869736 0.0947795568310175 0.396346105214382 0.433855496481235 0.311975957441713 0.516408146209128 0.238690235476776 0.0330826386662583 0.221073896993281 0.0843299129412204 0.309244069939512 0.285331327719908 0.214460353857207 0.202554085513640 0.194508691049809 0.169873697001075 0.183575823657721 0.257337495296779 0.208637416345665 0.440219549655195 0.470995808039379 0.131958950789003 0.388246754321044 0.535476768569159 0.118206350300204 0.329169189375085 0.128275917541110 0.0211705979515010 0.314601132950979 0.0295799225364501 0.0773151014391773 0.0487508918797515 0.382553183066705 0.176373256977414 0.473217150022891 0.411646971547567 0.128295808232653 0.413570244764651 0.220047101390222 0.0285642837825081 0.402613917303806 0.725786474407835 0.242371776099486 0.495992108894062 0.0730111276352008 0.124071841416369 0.484502888412891 0.256511069738768 0.515984869205402 0.125014450448340 0.00200999733667915 0.217610377677851 0.0292504962877200 0.525046147991845 0.366930755191624 0.300234054579429 0.0176710913031228 0.192965646706709 0.169784794343941 0.309957979742265 0.0146390661587598 0.0748752282369631 0.0442008190354887 0.300198365046517 0.0357091875635618 0.263741571737399 0.528002613620142 0.216857550557787 0.390912486389062 0.099265583706541 0.199613681424431 0.138389126787749 0.133821764400335 0.0986063839855638 0.0483476902809851 0.0373258951342227 0.0116590269148371 0.079666433936055 0.081561444586411 0.0107349433201319 0.147242011910144 0.145713231730813 0.104254979846327
0.40499159158767 0.113078492369099 0.127298232475086 0.206303962767316 0.148981498537836 0.433128039710231 0.302118053632619 0.145247846062003 0.184673861513358 0.0785150154867169 0.299408267684458 0.187742871987165 0.0392074902936399 0.437074495844455 0.547142255545375 0.39545911046553 0 0.620302907933163 0.388139535670767 0.508887651017592 0.249977408312821 0.306661259402343 0.143789619216981 0.35532441196352 0.0961985841310937 0.268929902802147 0.206612760307742 0.203486660565808 0.177950054626021 0.30755291639705 0.114867361785811 0.0401117560223695 0.250711880925032 0.164149192087793 0.307633581647175 0.083008656122174 0.214780312759335 0.369506412620032 0.0724389143670555 0.13900918539543 0.226499363391964 0.191306253331529 0.0468709877317477 0.467892435648609 0.207148432479493 0.0553473888857246 0.0116944861753876 0.0664274445865652 0.186653415329044 0.233141420137011 0.12744993093644 0.504261898443104 0.391575713619777 0.134350196261494 0.307821063222481 0.163270590384927 0.140447370302161 0.187106470954344 0.178058696890108 0.270051077841016 0.122814898666472 0.228928230547893 0.0296249320564325 0.109185202386011 0.0450757128823785 0.139480187715317 0.0693865440822527 0.0887427337605077 0.268350821207049 0.198704346726334 0.223407334594008 0.284886455316317 0.434034580665931 0.32348247117902 0.0235413277411301 0.177968860560240 0.169253116090247 0.310149464822406 0.146403001345572 0.16453542347895 0.0437907075078788 0.163056371611313 0.287920063645689 0.225210528529923 0.307142744246566 0.0810742676237024 0.0830807769817811 0.090806300665279 0.106212606980181 0.246763855591135 0.0276128290592824 0.04530985847499 0.189125539412145 0.209702929859519 0.320771064219263 0.0673053224893664 0.116650159148918 0.109885890135887 0.200341614056627 0.171546157190811
0.335320101618653 0.172732721600839 0.287165866050249 0.498083182932611 0.198022831379396 0.069606964115528 0.121809738619081 0.101265645542912 0.0820932858509086 0.0670088698675776 0.482182055114793 0.403682312944249 0.047899863270214 0.223698765870421 0.288631336534757 0.193060478869736 0.620302907933163 0 0.727399257724706 0.446339321581169 0.188672757349116 0.358088876511912 0.119814882940904 0.0823840706796532 0.488133186530052 0.341302656173763 0.384864571151892 0.358906994710686 0.244070322739537 0.199192034381502 0.146981347897973 0.177805938118329 0.144947240366360 0.144590820687760 0.319038689025943 0.0755269725472485 0.0404112091316055 0.0917175190260042 0.12268419422341 0.309842829857381 0.122249064570889 0.44639758103938 0.110585966879483 0.372290290345572 0.0569500844720605 0.344972094415134 0.3594263955311 0.194227153675718 0.0686541237347719 0.0481536455280299 0.171267392356669 0.178934189782087 0.189247170653698 0.198386446644865 0.249524778843752 0.201052744301273 0.304459929301373 0.0817303797450913 0.152614165820648 0.126513528978975 0.0635043110168613 0.434397202429942 0.380986524299408 0.180008734428014 0.154452466557686 0.007730632651932 0.0639065048199117 0.417002532638045 0.257358415028889 0.371370314244513 0.274731061912381 0.210312991734418 0.140141236992019 0.144377320111219 0.153980333900318 0.0900561755474629 0.0164558535790547 0.209680317652882 0.0703457172616683 0.0348802206364126 0.0782169616522691 0.0963365617975224 0.328665935167673 0.139165854354837 0.339750835930938 0.124362346302778 0.0862354022683567 0.0686844211816638 0.169606232440768 0.283214239335169 0.0756509105974839 0.0283647261394109 0.0277437782286998 0.0482863821440214 0.0389492787578322 0.093945312501490 0.105721890701234 0.0188519361384592 0.249996670464233 0.0554725154861807
0.436016552036191 0.0142902503772329 0.271693561396570 0.618533681596775 0.331065348906618 0.0361375990945919 0.113529646616789 0.0549823262975241 0.0770364431252799 0.110954422804734 0.511486893611721 0.413055256197982 0.107919081913664 0.144642029810869 0.252256612456568 0.0947795568310175 0.388139535670767 0.727399257724706 0 0.458206188901001 0.0466483834224852 0.108728714326089 0.0303393226119891 0.228179181035704 0.499609169010852 0.200549538918911 0.603712028054783 0.405026202428538 0.140513802984312 0.132436129673477 0.281686090429346 0.145627478570764 0.126021484628567 0.119837052745747 0.197804285629496 0.123703174975688 0.0518837261179597 0.0910476140297057 0.0768189237709774 0.156037159376809 0.0202786738190485 0.31502213055347 0.127614173374494 0.451179778166374 0.158258441079467 0.298853472107644 0.347183153130158 0.240407984830475 0.0504709682224258 0.0916431092916207 0.334491918665225 0.0533111082441552 0.173744171970737 0.0756759988364812 0.186456116240845 0.1566824394929 0.438777432732155 0.136882915682977 0.111935317393967 0.244365176332837 0.102274189105426 0.166666657273280 0.410106202741419 0.273854878433798 0.072047746120815 0.0763962224681598 0.149344104790925 0.453875452851189 0.157815419315803 0.483973456602238 0.195570867079903 0.0789699893140052 0.258681858158404 0.0503704098026951 0.108768657560122 0.100644080592617 0.149757256707935 0.209998404225504 0.0635110429838297 0.221474189227175 0.0811077894133384 0.122925931472544 0.213555316614691 0.0680048501278285 0.00435916415772871 0.00495401844775666 0.141847033327072 0.175301601061080 0.0761124086954081 0.263919322777742 0.138700098213555 0.0131710223208249 0.197198394094064 0.0879208571633968 0.0180443159703526 0.0880777120887398 0.237707133944793 0.0122040470776565 0.266244939425731 0.0424969651983043
0.251168849668015 0.287695687194215 0.396926109420742 0.570379131997075 0.044292686373352 0.276744868448104 0.392362448316963 0.0648295945561658 0.0535648417075898 0.0707490650062566 0.198247424676654 0.194476797119101 0.395676548154602 0.417208860429245 0.465700197943584 0.396346105214382 0.508887651017592 0.446339321581169 0.458206188901001 0 0.436730974126474 0.208369521403615 0.121456053605162 0.281415146003739 0.189011217813419 0.233404765912752 0.408444282529742 0.553214317558639 0.537687385168215 0.383491415305691 0.423142553482861 0.218955513294668 0.26381247920245 0.203031981187556 0.380239722495997 0.282630726774267 0.185116896767614 0.202822090502134 0.266928453411615 0.099921871201029 0.0513751290830109 0.168354882047224 0.370289526158229 0.239900010360837 0.223211523715936 0.353117049584832 0.0510147175611212 0.00105243081157995 0.0114183699509578 0.0341263534088668 0.139834216313336 0.267964214104466 0.297194178705142 0.0420068559757127 0.0317305056122743 0.100383060473122 0.298098143618801 0.0123135686838554 0.122408207989608 0.182020651936188 0.102507618241289 0.0895532310213935 0.114639941528486 0.157567824742406 0.0144525057235326 0.12370946768028 0.140463352669270 0.0972405555433713 0.132621826963918 0.239894535070321 0.278671009364127 0.157464252047047 0.307768933238645 0.212213631897076 0.115158533716379 0.130505389220317 0.0624360750274805 0.00539912196486474 0.0282810416292364 0.111160137788041 0.0672601783546232 0.0493869824013945 0.0447507717691427 0.191078942486647 0.040196479900109 0.266195288422052 0.269705738933655 0.237738334422107 0.186536699834607 0.148141937922954 0.338317888256977 0.291868605162005 0.0589918987610602 0.121563068708445 0.0417523663291621 0.00430094538881479 0.0227320736481751 0.00459580427725923 0.177928278803500 0.185128353392137
0.0494012053692531 0.147980686176471 0.144801397808082 0.276084038310323 0.118863601261996 0.0773903789395802 0.365999063474836 0.104459836375098 0.10957507064422 0.0404119880531443 0.0546990667312723 0.00257621641111245 0.132807988325571 0.592261740101847 0.371368085963104 0.433855496481235 0.249977408312821 0.188672757349116 0.0466483834224852 0.436730974126474 0 0.471944703373679 0.127604236394699 0.103359877107767 0.062773642945832 0.164985943730912 0.347277220662848 0.7190975523436 0.686867073794337 0.272323702162155 0.3395075631076 0.591557436965972 0.271486184032019 0.395441026412071 0.745341316963409 0.168424931020874 0.0625644129576386 0.105133596207108 0.0835266325520989 0.217637588751683 0.225673300026686 0.488779519219867 0.69104888682452 0.0362157984083325 0.351476116160558 0.386879841420177 0.407689181147980 0.250073051391552 0.34886132650909 0.223350977279106 0.209463091234780 0.307998132835604 0.0796912665107338 0.237570573512194 0.204460666072549 0.244904358528125 0.206773461284318 0.321898901744487 0.206637963911914 0.279560476795893 0.257831734093739 0.268049588289902 0.49515655847386 0.474727342550224 0.459840585691355 0.228152580774416 0.0527483453519153 0.337637105575723 0.294339505007835 0.318047779123225 0.70353143644566 0.525402414205198 0.194343099438361 0.162279729537274 0.577195658781322 0.133036879278020 0.198734762853234 0.353788646957454 0.32084208749782 0.219628920578758 0.152897404870960 0.282211286493376 0.157333817040906 0.284454781263232 0.403797470955145 0.825721052462955 0.512751390717434 0.409299272075957 0.507293868559728 0.372302446957299 0.464038883150281 0.358289773701992 0.323541786868752 0.442574854621517 0.404275263110049 0.434641533465516 0.312275607805358 0.508207198285246 0.489988426067921 0.242966916359998
0.185095259009474 0.201041002787183 0.124860067776882 0.129039931365523 0.0285504065872716 0.045641177923192 0.280553772998744 0.37699719533404 0.4135087223252 0.228626488678198 0.296642608272041 0.302680521824011 0.159830333647359 0.298810734971987 0.381517633234309 0.311975957441713 0.306661259402343 0.358088876511912 0.108728714326089 0.208369521403615 0.471944703373679 0 0.320817187901458 0.117705241481929 0.315133242817183 0.532668686586864 0.272950176267242 0.412910011657591 0.547839914333719 0.244066599005381 0.295397512945505 0.701666114218239 0.221825761283682 0.700052453908398 0.577518491185257 0.0481771572802793 0.209052043238619 0.188460130362925 0.311030217052534 0.429906630393524 0.442344578625026 0.752689030279285 0.155347159922583 0.0788531166953419 0.304369882498859 0.312250903277782 0.158657723033704 0.199810431564539 0.23772113997643 0.168650078201551 0.234857159236122 0.426051091390588 0.310350084811569 0.286208351558582 0.463595512556122 0.179418091524808 0.113129202654369 0.174125333549046 0.218034687603916 0.247171150942865 0.345948160893584 0.280194828333545 0.160147571776088 0.293400233456032 0.80041807809108 0.2841588562939 0.194306931901004 0.295001450829607 0.480126420445208 0.235117349943308 0.564939411364189 0.786322479668718 0.144492553508929 0.060879169886533 0.510983410115619 0.146089075938396 0.482080105465056 0.234060261698849 0.158007193925685 0.220978160711589 0.229884741286960 0.276366367027364 0.235910476241903 0.321261130517517 0.774091514833444 0.481875465964399 0.112169456464131 0.0102161218471446 0.255633780692539 0.276314379446723 0.28436277274597 0.0264485921031636 0.123974599762495 0.107258892634783 0.104163986465432 0.240847157247913 0.211367228454715 0.422386699001408 0.332109824105499 0.0604285732224024
