0 0.265059848946392 0.275766875037865 0.444712491868001 0.197677150503922 0.214926017988308 0.07613860716912 0.070410659787964 0.436105734465457 0.366186066368934 0.516487721962545 0.408613257944552 0.466504664884029 0.277251686885747 0.0459237463710744 0.0442686636348767 0.0163482613642520 0.192760790802949 0.353276792622997 0.0078755275357016 0.184189945734576 0.0354097957121883 0.129089480631133 0.296877383451176 0.66971395546542 0.293986894307997 0.142181346562445 0.0434101091516073 0.0358781704567374 0.247206590264486 0.251287722919917 0.223157906894987 0.305825921785927 0.0288228464904186 0.101279685358042 0.101090331121672 0.0408821886606064 0.056867162516891 0.068643600965025 0.0705235396543465 0.192361219335485 0.0737343127292046 0.512996446074383 0.858464178300413 0.0889761368306931 0.200987042043228 0.304025991236924 0.526748415149458 0.372212678355702 0.0217768423697098 0.175252347800552 0.0169925473193234 0.624298617249154 0.214272268603150 0.251424356145098 0.0568704069110946 0.160517611663605 0.251338571134371 0.135554506710346 0.276938325008875 0.0240568322371578 0.0629298351462442 0.24734601755924 0.170862548842676 0.337444416747161 0.090072227404971 0.385770445722336 0.25396210731246 0.0805890173283927 0.0330583518990158 0.179924230819773 0.000647332883398112 0.295753623577343 0.154574796435957 0.112801963357899 0.287907354366862 0.0107356443572702 0.0566069800735198 0.15260653928838 0.297389809329799 0.289716622746365 0.173120858237011 0.0424582683026053 0.275043174241112 0.262357067189351 0.382098226710903 0.258838573241568 0.432941801729283 0.446762699302002 0.408300108933032 0.251583900986924 0.238584647424119 0.564894813517257 0.192780261100986 0.509619787912169 0.443448445079114 0.273218301423589 0.176510998247852 0.360935495539703 0.568448303129845
0.265059848946392 0 0.592101523279487 0.501189393138322 0.364751775035756 0.323230244470368 0.720680272246457 0.690023471232013 0.591517258482715 0.229866975760396 0.213621436918562 0.534285525267916 0.456699080068783 0.545914700831474 0.550024502791249 0.554071997054666 0.594306227527114 0.357206808220543 0.257062103266839 0.185736305387095 0.484065697508347 0.233786263730000 0.720504196280632 0.434940700119762 0.469228665841697 0.42341873790103 0.499083607901365 0.310677136275141 0.292944831629467 0.50944429768975 0.295027794562183 0.329508971099214 0.378380552936668 0.0950961148963022 0.147100568056182 0.740071405968252 0.64973452793191 0.708388657048241 0.876394030501668 0.49709668289547 0.698437439485422 0.0991330174804308 0.46142162983752 0.388718332989079 0.56240146669221 0.554925303812724 0.304851966773918 0.0218206340262078 0.280084031331511 0.542165512321029 0.432102349812888 0.443438653630482 0.0973572909459932 0.183368156055412 0.440612230082089 0.293815862570542 0.462298281751981 0.581947095395267 0.462200115872938 0.47080319129824 0.324858509265269 0.0321327123451948 0.35466306390832 0.40493582502314 0.312189276937703 0.700240164912489 0.586599876861049 0.249119467504538 0.280293158649024 0.243761806495628 0.226807936226569 0.227909637983530 0.149177279603246 0.504892947854838 0.350548052447300 0.0922011405683269 0.185689390402875 0.224944312772794 0.601255341611875 0.373638666450571 0.3303939722887 0.482169397595454 0.292943263617082 0.450063793746484 0.235117483060533 0.413884668739849 0.513377261358709 0.480469130980558 0.762366480574315 0.651463757589007 0.65201812591982 0.5862759414855 0.501918199518564 0.536683245088728 0.48230702910356 0.688461884518624 0.546639700617357 0.424877818066802 0.522252875670987 0.324525788782593
0.275766875037865 0.592101523279487 0 0.684005064806842 0.0953947895654127 0.317204020495403 0.71859538977739 0.407632100314035 0.574025493715642 0.140318388347807 0.321576137470643 0.462515358391812 0.506427056026487 0.59527939668254 0.668240937734537 0.475639271048909 0.26565880842181 0.348947354897038 0.508519611223642 0.378864049082832 0.518823795155034 0.240715411707625 0.704933425299002 0.422781446629883 0.454913862957237 0.492189656564007 0.641740625531154 0.541743839326728 0.319220400493131 0.336749578410989 0.280535143387156 0.381710811742632 0.353153961868594 0.285383420585645 0.433897656005593 0.451655489346167 0.484814059655951 0.454976337586891 0.467762336685376 0.412902798562951 0.605066271782867 0.231616890606751 0.510158264910457 0.475235169478782 0.471165708055984 0.82042348376957 0.466510415206644 0.163505585257116 0.140631333580457 0.697214142673667 0.461224659052244 0.420712447236407 0.0866427769406905 0.0484585868973295 0.580205283532627 0.0608639234968512 0.446893290944979 0.501517497461932 0.438185632819955 0.148846098232613 0.368273110137448 0.335689200947556 0.523339892113499 0.564887502792636 0.335309693482556 0.682213079569068 0.517297939227957 0.322658672079558 0.420485549905117 0.517830111057423 0.529017131673524 0.360421458763280 0.25304960398673 0.392193200720559 0.456678251760609 0.00527259728504575 0.460702029313471 0.456389850138694 0.262147033125803 0.309715061117727 0.117844184922144 0.340283030767798 0.353002367448070 0.361307044387806 0.194843643848326 0.586641556734279 0.694982909235628 0.629899737396436 0.558237355712024 0.576841597300916 0.541729258482806 0.512035509913657 0.511487176197585 0.722049606116001 0.579696569232491 0.543153086901265 0.497554055219199 0.552711758241074 0.543702952610845 0.243918762444714
0.444712491868001 0.501189393138322 0.684005064806842 0 0.326135956794265 0.693325329985224 0.365310803647659 0.339760601077524 0.436123968991917 0.0311076259761324 0.416974974297826 0.539836768523497 0.433541556526927 0.453286245132859 0.255108757088287 0.273139031866736 0.271038455455360 0.524038151193231 0.723198408339282 0.456506639758918 0.397687942361153 0.247777160064734 0.298745369458597 0.244777878827411 0.447901468656786 0.159457128757873 0.393884100309995 0.289292099706965 0.142126438394186 0.319705715099381 0.434333816121466 0.348365042797054 0.316722415467355 0.253787757608256 0.241996061393439 0.405457818020198 0.263567884916587 0.279782437820019 0.334235001646563 0.339139023337543 0.342609657568614 0.299005025338923 0.40157650744539 0.542282630318781 0.304429589410238 0.505534126412376 0.623422039969364 0.195207669250483 0.158181507314746 0.317233653800875 0.182169147673432 0.378610674108283 0.0251205496808455 0.0456828035701128 0.492333875331166 0.107211363653887 0.299342324138348 0.225103621751839 0.263758215888837 0.0695201043780204 0.47014789774993 0.310531934794070 0.415494313909445 0.374064772790890 0.301407180827162 0.251802188778280 0.349483227521331 0.289665984436645 0.0906685651884557 0.176876351878124 0.296248750566718 0.113050787281703 0.113690738357585 0.382234962846908 0.324167420504977 0.215114378347982 0.292767729514682 0.302241767823978 0.137609156967161 0.156869092042718 0.0341745771964275 0.180403944096004 0.229813807940248 0.136988050032970 0.238282979530792 0.310643425066006 0.368589437062679 0.52810809958128 0.588699003620159 0.595119356232006 0.492742627870314 0.475817106777161 0.504488436698696 0.383734052110416 0.565428533845982 0.601382875343633 0.491869941622405 0.264097352728567 0.431173857776158 0.381446501182449
0.197677150503922 0.364751775035756 0.0953947895654127 0.326135956794265 0 0.662395334143104 0.194516301523629 0.527776643652772 0.0359492154071741 0.0159288532424236 0.0196728910129201 0.299650693447362 0.202640311117115 0.320433699420366 0.0646703246336497 0.36028917291798 0.575737314079846 0.298632183483378 0.0257686354118005 0.0993375519695589 0.172379846369656 0.0667805596325939 0.0684815100936868 0.210239183707971 0.0146816385812580 0.0407573553964357 0.0972602723902892 0.0478138068800941 0.0314096268862568 0.647306374719379 0.206296039147538 0.0863947181826712 0.0835365379702427 0.0963909606762864 0.14941091054792 0.273962519084115 0.11810454941665 0.309360147976031 0.335356389342640 0.243491813833641 0.0379414143821183 0.0814439722792653 0.0560715386841748 0.130356534149503 0.163430980507835 0.0347032910662152 0.129589726299587 0.283753383226954 0.512364322623846 0.106140286076291 0.0672299943179797 0.109200585186571 0.044819807874674 0.224619204979181 0.108742865937267 0.315164746049725 0.356030304243698 0.414648642155142 0.32224055696342 0.527533282850366 0.231981029614171 0.212813568171948 0.124269160819257 0.0985558597162078 0.0252673215619915 0.0453963118705764 0.106058299052139 0.0637916704328156 0.0832315507759982 0.091319729307915 0.121847258500003 0.040326592288923 0.00210210663864416 0.155933077539848 0.115661445930627 0.00984206334074728 0.0425752267154833 0.0221073925085226 0.17913949728845 0.214036125634649 0.243570287594332 0.230955578753922 0.0710839366327639 0.216887475543956 0.0829930320895032 0.02148224864939 0.058355965708607 0.126435060899405 0.24699144300158 0.291603690020638 0.318825026323497 0.265046101712969 0.131133441012810 0.0651241418727109 0.0757798421522502 0.263876015490518 0.220836608453726 0.148336690275087 0.141211846405999 0.0378239906662665
0.214926017988308 0.323230244470368 0.317204020495403 0.693325329985224 0.662395334143104 0 0.0924826858347445 0.301204555519457 0.175730678426447 0.0120390339476787 0.341984253909 0.378756426619386 0.252270175821735 0.247627992146737 0.0219906991546079 0.154734738261868 0.276583362938706 0.459221487183348 0.462439648730937 0.254490088681145 0.149299024056731 0.127171918186746 0.00863770432406575 0.105598922372362 0.211387731923201 0.0478760135679770 0.0944124579100928 0.0166270955845668 0.0222812136059834 0.482992035719054 0.23483793386236 0.130997455464758 0.225067271989710 0.0685615450237711 0.060027999301589 0.300058688343222 0.0529202933759676 0.07702043072519 0.190664712399152 0.158073822918075 0.0211936940582821 0.106671127260135 0.123177998683794 0.271127055825364 0.076814166930335 0.189372578882211 0.365613549196006 0.217076622945999 0.168560812057297 0.0316503121988156 0.0399883897631219 0.314349275974917 0.0993225338758366 0.109907593909996 0.249077770888393 0.182361121104449 0.216235002912467 0.104423464073924 0.110208653797383 0.127240862082367 0.341850927397053 0.134157418848082 0.199533870046021 0.0898121983020223 0.165928372444504 0.0619994228171235 0.170089151288674 0.0730614832661205 0.139601959561338 0.113168300425205 0.0437247198804417 0.0265861055711097 0.0291150206684825 0.155878966647366 0.0965913205447391 0.0867296404174399 0.0297865832368463 0.0388797374657296 0.0193608297489683 0.0221785329783110 0.0679960755591721 0.0203541071867751 0.0673895398029283 0.0367540624648207 0.186971787569445 0.0533201067543439 0.121255013324450 0.33640458785335 0.364897015513695 0.361785541781541 0.323857972270168 0.249097533376383 0.362875202993818 0.0862596060021377 0.336339197852663 0.353031366420741 0.266657735382558 0.113741721378453 0.224711283734004 0.180491090872117
0.07613860716912 0.720680272246457 0.71859538977739 0.365310803647659 0.194516301523629 0.0924826858347445 0 0.668101250377204 0.682273090148336 0.234811128534173 0.146829726841212 0.411318240353403 0.34344895631481 0.583493737779827 0.862461375160239 0.716207877793028 0.503230703422283 0.299671145700184 0.202202228813841 0.331959154120245 0.607823325066958 0.364727058783556 0.906600914908598 0.490954533908134 0.314222587339671 0.547377196748411 0.642025223114237 0.562180265659856 0.510114209187648 0.303468503337344 0.295842198079623 0.467882349653629 0.132838748166225 0.347588494774996 0.373267482044723 0.480019199021689 0.785594138715554 0.763509634218964 0.705966987701432 0.517793491800332 0.805841177884571 0.266901214917267 0.469350588177901 0.248423463207012 0.657445722332288 0.681209522766391 0.209946216438269 0.047865344828317 0.202590252166856 0.83904303791758 0.663129119275507 0.36514947477697 0.121515279892114 0.0609482256621036 0.499222849054923 0.104767518781111 0.529848298082973 0.7343322642946 0.605551316944653 0.377117403155914 0.2824622365198 0.0833097933307691 0.442953370417785 0.635435277086783 0.395334079896483 0.880477931762478 0.509406781536 0.209791004839473 0.482873971010672 0.51327138252825 0.495521294783934 0.517730086989316 0.221896022420497 0.452710887338567 0.576710264335895 0.0407165789526714 0.486031340032933 0.490726946971326 0.372039459976081 0.532745099193706 0.438922358746943 0.610930768585529 0.495160015844169 0.615400706751135 0.308434818177190 0.625241184470513 0.735240027481274 0.467337565492414 0.56209191363908 0.576408764754296 0.625013569929796 0.455311970353732 0.347065182896814 0.786137124336823 0.455396732911464 0.561895001360095 0.570003178465723 0.591972332441515 0.561903515845392 0.201676135691018
0.070410659787964 0.690023471232013 0.407632100314035 0.339760601077524 0.527776643652772 0.301204555519457 0.668101250377204 0 0.482358938139718 0.0287652084477693 0.0555032682505801 0.312722221216328 0.163395167120605 0.363652537478015 0.510058155749621 0.59615335008578 0.572799632790148 0.235574523500397 0.197126551940349 0.401678466635911 0.431630574232864 0.177703269349617 0.590621523276145 0.376670265678139 0.178128667802129 0.281892519784094 0.420746980094274 0.2635762331933 0.232572410878705 0.454539886008643 0.318045479927664 0.276651136814608 0.0690949917313977 0.121132782630336 0.149323688315181 0.387840605652576 0.684354739746862 0.705345694132538 0.771686231232808 0.584979349234456 0.619240575863923 0.130296598229551 0.255636899872599 0.128144532409677 0.634938776018829 0.36225667894345 0.264631770294796 0.208099854693127 0.454191499392129 0.589011261969436 0.631569588927878 0.409481080067532 0.137041496472210 0.00506260759091354 0.344438414803921 0.0861680225595148 0.435595183206222 0.715759693406479 0.564113916260208 0.566885227232024 0.322193519155069 0.0348619315649534 0.338747647539245 0.398977192973823 0.110732408401977 0.626157486426757 0.347488459476769 0.184702670040145 0.291070845152222 0.329288971137516 0.175341571373706 0.234353988006694 0.124271499893078 0.409464953499723 0.351267298081602 0.0160482130471383 0.237521123713945 0.270711180226771 0.502043659581398 0.643873042903454 0.605260801898543 0.69950854563863 0.49455749053804 0.682398486762047 0.134323779243709 0.270883206787918 0.411302104998086 0.34495593902339 0.522929324270445 0.620329532803619 0.541783497204643 0.419660050804209 0.203272316408553 0.469812016910711 0.307900915013657 0.53701410034783 0.555042474704703 0.376760759012923 0.440824752568809 0.132604285543813
0.436105734465457 0.591517258482715 0.574025493715642 0.436123968991917 0.0359492154071741 0.175730678426447 0.682273090148336 0.482358938139718 0 0.198171820653087 0.449909247164475 0.624392089827785 0.449987445461524 0.623154853330667 0.66329690477802 0.430264993534474 0.294840013122509 0.35168393676077 0.419456874904371 0.302289533045983 0.605345235773662 0.173632835434776 0.621328035714536 0.592563482670523 0.501521117346008 0.476417136420095 0.577399258268362 0.389201293918118 0.253788054891697 0.151561122406175 0.332312707833684 0.335297232069801 0.0616921055963526 0.284654214372217 0.358645396482349 0.276024318735379 0.537832131501446 0.47077110093303 0.526591311699408 0.376885665876476 0.736452416140733 0.111219436701612 0.529502191991506 0.538793921327464 0.541317632481814 0.52341713959945 0.317340226302155 0.118281810985289 0.0292318189149881 0.62937467003445 0.580783058387044 0.457579264099818 0.0326790815204976 0.183200273170806 0.595346640091116 0.00334490634044216 0.526742172848607 0.446337436518781 0.346495888068748 0.179910645781319 0.308301061488551 0.226987386047870 0.404500444772835 0.559538301254754 0.316383566661380 0.63388548552082 0.658375101357697 0.274629646199512 0.385595200594622 0.479891873676782 0.43726883475589 0.277218576428478 0.161624265829438 0.366596942871745 0.368996833033669 0.103761740695604 0.401364487702475 0.431080961613665 0.185480317434497 0.323170592999214 0.273224261667016 0.417238674101067 0.453970365141746 0.391727545576455 0.249290439047218 0.585354226015919 0.668690630464153 0.582695044450316 0.621955737609611 0.641715028371593 0.632588395203745 0.469123502473857 0.519328634957856 0.71118679819027 0.662985432598535 0.635344993143807 0.55348344438132 0.55501406234506 0.606633695404065 0.522079879150625
0.366186066368934 0.229866975760396 0.140318388347807 0.0311076259761324 0.0159288532424236 0.0120390339476787 0.234811128534173 0.0287652084477693 0.198171820653087 0 0.0100921557033377 0.28397608958027 0.520759779071679 0.425331375271287 0.201692010843226 0.158795035010328 0.189254145727793 0.108800388107227 0.308555648901503 0.31801605180601 0.246092432061935 0.103350182633679 0.209552833440805 0.134275999319917 0.11453311413643 0.0276521979342435 0.0224261932295423 0.0657274385772637 0.137299697604258 0.242908239469447 0.00166835799987983 0.0608630407803363 0.296989337866851 0.119559701366770 0.0132927432841194 0.279280144735024 0.0177276749913436 0.167587429165655 0.062680436411483 0.0592458077680176 0.243361104260222 0.254450223648635 0.451662154948429 0.312356786987412 0.0110640556404460 0.202056038605115 0.0045953650870062 0.421354416467036 0.245787491750855 0.0304279491602723 0.0281657712050777 0.183461287569652 0.491326341961177 0.522938370090244 0.161884697915347 0.357438744248170 0.424371476874448 0.0658437131530747 0.0728322293438185 0.0583300129375719 0.175252636336679 0.384195318616430 0.0421949864868301 0.204154235439953 0.239763391934228 0.265064604536540 0.248219414029768 0.0708700157875435 0.0277136849493855 0.117451490433730 0.037097415347874 0.0794974154372451 0.306420870931160 0.0900075352175445 0.0688729925786564 0.150375333335257 0.00299225006921974 0.095023910082447 0.111833748677742 0.373733534033747 0.22853848777393 0.104942946565645 0.146568108553855 0.0952020490103397 0.0421725997257496 0.299737885285101 0.207028886807952 0.075322248439383 0.315641553172463 0.170502814301420 0.247640098034438 0.249572293580085 0.29956834658667 0.227710739290239 0.12427125102826 0.227395589404577 0.0490949702518281 0.197869366809302 0.355239534118027 0.135519748594930
0.516487721962545 0.213621436918562 0.321576137470643 0.416974974297826 0.0196728910129201 0.341984253909 0.146829726841212 0.0555032682505801 0.449909247164475 0.0100921557033377 0 0.448327039432465 0.373107708793267 0.323845580684792 0.105672486391746 0.0327771045585089 0.0174570961091686 0.329389624149585 0.509720392457968 0.175141395492661 0.173602844998378 0.134339298976128 0.189399244827590 0.253715488486795 0.538983111939103 0.363791606997868 0.36033431874431 0.102370879858037 0.0180485639134433 0.120340466872624 0.284431182049357 0.181077413092029 0.0664690617657545 0.148938277928628 0.0606325512016512 0.103288341445206 0.104194488403172 0.0380707635640757 0.0750508636592845 0.0579577060398938 0.156256465902745 0.091858211627059 0.175594874590884 0.467103250597017 0.0396812994329185 0.217091375717163 0.265150659852777 0.217509854290487 0.181408223342058 0.078244650361432 0.072141825000965 0.264154785816368 0.0405854449388454 0.209984846050253 0.329702292786602 0.256721051453913 0.0870588657238816 0.0433591172355168 0.00468845146414664 0.127367740664580 0.237151044330737 0.347145489728111 0.205705680979084 0.021317383918187 0.250136126964368 0.0584431306358970 0.436782825543549 0.274065086266610 0.123562482560349 0.211232536854562 0.199996460340018 0.027423938657351 0.130076512732393 0.293429233565197 0.0966532687674554 0.189219445898479 0.0801324028361747 0.00992910516476926 0.0987373302090232 0.0638559704647338 0.131890068202972 0.150881440107933 0.064882631721653 0.124454831757801 0.253799055187649 0.268288458902539 0.327981367799135 0.552816225475752 0.319447720154919 0.260936995828246 0.228673937884223 0.176298677846004 0.573737356089765 0.223471970557411 0.566544549231511 0.352049045418561 0.234728746425167 0.192170730257676 0.217593195175434 0.578511792448828
0.408613257944552 0.534285525267916 0.462515358391812 0.539836768523497 0.299650693447362 0.378756426619386 0.411318240353403 0.312722221216328 0.624392089827785 0.28397608958027 0.448327039432465 0 0.698112689714663 0.740738267812016 0.367173727144159 0.316660326083841 0.32623088161964 0.467130418827659 0.382856420428788 0.0989047529529313 0.58324132994099 0.064836497992065 0.346311831311305 0.440479060321378 0.319328594216919 0.157571438312013 0.431355152835845 0.369615356662351 0.283646065602392 0.270855201789611 0.323184790228573 0.204497730939183 0.235058473861909 0.201757444982882 0.275911911677943 0.297217117111019 0.124976483149528 0.361184177909147 0.414634631256592 0.0820758424411193 0.462616299528804 0.119326043094832 0.525326770344304 0.480243589714968 0.127092611476518 0.500393476785584 0.459348297260159 0.0295239163334933 0.0104299914425364 0.355869394937878 0.295705036038563 0.340572350922498 0.0395365613057422 0.0404927123017424 0.681048524184499 0.253819783371415 0.582165033133945 0.208116753004843 0.208939501727649 0.145918316327000 0.377295478525328 0.166010567528824 0.36825448511119 0.459490950350863 0.222162960136965 0.383129165492548 0.653375131022587 0.0834231418687978 0.0516807175541137 0.236573779874023 0.336659728483266 0.139033410449505 0.0203372585724234 0.309058755634418 0.264586531469867 0.00988758022856994 0.306842369750394 0.411480359304960 0.144155200872564 0.0611851564694897 0.0636554609625158 0.0477196188793976 0.0739067718027374 0.126181062881510 0.192527417863903 0.454563246750336 0.537883292215974 0.468760512781944 0.505434989952739 0.539918516216098 0.622495060713615 0.566867648526149 0.548710546078593 0.524587612366282 0.549227481538053 0.529003243937197 0.403607248147573 0.358948450877547 0.51752243992781 0.430098228621225
0.466504664884029 0.456699080068783 0.506427056026487 0.433541556526927 0.202640311117115 0.252270175821735 0.34344895631481 0.163395167120605 0.449987445461524 0.520759779071679 0.373107708793267 0.698112689714663 0 0.810639506385597 0.284740981593783 0.149580228660935 0.166822721114586 0.0191315557718105 0.132360422726765 0.187689944645288 0.448029056393629 0.0303032452321773 0.358737102460778 0.485594025516043 0.304342157959974 0.16404817656714 0.353912266556757 0.244099762077185 0.197570864702946 0.219502227640057 0.294145614726971 0.290323050009845 0.49934189181041 0.166247899987226 0.228054756011104 0.304612832050434 0.093012917222158 0.235892053592989 0.255612757959851 0.114529024371947 0.389321374899341 0.0276280687500857 0.529637358226526 0.480578218836792 0.0711355301237143 0.438425994314992 0.333934549496108 0.189792601294505 0.0762533341514798 0.271306192114544 0.139273137206396 0.0435215953957894 0.28544124498974 0.322524616473242 0.424662906546724 0.440829988196174 0.586415646601355 0.088636695025721 0.0464474036405551 0.0009028866031335 0.104362107442871 0.0228856582447702 0.331546239089613 0.40193847599637 0.388612530152854 0.369939651908724 0.641823078979415 0.0746631995343726 0.0129162478896441 0.195673389153878 0.293103673476808 0.152567525071551 0.0878489316492689 0.159059627448994 0.301189203988335 0.0194638202641189 0.281181742476667 0.332800962116433 0.0601373191953516 0.212473543752769 0.130896308459248 0.00482033703540551 0.00919126582020156 0.0412000615573965 0.165074779884361 0.511276416616355 0.532447408363884 0.480032891488643 0.557062146852746 0.408974083440338 0.569764210245578 0.63230611526284 0.592808175395188 0.500590692432228 0.529824921113411 0.525502363862077 0.23625913672501 0.389597609531498 0.550829987074373 0.322337104421843
0.277251686885747 0.545914700831474 0.59527939668254 0.453286245132859 0.320433699420366 0.247627992146737 0.583493737779827 0.363652537478015 0.623154853330667 0.425331375271287 0.323845580684792 0.740738267812016 0.810639506385597 0 0.566250786880896 0.454871204122052 0.368373546335724 0.2280693003426 0.179684098652417 0.118236339972592 0.60286864118779 0.0945601004402235 0.53701768608876 0.622871029695043 0.249522320422424 0.270520766591196 0.539450974143701 0.456638478046379 0.333576286796783 0.339369100492798 0.336873046878521 0.309075592799110 0.242465459769299 0.245778511333884 0.285158133038984 0.338141647401887 0.276757696369732 0.414178221143369 0.398171540880495 0.240809566926800 0.5483193346897 0.0445108317547808 0.500389921199341 0.38597958578453 0.300846537504203 0.532866260167388 0.325318070067056 0.0308747721258274 0.0806530840381428 0.526197035806149 0.389320220135624 0.158031647212376 0.0361478299760294 0.078596133483509 0.55091497928477 0.330513321366687 0.780713985222557 0.420217411926098 0.323551909636048 0.217051183490814 0.225819201569963 0.0187166088127337 0.449900285955951 0.582403458805567 0.335080445705255 0.561329736889854 0.704974521710481 0.0231935842231469 0.187846746973391 0.389733516991254 0.42363218062248 0.333387531104401 0.079711980767936 0.222647659271875 0.386653095101148 0.090672424871347 0.41084007426654 0.444826762412101 0.072943240503878 0.087811009871717 0.116361538523111 0.209269710899730 0.199901844685768 0.258637999483058 0.187605141831077 0.632095413091267 0.702196097254554 0.54595502177227 0.534504615843752 0.459031664620696 0.688687391460704 0.605194288902133 0.586358505101242 0.70311447354531 0.563537330563273 0.513779615395331 0.359388080668093 0.544902642863445 0.572873145654993 0.328475436172383
0.0459237463710744 0.550024502791249 0.668240937734537 0.255108757088287 0.0646703246336497 0.0219906991546079 0.862461375160239 0.510058155749621 0.66329690477802 0.201692010843226 0.105672486391746 0.367173727144159 0.284740981593783 0.566250786880896 0 0.666744689093322 0.382930866410207 0.314067525699946 0.254089990597842 0.442179212220795 0.582224144897525 0.335427005911401 0.786723214337395 0.534347904237465 0.226575207507209 0.477597486380708 0.681548834061063 0.619174619232643 0.523822279870979 0.248236849641705 0.232612466603784 0.384499733650897 0.0858701936314882 0.227777151040933 0.325322922431122 0.332881987067507 0.672113134685744 0.555336606469765 0.568458234284401 0.297996106494612 0.727503429163159 0.222318437987346 0.489799677673151 0.247293690397619 0.557915393756106 0.655732463751531 0.171245783124573 0.0973554909342177 0.0288344025832586 0.859066330043655 0.636115634810079 0.298265059395037 0.161803940239743 0.127556549057616 0.487631012218593 0.00337285759853948 0.554744866522934 0.687355363895887 0.594173305491593 0.311900458202189 0.277011335946148 0.213255076632998 0.51872466418414 0.623221295163355 0.36050145641759 0.78795757958729 0.562705007571636 0.143921514759525 0.435101687822933 0.626284553357392 0.582989891610271 0.607107896029509 0.345731136063004 0.316101371246865 0.49230347506892 0.0259025583919150 0.443571651650931 0.417538760079379 0.304470210136953 0.451023749386003 0.373978237199132 0.482255019831707 0.429611552227558 0.549068510887961 0.333188657108595 0.70085065443267 0.755520307203914 0.456774355097995 0.338735431206953 0.387149437950495 0.490463133220795 0.37417264469629 0.302911575010243 0.798618349577522 0.473518688752635 0.351123901421956 0.417169229861699 0.56450014716036 0.438011024367058 0.097859808608119
0.0442686636348767 0.554071997054666 0.475639271048909 0.273139031866736 0.36028917291798 0.154734738261868 0.716207877793028 0.59615335008578 0.430264993534474 0.158795035010328 0.0327771045585089 0.316660326083841 0.149580228660935 0.454871204122052 0.666744689093322 0 0.774807108357842 0.54183466866827 0.225865816434017 0.505453277954036 0.650757659559798 0.285075402619809 0.607114432368765 0.322905277581881 0.233677805210949 0.387551921166788 0.476222686961346 0.538348294817888 0.441607442556056 0.280745239907645 0.233184056580642 0.280979190962163 0.060594002790668 0.177796236888554 0.163170848507785 0.331581262178417 0.493515579879375 0.6655627035798 0.567607311228204 0.504849759738918 0.577177234434579 0.268208689624296 0.271368622474752 0.159546177584894 0.526960992382261 0.461935447641467 0.231810625670566 0.26612184617893 0.36509395511267 0.54662416193669 0.490804367925913 0.221278771638292 0.188520214306682 0.120078161323242 0.435134616087914 0.145041966928793 0.552269583777769 0.781559228099819 0.842165534355337 0.667415472103416 0.476917642012268 0.057738178987892 0.464254822628869 0.500282006346016 0.163191564614342 0.585179197317624 0.357517272399027 0.343790681939834 0.373706440679725 0.418304147922842 0.450610890135543 0.42711628469762 0.268915668539794 0.376222707270156 0.368285852955966 0.0387072574535089 0.246463640590215 0.255643388618696 0.405353192491084 0.459259476534314 0.426790420734641 0.551280841454594 0.357408951470583 0.586450236045057 0.275544556237173 0.415499593714021 0.498806447004096 0.385678238622718 0.306783189929451 0.399304254967414 0.392509583096847 0.206325490101183 0.296024036019055 0.603770153211419 0.390116617328674 0.296957009505599 0.413901291090952 0.344188063085735 0.242395379442818 0.273663302080992
0.0163482613642520 0.594306227527114 0.26565880842181 0.271038455455360 0.575737314079846 0.276583362938706 0.503230703422283 0.572799632790148 0.294840013122509 0.189254145727793 0.0174570961091686 0.32623088161964 0.166822721114586 0.368373546335724 0.382930866410207 0.774807108357842 0 0.526722603326417 0.116101587496736 0.190211126391778 0.389597143132220 0.0942603355504295 0.393908520744853 0.175312981195529 0.204148671587161 0.28595222983998 0.260359328322856 0.267373293679916 0.160175820001898 0.29888210720931 0.102548200214832 0.0834384270413716 0.00430773715888928 0.103615561834012 0.145251327138633 0.329825194838708 0.431010788430482 0.67736809364274 0.604657861739647 0.571377578451555 0.457599820185993 0.0948581839085377 0.0490567832483613 0.05471729753359 0.517526454789331 0.266634379345429 0.100302764047155 0.157593258799608 0.526801820903724 0.300835316440396 0.376612354726764 0.178745007956885 0.0234403411775575 0.123243525221577 0.257405899608158 0.0751732551767933 0.448757121513953 0.68921016312816 0.631566012755557 0.779391289003922 0.338617371242796 0.234068115294456 0.152711700880388 0.205778015289653 0.0529764594353956 0.413358005617530 0.226506609940215 0.239102657375433 0.276388858771347 0.078239643453349 0.104147277522436 0.138816210648118 0.0485842493497897 0.200840684778236 0.133006997908111 0.0937091081043448 0.00368880288981159 0.00681593497798459 0.460580857165636 0.440222471600818 0.442150289881745 0.574842157256575 0.319249965187307 0.478749405683001 0.169758746841843 0.101995892041139 0.193832115063076 0.147793221117800 0.350351219958492 0.38111856174306 0.322175132319121 0.17370103739339 0.220880447745809 0.284179067488865 0.210405350591166 0.341386971764242 0.399309827407813 0.102123493993621 0.169674430857083 0.183632171616263
0.192760790802949 0.357206808220543 0.348947354897038 0.524038151193231 0.298632183483378 0.459221487183348 0.299671145700184 0.235574523500397 0.35168393676077 0.108800388107227 0.329389624149585 0.467130418827659 0.0191315557718105 0.2280693003426 0.314067525699946 0.54183466866827 0.526722603326417 0 0.600870127637057 0.530653897384279 0.460975726865728 0.271483232338839 0.222020879328995 0.0884523283727743 0.349012152299382 0.265126582321207 0.250926606062463 0.366346391518856 0.28591246313928 0.224470912024272 0.131853466843397 0.176841644007403 0.0884000109955304 0.139760195960494 0.178398278051325 0.165440726546878 0.172663552382441 0.27164990737933 0.33212804382755 0.231144532491027 0.291758668894533 0.374756790007934 0.219594497912852 0.321328251302117 0.312555842631127 0.352263296791988 0.362502792594938 0.283649344256436 0.233575167487897 0.290651294873231 0.210758328549265 0.359525806712148 0.146087173029408 0.323267463387626 0.495321789745072 0.276969359323668 0.205864330236405 0.373666968668159 0.479346400807028 0.398726542243448 0.629474010016565 0.256344047451209 0.363104468562754 0.279289582209454 0.153713677600023 0.171190372299808 0.220518451812496 0.375847284349303 0.227613120418688 0.125790990346845 0.331017378666493 0.239516287003589 0.189378918936595 0.301818585387325 0.205515686880438 0.133476837637005 0.138346932431825 0.116632183837477 0.339857364647811 0.293376001868017 0.163523965204057 0.227471028523916 0.266555899183175 0.24329108172754 0.350578989158892 0.241768379129069 0.248643230383409 0.31923802331953 0.201618441748798 0.320003920372114 0.207666526089235 0.0295329941176274 0.269491977432091 0.286049505282989 0.413354739542003 0.257301496607889 0.382147151929687 0.0846597505597677 0.05995388145009 0.396472589023091
0.353276792622997 0.257062103266839 0.508519611223642 0.723198408339282 0.0257686354118005 0.462439648730937 0.202202228813841 0.197126551940349 0.419456874904371 0.308555648901503 0.509720392457968 0.382856420428788 0.132360422726765 0.179684098652417 0.254089990597842 0.225865816434017 0.116101587496736 0.600870127637057 0 0.6007912866209 0.333941264154073 0.243142025876286 0.136219320692568 0.127692817940346 0.448084698551469 0.217451981715282 0.396316979239956 0.29224511333879 0.0511530062379356 0.257327859857908 0.317494065611477 0.224235598484906 0.117807604838209 0.222748413891018 0.240294765608873 0.0731331623208199 0.215651961800713 0.100373706085596 0.203017002325397 0.253919142173655 0.267574134968663 0.326596631751081 0.252575665026681 0.481336184815848 0.27557406768463 0.399920646403952 0.538526654470506 0.250562610777632 0.00079832346408913 0.264743360692418 0.198177025165162 0.471807747499935 0.158063744252460 0.337171489189303 0.389895249167730 0.277648829619375 0.0874427534434338 0.175395124875937 0.29863949437328 0.03465723537511 0.533947940965288 0.650166618552132 0.381756617351402 0.237722428593205 0.180123863499496 0.0716493502026572 0.284387117499882 0.395379165550994 0.155097476177585 0.317658385245092 0.314286985439923 0.0383906744039843 0.308419410936126 0.267025241092455 0.193713591061283 0.292111103500704 0.217704071066061 0.213497472750622 0.114870454729700 0.243848465417017 0.0223380561929290 0.182424200032629 0.298679393965832 0.169772589151393 0.239227292001541 0.228004488249719 0.309590395354386 0.478242403371386 0.317219250400107 0.381660020763559 0.283228151095474 0.238786838625067 0.368953350199149 0.291740471595268 0.566745837413159 0.338650735788262 0.362388978927034 0.127814936703316 0.226596555076161 0.435367073969028
0.0078755275357016 0.185736305387095 0.378864049082832 0.456506639758918 0.0993375519695589 0.254490088681145 0.331959154120245 0.401678466635911 0.302289533045983 0.31801605180601 0.175141395492661 0.0989047529529313 0.187689944645288 0.118236339972592 0.442179212220795 0.505453277954036 0.190211126391778 0.530653897384279 0.6007912866209 0 0.438926704732558 0.355089868107139 0.280033335258871 0.236709100980833 0.18814521948493 0.201009295457167 0.454593845056197 0.48272023791637 0.317875941109814 0.187764481857829 0.277312170924102 0.271949707989581 0.209350189113418 0.249326200921742 0.230966793457676 0.0283890588331513 0.341617018420772 0.143234956207003 0.249339317830076 0.252623823112875 0.278670335118002 0.428067497682355 0.254293095919392 0.202971673022873 0.343959580446699 0.251530585520646 0.409304025854901 0.455887857222957 0.187400217320628 0.446595307638248 0.331139643962827 0.365324040885973 0.368789890930773 0.529363810914358 0.389409029664326 0.47160695049849 0.170994674316195 0.449088388262066 0.570145591779344 0.199265314090651 0.551111340989519 0.488014266715954 0.587266877188433 0.356069672161226 0.0904271113518266 0.210962564473317 0.212851948714441 0.373305806677755 0.227056203566433 0.51704783413678 0.49307517214067 0.382919884816884 0.430180076288318 0.391408370648567 0.298997106068819 0.287927932602914 0.196333079331568 0.203872408618718 0.263663870320977 0.499989032574424 0.340982649224677 0.317601839921128 0.332052921657871 0.43147111627801 0.278604521858222 0.371616826644853 0.360148558872039 0.387944639732884 0.0562647677068497 0.2055555025796 0.129308288160555 0.0425794853510138 0.0945921135964694 0.399039148566929 0.393890130533329 0.137777643349739 0.286019013298668 0.165638463187467 0.0115356823360688 0.258375997988042
0.184189945734576 0.484065697508347 0.518823795155034 0.397687942361153 0.172379846369656 0.149299024056731 0.607823325066958 0.431630574232864 0.605345235773662 0.246092432061935 0.173602844998378 0.58324132994099 0.448029056393629 0.60286864118779 0.582224144897525 0.650757659559798 0.389597143132220 0.460975726865728 0.333941264154073 0.438926704732558 0 0.44568614523632 0.529655562699181 0.497255698968136 0.222060368913496 0.203823699376942 0.401435852157261 0.546669964696047 0.630420179390323 0.231626577498289 0.361533495712215 0.549485793532701 0.132970149290950 0.552250231120613 0.626615520975254 0.285866043317436 0.315499550701704 0.497811838379562 0.404624191094686 0.320232153967113 0.616797670517081 0.391498565899749 0.69349945130849 0.444555610610048 0.365801423360969 0.589493333149495 0.521785179366382 0.247469272821414 0.143583928340419 0.599424562044877 0.492186605283402 0.330536433374557 0.130321881605453 0.166810273682256 0.721549442980819 0.0339206444849016 0.618252323880656 0.532260404900486 0.620185194190932 0.304599719227250 0.538092007941048 0.292812852709022 0.720947722861253 0.855969317337056 0.412240418922248 0.524909090679175 0.565325295352479 0.211575423400688 0.185554389404885 0.469813436679759 0.67086985410754 0.544766746500359 0.159093548910812 0.498567186146964 0.624481627426243 0.088815701715728 0.602127768260879 0.710572618581482 0.261920743004966 0.201950349696116 0.222195988972855 0.339592322588638 0.245320470165935 0.454690864767433 0.412368832674391 0.658665325199747 0.621866337143823 0.421985499007593 0.441517784615955 0.438205387860817 0.564321551986064 0.372288914567967 0.351949299448958 0.70521709575108 0.530731311567673 0.489359564541421 0.475628725094815 0.504889565218439 0.442567751433751 0.372804142587285
0.0354097957121883 0.233786263730000 0.240715411707625 0.247777160064734 0.0667805596325939 0.127171918186746 0.364727058783556 0.177703269349617 0.173632835434776 0.103350182633679 0.134339298976128 0.064836497992065 0.0303032452321773 0.0945601004402235 0.335427005911401 0.285075402619809 0.0942603355504295 0.271483232338839 0.243142025876286 0.355089868107139 0.44568614523632 0 0.378309856508450 0.356263182100671 0.225444117549898 0.306992257413891 0.271429100440056 0.44298283516313 0.71575504583655 0.175518818188428 0.465403852450894 0.878726073616357 0.0886712516111367 0.541468001582908 0.381679991241605 0.143303973712710 0.328160162127561 0.220455592302969 0.237970423660177 0.0898339630457585 0.233768833986228 0.790716126054182 0.403139381062313 0.195664749897114 0.296813214617146 0.349074635700637 0.310927073065981 0.178531379524106 0.114046518003435 0.423171091686494 0.249470958944206 0.0841460512235296 0.120826609055828 0.241300319100964 0.279321175069198 0.0692062050646217 0.202291376293231 0.315685824175137 0.408315392203586 0.102748384069476 0.381997590613031 0.276175093478023 0.467937416492701 0.490095079952505 0.794607466628156 0.277002312326749 0.233453051598690 0.173762832473745 0.244360677887825 0.272587303396425 0.609285178303814 0.726088288947006 0.205621402478636 0.558150036532885 0.80502405104614 0.30457161794014 0.504044843450571 0.399227361839951 0.235375751468628 0.307944493475643 0.127402558116019 0.242299007835136 0.281051223154245 0.228433238822771 0.863698417779008 0.442144373411160 0.315238849468777 0.200044759585755 0.173924269175222 0.188856532799088 0.29968882730468 0.127695103436494 0.141584698453906 0.325147113100284 0.226533335395381 0.255094874424710 0.326305776252764 0.279779612373208 0.171273131843723 0.155753397011340
