0 0.651352703668386 0.643706702172685 0.575019919236417 0.449571649927965 0.52225129204307 0.594784666048283 0.465518245993033 0.270338238885614 0.299335248391122 0.604324639266835 0.670010048474202 0.571643500100005 0.476282191602067 0.504994219209347 0.350008693616422 0.291318815986267 0.128138655776627 0.191247699662519 0.206276640500412 0.519949458755271 0.353506614414531 0.70602440220079 0.64636774496832 0.795422083965289 0.655485103598245 0.708093893769435 0.704815175597895 0.658649935041124 0.715154129641365 0.48926750828019 0.585874885249461 0.431505610188304 0.327527493259857 0.298023540846426 0.618336024942695 0.484040825497692 0.491339478771322 0.491513514366984 0.359498885774575 0.545129025494704 0.481247862494908 0.114423836091225 0.887942406009859 0.523883668773714 0.346185593522737 0.131310163795238 0.540014707962793 0.517356674461479 0.313262814154641 0.350025055431301 0.569284593703053 0.434629312903191 0.478158489019983 0.430989815250371 0.55647502793927 0.583096506247188 0.331297863870875 0.277816280101812 0.0496114044888682 0.114577821118294 0.426276763219651 0.254137802897773 0.55278932202801 0.421070196575315 0.719507382741771 0.717745268103966 0.742410491421813 0.352137651998365 0.699369791619308 0.652120013532059 0.6847837385476 0.685456076937527 0.269029520307234 0.59927654420336 0.526850518817711 0.231296259874327 0.165112113495906 0.672651945356381 0.390178760839147 0.432828421371615 0.346977909634825 0.542639416906847 0.652605690733103 0.412895412263402 0.180542801743958 0.759521686146455 0.670317670057348 0.647700503906623 0.540316819331123 0.594220393876062 0.486943373044177 0.509125537011105 0.715141692117129 0.58415107978148 0.350974327207738 0.398544376158419 0.287281728349326 0.353071786017640 0.334532634258086
0.651352703668386 0 0.498901955268507 0.431793186923014 0.351463878346109 0.455929909618283 0.655668115292824 0.376343998518178 0.534719884338311 0.205658982783642 0.510666728532193 0.647099111165367 0.381048270109506 0.445879129295341 0.549140847712426 0.377795137959559 0.308114389163365 0.0143513858796417 0.0333465854580333 0.0946527552223538 0.378092660812801 0.433700865130234 0.734231816631476 0.6054269251759 0.785174751598834 0.601735132057571 0.550683130983101 0.555349766297643 0.563897016385673 0.536137078892842 0.416110331896135 0.584051119326001 0.394778218493289 0.510742119561906 0.280228683934258 0.527328357349359 0.578037036845378 0.701563303016862 0.515856848680235 0.649466933665676 0.759603213859427 0.479709783490992 0.00465618358452289 0.702978167483642 0.777197481024334 0.192218009925119 0.0556098956136423 0.423789156000739 0.442653260301537 0.326113715627158 0.39439222821843 0.688834415999166 0.385693424833412 0.529799956863925 0.515699744118397 0.564878322809112 0.538773391049827 0.297176583044116 0.215626523186484 0.0242735100384687 0.086264089932442 0.100485959524220 0.0691714358920096 0.538948978027712 0.451518585106471 0.742440830567125 0.652712862039748 0.728604981792439 0.262439745756523 0.524252798501308 0.540724215852755 0.581075894996202 0.626126548845599 0.294981043520748 0.572987215047119 0.592964671524525 0.401908944885684 0.194530516171702 0.600741539736733 0.568540613225327 0.52129170977942 0.431660333475792 0.72360570093879 0.80848742014004 0.478640879883333 0.163018956242905 0.75552518484626 0.694251942768261 0.681016980459567 0.622722566607643 0.716583876319411 0.542100204662567 0.457957151226726 0.771172767277137 0.62633219447284 0.557415039992395 0.529073257778318 0.503947792371459 0.384433647000332 0.357432065098352
0.643706702172685 0.498901955268507 0 0.800236706558719 0.341826422617882 0.579369305113015 0.784874749248291 0.48993430251523 0.357098601919827 0.0636927442911097 0.144046497943984 0.399186038811116 0.0349363448109068 0.111653869010871 0.772114095330331 0.698253833675288 0.580463796699737 0.371059627791047 0.230279874305730 0.504955832132057 0.26380746802123 0.150402514566217 0.776001999484896 0.248720556151438 0.56239406373229 0.448485432030757 0.552105359552634 0.680418762722368 0.634941626642369 0.423023194766961 0.273846647474954 0.578826341798432 0.00390343224273078 0.119994941409832 0.287505185116894 0.486970056918568 0.551737063114443 0.59022406862616 0.541214917761338 0.331011710059295 0.54582251452026 0.302732688816277 0.296374969983796 0.619709696684782 0.344123310714334 0.57393823555352 0.363632895898809 0.582229224645022 0.575949222559288 0.433574857153402 0.413659252236461 0.587857397624541 0.384114578429169 0.365858773078743 0.293418997694417 0.352708376911033 0.235760382351074 0.467805399678688 0.379419702043540 0.260111100426106 0.246100299167376 0.260170954918118 0.370508712921696 0.289957845220880 0.50735412296285 0.688573220325146 0.400861656828382 0.478552419848813 0.159666394877256 0.506557287833629 0.676819513322719 0.589629150566973 0.511393553831831 0.248444442974355 0.473341677460262 0.196654836712607 0.00122503519152246 0.154802517750233 0.554831105360513 0.522593083355715 0.345761795926216 0.375160681837878 0.413742398383509 0.577198499544226 0.244680302800037 0.391142998792929 0.676835993863716 0.445909435500016 0.331718634704899 0.278746518309302 0.3650311604415 0.444165738926207 0.164235104078993 0.654464644908073 0.406649657227274 0.000578846664784379 0.097189471943555 0.099200102720091 0.23021709289315 0.0619930080797414
0.575019919236417 0.431793186923014 0.800236706558719 0 0.407673534416435 0.688630249955169 0.683460978787787 0.44048138439402 0.47295457872808 0.124281025423647 0.054635051952309 0.318502569990571 0.137072776479509 0.121405005299402 0.756254545414413 0.773212460905358 0.696613228263689 0.645048364363947 0.522232352491449 0.684207511700016 0.266393163441416 0.00632144808104817 0.56830082850262 0.104247480234936 0.506955547944106 0.347920663846625 0.491650544221946 0.56321529300051 0.523270634981983 0.364782963377057 0.161987824591486 0.442723584802492 0.221433501030092 0.133356059854605 0.317543344230456 0.558175945697244 0.645300246896238 0.566332920214397 0.561397485749993 0.292035429331508 0.532727796781113 0.232259762118188 0.422070879834897 0.608607889915841 0.312515838126821 0.326055727409483 0.308837943320977 0.65010472585126 0.598821920231763 0.159423257308674 0.517000075084255 0.596287425175513 0.64874906370387 0.520546364922728 0.303893384769732 0.49497608214068 0.291083519035636 0.193824611641329 0.0462393200023348 0.144259460646965 0.0717272515514714 0.195148537442689 0.299596010937362 0.252955991073849 0.488627841755796 0.520382047817593 0.337906164513629 0.470134175966159 0.131249577448994 0.447973529270397 0.619907476792201 0.46996819596314 0.46406539696502 0.168288036598161 0.219014337045736 0.186181208657893 0.111129895165336 0.117970790844441 0.64697671186074 0.579144955952909 0.338262525098321 0.385424948322627 0.400188791858083 0.490779475397850 0.0944357111830242 0.428442943655833 0.609141929638742 0.53323043185545 0.502787420775185 0.259406540540361 0.283678085681755 0.44754520574367 0.354808162273456 0.554638880101268 0.556056239065892 0.136539548334977 0.178742137532706 0.125669674235742 0.281885225310637 0.277287710136198
0.449571649927965 0.351463878346109 0.341826422617882 0.407673534416435 0 0.776284568467306 0.201966235206734 0.455919701832748 0.428800920227407 0.475413890304024 0.554720835268226 0.557299146338756 0.410209782660904 0.263333373579936 0.178378064236242 0.169576588679022 0.324673792937129 0.201798253228845 0.289829145311026 0.331340294900038 0.483527881435137 0.0190914075182177 0.269322105773527 0.133603970026963 0.202070912245431 0.155438747672598 0.265257836543485 0.347254767173167 0.269902452756247 0.462193710545802 0.146981766687919 0.107222348685954 0.417015037325524 0.0252711279177255 0.0300353139128686 0.510728500084572 0.457668462951437 0.367116160105841 0.422865507724925 0.151010742240574 0.395517687648836 0.0560294707472556 0.346320141196968 0.298663992417558 0.457463320678541 0.373381076599617 0.411511393801005 0.715380606915169 0.679353154246177 0.299486551837984 0.566477645680131 0.497552849235218 0.188011132496903 0.387639005668098 0.226444548954802 0.0328033413954775 0.0939663601519136 0.218408223825772 0.140923754514063 0.129345868253606 0.185716552417132 0.250113029357148 0.296200238731297 0.141180657552723 0.104508615179682 0.302331738249076 0.0918618274446245 0.109100519001067 0.133057320033074 0.216617234108247 0.344845593504395 0.165474672259727 0.411891897387493 0.145699103539258 0.0819578850587461 0.0530127291346407 0.0406414342328813 0.0999453704055993 0.454898177561702 0.526975223472590 0.268716686071704 0.405405078714149 0.27217086223473 0.335787279391296 0.0928828122686082 0.223794072759728 0.340585125687028 0.234440881427144 0.306847498673272 0.157952239645876 0.216227546131341 0.410510292602794 0.252165253562258 0.405472442841738 0.321397589556269 0.136605973738816 0.0864063472588213 0.0397392255803928 0.298047830844007 0.196158951842042
0.52225129204307 0.455929909618283 0.579369305113015 0.688630249955169 0.776284568467306 0 0.496192648759984 0.633434601716651 0.636265615172741 0.360191293211568 0.404435130238127 0.574676338574895 0.185356414773045 0.0872852104333886 0.484451355752212 0.437537061153869 0.558269849385492 0.421110851729112 0.354934157485675 0.510217973749508 0.482499678380887 0.0172828686437895 0.429606622157828 0.124181040380522 0.401698099741798 0.264583127158766 0.336350421543534 0.414498013903917 0.399659080881054 0.505683192047493 0.155783521739106 0.285027853035699 0.163919556498667 0.0490338189309671 0.132953283662119 0.629124382385946 0.728729746163528 0.569898348132528 0.600709002328317 0.32968342962773 0.616779560974079 0.141142092906471 0.45064292855209 0.43584980860446 0.514079680065519 0.477723436324566 0.414445785566159 0.81965377379709 0.743350481644445 0.386067567465144 0.692391304804763 0.706886735834338 0.468321866922408 0.573104442062104 0.336037520298165 0.184149417285871 0.0897234466391222 0.324286945924646 0.139781273727274 0.216006261537594 0.161873836929843 0.208553791530782 0.277948760968236 0.229111289201706 0.364266055831328 0.463539316215762 0.210206673698006 0.314918803693401 0.0495755468043407 0.260934447852584 0.398173578854983 0.257543170897325 0.505082863481357 0.178410194514587 0.185172162666382 0.0386425616144994 0.0740104914955328 0.135023126627401 0.581080544454434 0.735248473687003 0.367302722710737 0.450533496183804 0.371714740835747 0.490785583690288 0.0213871818564604 0.378964064981200 0.536985965759367 0.408977941251553 0.496816202865515 0.24646773718658 0.281354925945572 0.523734942107165 0.355714260759156 0.560580075775346 0.463972361486242 0.203723733493859 0.150723380574569 0.0547084332708365 0.441888695666993 0.228349942924103
0.594784666048283 0.655668115292824 0.784874749248291 0.683460978787787 0.201966235206734 0.496192648759984 0 0.547071127049434 0.582636158424383 0.0712756497686175 0.311009572169264 0.435949299327513 0.0456935280681547 0.197591485331311 0.92187949173479 0.748447023998776 0.418753568610084 0.253998842862697 0.178102089199655 0.46900809453653 0.4087249247209 0.319643992818277 0.881049977116984 0.395783643942696 0.64440939894177 0.544974733031497 0.610225372799877 0.569063731973772 0.684274456036466 0.423954951955733 0.285365229394933 0.723604878365572 0.0276258691598355 0.300938084070400 0.483817351204475 0.463198940181917 0.65432689357127 0.616744014492215 0.631761694733623 0.511399286866284 0.704510411274782 0.403410972111123 0.301036751176755 0.671100834822779 0.541119399195509 0.347904112698955 0.107608804175172 0.460299744071088 0.524832790312623 0.47653788085848 0.564586182839821 0.7478574605334 0.509966225467401 0.534652969426773 0.355750231349586 0.497859322925619 0.386349314914898 0.513258002747268 0.413104728856832 0.159537037166155 0.145341139740032 0.0984667854621389 0.293577648857451 0.517393052931155 0.65574178010436 0.814742605831151 0.53368568518148 0.62529150676257 0.247576088988988 0.582701857901583 0.622374003022388 0.69371937097731 0.573657872445167 0.243682423752205 0.641288763640639 0.347981370139466 0.142594939470782 0.344299823608748 0.494949199759341 0.652925336488386 0.449117172593049 0.504914401412181 0.593826155874459 0.770401147216657 0.393877559926101 0.488718084339214 0.750904168369825 0.57473170598419 0.49346487485005 0.480244930811229 0.49883810937305 0.482010183141825 0.269297530737241 0.764510052460517 0.500674330466548 0.169151016133332 0.277103700078165 0.274847240242788 0.341606928017691 0.174880699820740
0.465518245993033 0.376343998518178 0.48993430251523 0.44048138439402 0.455919701832748 0.633434601716651 0.547071127049434 0 0.58821178218084 0.35028810512014 0.473919357983682 0.499793571177382 0.277937827041065 0.24626293965554 0.428914158695124 0.329866775854588 0.137474223003785 0.0806378936164329 0.125907362554962 0.442724389904108 0.616628388360672 0.134999694332271 0.490812367820167 0.323037881943128 0.398568260047752 0.253983428577731 0.419846241581112 0.413270089322057 0.490409728602256 0.53581684423896 0.050550695943936 0.387761515731610 0.195522292701170 0.0141646861607603 0.252012214113287 0.428140587663998 0.569410698058356 0.41920929299011 0.57472060325514 0.298071296517533 0.59629703396402 0.249533557327654 0.467318389740231 0.438829493328355 0.411590386614610 0.406971054330331 0.27959132621464 0.580777184541288 0.522712757743062 0.378838088754477 0.682582277825107 0.66468034940462 0.454031041601447 0.539546171520249 0.249503431236508 0.213407754453565 0.205908828213835 0.334640880456986 0.263284861814162 0.0394935234450744 0.072758661318603 0.138648816508054 0.291226124289418 0.352602436876460 0.442995898938228 0.502888917201418 0.364953849814804 0.388768843763546 0.0755901496233607 0.408999053967312 0.440227385214236 0.42798605293774 0.596282098734638 0.179937875244670 0.42753949149782 0.104215879171318 0.0420353271308259 0.253921059194094 0.409218406179554 0.540271126941707 0.165019340512643 0.300584103071599 0.272271076632449 0.476575199034282 0.0399260268127001 0.441613435289666 0.520059719256105 0.340848242432465 0.420321545600282 0.292767604343267 0.256170630371542 0.559074367930417 0.309247404159954 0.546965527744772 0.282768803720197 0.137665477329421 0.121782853864691 0.0335902810619413 0.513258460141954 0.197009585928984
0.270338238885614 0.534719884338311 0.357098601919827 0.47295457872808 0.428800920227407 0.636265615172741 0.582636158424383 0.58821178218084 0 0.273211026981033 0.346712685739679 0.532260628576028 0.0180180375780059 0.182875459397745 0.534480518951003 0.4283367073384 0.411053655262581 0.184574302101317 0.185231934020424 0.356906934434141 0.414828710061965 0.280304785065758 0.482870270467452 0.199239624288798 0.464508802754486 0.402969292425424 0.356025472109004 0.378811278081614 0.32126999874625 0.329061577103246 0.305281825430048 0.363303676546564 0.171085668233584 0.411342661132938 0.302070620822201 0.403691786454268 0.668415813918988 0.576270100228884 0.589585873343676 0.384693765535744 0.755994661056958 0.258035356556758 0.220649011567866 0.320827127507419 0.591902568339888 0.175506781583751 0.100039980216289 0.53778976735732 0.492567540579637 0.338296304433471 0.739943493204014 0.775888655743823 0.507178566798805 0.748959435490622 0.569425427624767 0.293825239061718 0.237335421008892 0.271251891850461 0.179216344961762 0.0421145924814835 0.111465142955755 0.0629197989542443 0.106889160695520 0.405854895861308 0.388209265777632 0.505652226343961 0.260900299074126 0.427762373128393 0.170347192516115 0.299624332061741 0.425111754031238 0.234627125788104 0.34777607296463 0.375309109055424 0.277868477776774 0.236101698855273 0.224788274184133 0.376462064431686 0.357627099362475 0.72915217849274 0.409559330492374 0.430974495450861 0.407051750110095 0.592083434603899 0.179165453014563 0.28938123747249 0.618629799833353 0.486190582851927 0.538572493187803 0.513884228746643 0.482831843557523 0.412385035228229 0.28275157830699 0.598094610602882 0.484617169300783 0.433790600271049 0.376283838302276 0.377941514676854 0.392595274539248 0.264313638659737
0.299335248391122 0.205658982783642 0.0636927442911097 0.124281025423647 0.475413890304024 0.360191293211568 0.0712756497686175 0.35028810512014 0.273211026981033 0 0.664393488406832 0.62403795415784 0.566808845389486 0.589766751388528 0.21019116199355 0.311629840606017 0.112418637469494 0.217575581706059 0.0607068057161553 0.160099352203848 0.288655589886199 0.392814032824832 0.0198200461057144 0.152720753325634 0.170040879088246 0.14337979685598 0.233786618580259 0.284857608173817 0.150507943421989 0.308336970182139 0.287523330498629 0.057266727026482 0.678472186144517 0.307128361957968 0.0343553698407993 0.0343175048037032 0.0319599352128455 0.0487519024071685 0.0307671797861478 0.0830952739467432 0.222855023291056 0.212484473632575 0.0925548227421339 0.149318078886323 0.357651927581814 0.386347724951708 0.262640006408802 0.340855957867658 0.243087799381553 0.390454111941118 0.204899211498909 0.175180776176094 0.0889968796439333 0.305542623678123 0.410146340323515 0.18825809219924 0.0318708210891294 0.289574032041244 0.372766132479528 0.0813767157000844 0.355301020150014 0.40708563188457 0.201854068972073 0.162029166739144 0.0321556735473070 0.144198881492308 0.00501958982091531 0.0799308592304559 0.00854315216458947 0.167953385587485 0.160137864225025 0.00968482774265186 0.0562423352147593 0.337982189951305 0.182051892123171 0.138716421684498 0.382336222855825 0.238015042600316 0.0801632530701236 0.155176090795018 0.244200880147761 0.119572707530531 0.0896226514265137 0.18895589551822 0.258540748553862 0.128977293137272 0.266939487084148 0.0209880699412458 0.171768243501785 0.268757014624538 0.277582102828447 0.0222123886895659 0.0130114184557350 0.278963997101760 0.0207782777114748 0.296881623023157 0.235803764621048 0.263683867532545 0.278704234031303 0.0847387424934524
0.604324639266835 0.510666728532193 0.144046497943984 0.054635051952309 0.554720835268226 0.404435130238127 0.311009572169264 0.473919357983682 0.346712685739679 0.664393488406832 0 0.778699468822548 0.80202869681571 0.756614791749217 0.0954530724658602 0.0356629239213936 0.136550821840609 0.281258234028292 0.00120155898075483 0.0388612755130451 0.635107949490276 0.478935386753385 0.458764253468774 0.618751318051759 0.455483354455447 0.384698893382338 0.497806949430845 0.437238162631749 0.47147396435286 0.58790067683721 0.340840553679216 0.370361735641914 0.731044697489243 0.384922499005004 0.273315145547302 0.296023966121384 0.264072652513269 0.257945327425228 0.243550246308598 0.317264071888276 0.436051521917814 0.374060817716141 0.0641484210012655 0.523891375571552 0.554303129855733 0.225105943919492 0.0585690331370213 0.384326197719208 0.441270124528312 0.339810287393427 0.426576486425275 0.45463349872706 0.177841051895211 0.465268181773427 0.446251211376354 0.266239372505628 0.501542827468007 0.284158345939187 0.341271232050419 0.0769883363603463 0.121009637357596 0.299704214763275 0.149492907255430 0.592971946943913 0.245699185686268 0.503272268912972 0.496322428347823 0.409691162809155 0.0688683918614289 0.482621555700241 0.367871948149592 0.476766535597076 0.514828950847079 0.223830316928969 0.54286650932387 0.504871116740728 0.459612212154933 0.362993908442785 0.331821515992045 0.289354218270986 0.269515020314579 0.240871126708353 0.432494921756076 0.52392639016572 0.338363378020433 0.140231922353623 0.485546739076815 0.392616411923221 0.462348595561255 0.504828838486256 0.494740907876845 0.264537725407224 0.369050536151257 0.560226476721568 0.360211851093093 0.392209604367785 0.341980551127528 0.305689947335358 0.308660644548196 0.303531520797935
0.670010048474202 0.647099111165367 0.399186038811116 0.318502569990571 0.557299146338756 0.574676338574895 0.435949299327513 0.499793571177382 0.532260628576028 0.62403795415784 0.778699468822548 0 0.586505850656515 0.66232609611671 0.268083861431403 0.153872839517003 0.248072129605259 0.0204319988357517 0.126468262223425 0.062765593193095 0.583795180823853 0.520689191447775 0.616478352602952 0.527816906737051 0.623433649684273 0.467662808347996 0.565309873198246 0.611737798577874 0.530994686726613 0.624191062502013 0.519861968783986 0.485194708155025 0.666342973480542 0.514337927586623 0.317802462831189 0.338314048852094 0.387564899539386 0.492861894560842 0.419035163824035 0.380147740530804 0.640411151624805 0.421650544748009 0.046223861244948 0.581945178543713 0.629996537657635 0.33043703194844 0.104081963374698 0.555097217179829 0.526921641894789 0.356488425576982 0.481604954011053 0.626173403228988 0.358410216178606 0.619557055095633 0.654123557075642 0.378864407387149 0.51171614281928 0.295253237161202 0.324172977504559 0.00511152252854219 0.198125888615743 0.358085083082186 0.108431760170416 0.592745550592807 0.321438652354918 0.5876997115997 0.50510943372553 0.550070159063046 0.224318799868613 0.554816615526255 0.54262718206244 0.454505878198121 0.543076900656531 0.389002468808559 0.538611687892175 0.540752054616138 0.456498869746831 0.329156958573918 0.468662313867576 0.424968789808262 0.462318559623837 0.360756252404964 0.553129963692704 0.687266658968546 0.394045784755723 0.107478328578739 0.723877904174764 0.549959569488661 0.592360798058588 0.670250583243003 0.630737433873418 0.454872589109824 0.33658920605963 0.689770932953132 0.478971584137477 0.540016467094847 0.483907126166686 0.472489898766806 0.417286646038475 0.242505476313325
0.571643500100005 0.381048270109506 0.0349363448109068 0.137072776479509 0.410209782660904 0.185356414773045 0.0456935280681547 0.277937827041065 0.0180180375780059 0.566808845389486 0.80202869681571 0.586505850656515 0 0.770950196692842 0.166363903093505 0.282485712625983 0.287355607906965 0.498380931739437 0.287775182879866 0.356968352739893 0.456647915428068 0.357140932362337 0.284941477315561 0.67582403410196 0.430126071319387 0.373887308192961 0.268821214753641 0.315575066854484 0.253863109126917 0.597570055684982 0.310350152438966 0.234241428674860 0.77532611361048 0.249278465030715 0.0321836762074507 0.308182330806958 0.0684020995366784 0.133020020942342 0.0920777750209255 0.124559257002377 0.201883890100276 0.213448831107081 0.171921631899122 0.385250068706523 0.414697941541758 0.230921106145610 0.0133800825603156 0.153120556442706 0.249665218965713 0.188976097789409 0.127419566085369 0.186352109353418 0.0525878256465857 0.111976066337399 0.228712719830398 0.173398337889242 0.442880852425804 0.183276945328571 0.241228375324081 0.101975548879521 0.0361767814969987 0.259798133283336 0.0190197598788604 0.436641742956304 0.0248873443541606 0.375087787837284 0.50827642593716 0.366397138411414 0.135576526263737 0.274926875778709 0.189520112153567 0.318116593931534 0.448237157721473 0.0788206142334727 0.414640276345944 0.447227914412289 0.319837250308994 0.0571217098014988 0.260275966723225 0.080566513966005 0.170985199815759 0.201370063857516 0.288928610204956 0.319659850237904 0.243830470996674 0.170527832127890 0.261970024754673 0.251162665979063 0.305535736434534 0.318416008913611 0.398280899552843 0.144532903975265 0.392722506826488 0.314927838065241 0.196780386983634 0.265044612834926 0.24154680109496 0.146614289633264 0.238714000617301 0.2299540808441
0.476282191602067 0.445879129295341 0.111653869010871 0.121405005299402 0.263333373579936 0.0872852104333886 0.197591485331311 0.24626293965554 0.182875459397745 0.589766751388528 0.756614791749217 0.66232609611671 0.770950196692842 0 0.00801335381007725 0.17767464422834 0.166083316964868 0.527057243579639 0.305992390989977 0.378581141621106 0.269960498859632 0.607557044528195 0.420906267039801 0.583581784751646 0.439054648132821 0.423701682883014 0.359802572693978 0.488294741342485 0.341498837082620 0.396049618850283 0.523409348497035 0.315558737533193 0.821283787968368 0.566917965616569 0.178223769524799 0.110426894675793 0.0168260268456202 0.185106765877786 0.0828821556129231 0.241299632503099 0.273319315378975 0.358177468193724 0.39740194694101 0.360120310939496 0.483337686894811 0.326820711677911 0.0900322521085306 0.107722982912927 0.281946279431869 0.409187688671453 0.103622510307615 0.217525099204171 0.159443308861963 0.148526432024837 0.473960472717951 0.100482336345103 0.407076842425815 0.417098020055778 0.554118573617332 0.131283538506667 0.39160336465842 0.312741469551569 0.143229923541836 0.520104098305580 0.0708027168352382 0.47516069533332 0.423208228595093 0.416379322020172 0.334074123303020 0.399303939506209 0.398051118481408 0.327809962946276 0.232728905413454 0.40043838105603 0.518109425863879 0.567360872748853 0.669896965077581 0.321214276854475 0.150337311359929 0.117727069189337 0.387811349647899 0.191517721682130 0.358048698556565 0.426448684620161 0.487152954091359 0.227789005794098 0.401638638207815 0.290927332040889 0.204362186851250 0.458836019690963 0.556857495728475 0.0336218430764157 0.122321734011822 0.478045637813832 0.158497627383131 0.343090663667435 0.368198444719777 0.457736508329519 0.104965689887807 0.0461818607083475
0.504994219209347 0.549140847712426 0.772114095330331 0.756254545414413 0.178378064236242 0.484451355752212 0.92187949173479 0.428914158695124 0.534480518951003 0.21019116199355 0.0954530724658602 0.268083861431403 0.166363903093505 0.00801335381007725 0 0.864336747235184 0.614607608184656 0.453173184286218 0.305024368647103 0.578724071344022 0.288638819974435 0.14519999963917 0.739724457096572 0.227042142510747 0.532794196205751 0.440221962004439 0.4820550036561 0.496197967148618 0.589331728541432 0.27972069172541 0.210238737910346 0.572433554673276 0.162200199435958 0.222807068168572 0.415246924737879 0.489129730388614 0.68233907480065 0.633416740341018 0.615434606433495 0.43940948005963 0.63220696753587 0.298780284298678 0.328055360438242 0.602700381185359 0.433780226228413 0.311062493710859 0.177137652414944 0.469982730568249 0.526306314296915 0.420700016977816 0.524286394716029 0.698762651297356 0.492273333953337 0.450434537885229 0.231367731814825 0.428815572808093 0.244558437009119 0.506400394118209 0.357397241930066 0.266598858563638 0.170030627710632 0.0632865835792432 0.364275823132813 0.360655059419771 0.60482787700277 0.715674752347504 0.403590203906702 0.520911704444944 0.219487291212464 0.475618846781286 0.584434368965924 0.569962258097337 0.440869100105031 0.183889924246221 0.467107128616063 0.220799935192526 0.0205319509093735 0.297869628281312 0.467635682827743 0.651539486591711 0.469030817242202 0.445220630129676 0.495185326058658 0.639237900835156 0.276680068384966 0.481511006830648 0.656311945960583 0.513842304059763 0.418620809291412 0.35732448449657 0.382977173429911 0.418495597574193 0.223688335103597 0.639472559799652 0.482702305817842 0.0882625329283186 0.230603469174727 0.168349018030331 0.244377395970084 0.149501266656980
0.350008693616422 0.377795137959559 0.698253833675288 0.773212460905358 0.169576588679022 0.437537061153869 0.748447023998776 0.329866775854588 0.4283367073384 0.311629840606017 0.0356629239213936 0.153872839517003 0.282485712625983 0.17767464422834 0.864336747235184 0 0.619560867537687 0.547743189124408 0.43319664895415 0.679226103922205 0.240160306090633 0.0202648882535047 0.5751691730813 0.0187888228016599 0.368431917604024 0.260013917677186 0.358242170457173 0.369586061689774 0.487899307418436 0.157838125279621 0.093936139549545 0.425634420599095 0.287524611430918 0.160485587312356 0.433351912556836 0.400678153123259 0.58534134078517 0.553243282098314 0.59532666901335 0.347377344829945 0.516193484111673 0.131113594250849 0.387769889993457 0.477077105731982 0.245090186368228 0.227224764465299 0.150604147197678 0.433755824504098 0.463639758811773 0.171374634152097 0.457100881470965 0.575652371662921 0.560408702023816 0.45191914482836 0.163741990265138 0.454632560638654 0.253149310895745 0.295156079635137 0.200909588368204 0.153597909014958 0.0264177651798543 0.00196970011790871 0.344448441319106 0.242027312252626 0.533515927481295 0.524716697445534 0.242108276086121 0.357135345036756 0.105310829471154 0.366924575637551 0.494422819319707 0.460684318383409 0.383507424067533 0.139788561011454 0.277516926549265 0.165261055765486 0.0613708294454683 0.220174117370639 0.444810908784545 0.517222398403348 0.358805466903540 0.355462922052316 0.411036826145145 0.491464564024496 0.147632705938884 0.43674085815153 0.529885596857274 0.413332173887285 0.343426078536466 0.240348391802509 0.226954836215257 0.344682013696735 0.173446597601232 0.480420204950019 0.405814319630722 0.0284449522739549 0.132805946016008 0.0634546641579927 0.231981013305596 0.135737747715193
0.291318815986267 0.308114389163365 0.580463796699737 0.696613228263689 0.324673792937129 0.558269849385492 0.418753568610084 0.137474223003785 0.411053655262581 0.112418637469494 0.136550821840609 0.248072129605259 0.287355607906965 0.166083316964868 0.614607608184656 0.619560867537687 0 0.705012924444204 0.44115930313885 0.438690135398124 0.00124028811354750 0.0126221872256109 0.310177480132288 0.0810576484726214 0.305134968756197 0.203719474302472 0.190669259920694 0.392632033233202 0.296364830980345 0.0544795356755475 0.236387882376455 0.174054382667171 0.194566046919682 0.180742695832958 0.130022437610840 0.414671095282535 0.496867786023597 0.502811385824696 0.465569967824644 0.173323290422929 0.387384430328476 0.103688345571172 0.132018107990472 0.340248170959244 0.287670001056820 0.295335867922322 0.312320641033922 0.50585398534949 0.509140033948745 0.212507311765114 0.347145871486359 0.494078903310095 0.349669827454902 0.299810725603773 0.280627449593095 0.184607290858639 0.0406377055448495 0.252398637216242 0.124028921942962 0.4203159530681 0.323228912059635 0.167189657240446 0.246851898879892 0.0182149536564668 0.232316949364442 0.31381768736266 0.0628214546860743 0.268720579743060 0.177315587788621 0.208713157568418 0.409136039858962 0.143228850762496 0.120524552770097 0.164749800437139 0.0166795435920703 0.0169041746524790 0.0097640921829953 0.045895080436938 0.497355559909999 0.514372649660155 0.460838604838785 0.217147906708087 0.241212638817376 0.313176341057036 0.0798437942665157 0.107793881524031 0.443760980799918 0.347116102604006 0.298895265508229 0.255956644089243 0.1893891524358 0.195532890440994 0.081988793007051 0.350816139088484 0.370215327450934 0.159669585525635 0.206839945684598 0.145754977723657 0.156368186867725 0.0767217664513228
0.128138655776627 0.0143513858796417 0.371059627791047 0.645048364363947 0.201798253228845 0.421110851729112 0.253998842862697 0.0806378936164329 0.184574302101317 0.217575581706059 0.281258234028292 0.0204319988357517 0.498380931739437 0.527057243579639 0.453173184286218 0.547743189124408 0.705012924444204 0 0.845773670345145 0.713178901356992 0.000451655510705195 0.263469651287195 0.0142459770171982 0.399408429867215 0.0580647175159524 0.115357694853571 0.225563163886261 0.141225775648225 0.185319431027500 0.123241197180916 0.0682909051128472 0.0120151805009542 0.525330528862455 0.0785204709858985 0.164119645516213 0.175556994768358 0.218193050643224 0.100469166021233 0.223500812117947 0.00209328780637810 0.0755163031560103 0.033144879190704 0.426062568258752 0.25906366379292 0.0808521674569979 0.0601079030781005 0.280276774256407 0.427784557541029 0.286761154610004 0.0467066790677886 0.200801236655988 0.180597321285015 0.385290093456164 0.252714697717153 0.0095734316720116 0.0984760484134543 0.103215166998394 0.0356089082523628 0.111829533375358 0.215900155635627 0.101950965566318 0.298050128423779 0.323397969402314 0.170198636220640 0.199312998768484 0.0611026514247991 0.199145069196521 0.0404204494539225 0.0720575370846546 0.231539376759443 0.220474508548508 0.103478269864535 0.0134990938829094 0.0355049696936545 0.208297616573331 0.293698883787903 0.307972375776440 0.00570478933528459 0.339958642725791 0.208228177791140 0.0424183965396221 0.0699561367350667 0.0168169355080061 0.0206160892622071 0.093574860708991 0.331662193168596 0.175254795555443 0.0825479829458387 0.147734888110563 0.0304779622803194 0.122278959266401 0.177176789263807 0.0102230302932532 0.090812721142757 0.188574307875215 0.00812214098104005 0.0305762485323439 0.065463357160157 0.139241239063326 0.0125199532593401
0.191247699662519 0.0333465854580333 0.230279874305730 0.522232352491449 0.289829145311026 0.354934157485675 0.178102089199655 0.125907362554962 0.185231934020424 0.0607068057161553 0.00120155898075483 0.126468262223425 0.287775182879866 0.305992390989977 0.305024368647103 0.43319664895415 0.44115930313885 0.845773670345145 0 0.681846363730699 0.101160756866834 0.175558700680629 2.57199016622785e-05 0.331271712411570 0.0935398431956732 0.112738935398642 0.359568474896106 0.164733381826876 0.199372776078317 0.100422201497295 0.0443089116982004 0.0430910005378649 0.296037735883658 0.0521905610550722 0.217491355215282 0.0253144398844270 0.102012163806007 0.00832336045979367 0.111101634891928 0.00240049582445228 0.0635543756890662 0.0569220465600388 0.374061532355279 0.316783004907185 0.0521318835706099 0.0281457786979925 0.283190768290765 0.428260010145084 0.270406986043412 0.0511265055643363 0.215862398759887 0.115745750277849 0.344649334104383 0.349343397770236 0.0865063151936075 0.0979775185491227 0.00680789714167306 0.047674856305948 0.0169739865447459 0.0701269056797496 0.104903500874116 0.474624803848247 0.39501742243522 0.0742462535419859 0.144899298438203 0.0694698546585727 0.190205488511711 0.077055207616123 0.135323801468152 0.351415246293408 0.265462907871205 0.147421553125666 0.0380342316086913 0.0908943743853078 0.183184273169814 0.151535420191398 0.145932932255470 0.141267243377449 0.233889708920401 0.110096466720268 0.0482921503122267 0.0868098474924602 0.0295195303308169 0.0113465676647321 0.0244830361358289 0.292763057383060 0.190265764301646 0.0493712201410442 0.159778968876557 0.0544929558537709 0.0753109003585877 0.101949238601290 0.0308127907560079 0.122887146790817 0.176312129331582 0.119950097627583 0.130861727059159 0.0464788366726848 0.136717654152661 0.0194648317800070
0.206276640500412 0.0946527552223538 0.504955832132057 0.684207511700016 0.331340294900038 0.510217973749508 0.46900809453653 0.442724389904108 0.356906934434141 0.160099352203848 0.0388612755130451 0.062765593193095 0.356968352739893 0.378581141621106 0.578724071344022 0.679226103922205 0.438690135398124 0.713178901356992 0.681846363730699 0 0.324092086044926 0.339425016015097 0.239483874806573 0.255160003633639 0.0138696273145056 0.0488978085403908 0.31976069562853 0.227333823888763 0.448043735119478 0.11530160543393 0.141550035289506 0.238269814546102 0.371658302553368 0.139003949770322 0.26431644794124 0.314294242123046 0.441401556996361 0.234049581492698 0.434596334688877 0.180891837401906 0.295199366405471 0.084590670145493 0.775410582472645 0.344566835893845 0.00353312693814778 0.169651736146541 0.370782899488225 0.543155967144468 0.452955124313011 0.0740165222483315 0.4388285561708 0.384214349932213 0.486226293337174 0.40835907868964 0.0872646682657205 0.185929191253633 0.0371032828678885 0.118532050931489 0.0565312223048233 0.134579260665345 0.0250245445764235 0.148443006734275 0.540221429864563 0.0377152247158954 0.439028698299036 0.134289881890613 0.0532442191052509 0.0070025085830553 0.219985812650084 0.298682300929222 0.400306287648361 0.378227248462588 0.307077594829295 0.0148324271760612 0.0478700636067278 0.230676694881766 0.371028018782741 0.158338082461314 0.38320229282965 0.375515650486717 0.0038829942985891 0.278464338634884 0.095892409420106 0.154565034023134 0.140936049731947 0.697805997186001 0.265973538259627 0.0996566038996214 0.185555289675637 0.0186234754423701 0.114366357218981 0.398784449806486 0.0448436996256359 0.224978193664392 0.238353810910942 0.159753156318654 0.136030739548897 0.210347708550542 0.166586530535755 0.0365397976042322
0.519949458755271 0.378092660812801 0.26380746802123 0.266393163441416 0.483527881435137 0.482499678380887 0.4087249247209 0.616628388360672 0.414828710061965 0.288655589886199 0.635107949490276 0.583795180823853 0.456647915428068 0.269960498859632 0.288638819974435 0.240160306090633 0.00124028811354750 0.000451655510705195 0.101160756866834 0.324092086044926 0 0.135330080033159 0.470597579543235 0.483922058440123 0.418361187500039 0.321197234999426 0.380681965070515 0.261572521477588 0.335735974175949 0.717047608629924 0.196622055124375 0.414899547564332 0.346165364757192 0.0747655001009835 0.457102739825938 0.445129215361651 0.494000014958138 0.299316151880047 0.467176019258741 0.193434991405252 0.49444534983484 0.171042910218322 0.561857491659886 0.464590892217543 0.321013946193404 0.00842330579907148 0.0592078367741346 0.443170281714593 0.439343633663891 0.0851686318244491 0.584657064204913 0.590493129693224 0.538879949998885 0.599519460276853 0.197475471339609 0.450178246575226 0.449734323377485 0.067771034226283 0.0124112785319394 0.193332027064852 0.236749669456566 0.0614898270521182 0.0956771693276097 0.684665307731272 0.394843593228228 0.409687235057332 0.491199359327598 0.372652830203613 0.0308423862208175 0.377447607151099 0.268002972826184 0.425111612583264 0.650233555948402 0.0486623675554084 0.455958848604123 0.314176713218019 0.00470296087776167 0.423586724893009 0.388074808507564 0.372498381921249 0.0790382355875388 0.255508455379937 0.352217348080746 0.490634723374923 0.00876214553443677 0.55065546881178 0.467411165847828 0.444673524737939 0.529421033830223 0.383448035268770 0.247366778145206 0.523281435020969 0.471944118072893 0.424835268627515 0.413044023894648 0.175005902138071 0.114628792843582 0.0387702396739699 0.339263109265328 0.380275558141478
0.353506614414531 0.433700865130234 0.150402514566217 0.00632144808104817 0.0190914075182177 0.0172828686437895 0.319643992818277 0.134999694332271 0.280304785065758 0.392814032824832 0.478935386753385 0.520689191447775 0.357140932362337 0.607557044528195 0.14519999963917 0.0202648882535047 0.0126221872256109 0.263469651287195 0.175558700680629 0.339425016015097 0.135330080033159 0 0.438330442513133 0.448222352310771 0.504803785640473 0.425770584468001 0.542928419359503 0.579636789246771 0.434102993095049 0.173068000091577 0.520229276157124 0.620918925500289 0.51078632593952 0.594467643601203 0.488419085596529 0.0407150473348538 0.00202944988082835 0.189951602692577 0.111374840052132 0.250750838215573 0.320461111137078 0.680798004051956 0.340789810150273 0.309893817379629 0.356318191370122 0.208517672079962 0.0792363734334671 0.0302104883057092 0.059121443940841 0.396718213445032 0.163499320771620 0.28091858826176 0.0307439287121395 0.326314989064634 0.626942383157641 0.182965829074578 0.398399546560708 0.310312928931626 0.366288248280224 0.0114475514316103 0.275329326968475 0.209019289788598 0.0499639643313733 0.437235910001709 0.456912710487274 0.469125123312201 0.350825024026796 0.454203806967721 0.338925715388493 0.511506679961147 0.434219649349625 0.428476688583841 0.0446275844300707 0.4341422561915 0.67600556686792 0.505709086756316 0.642128257721993 0.394829777234579 0.0582505913540722 0.0996910548583855 0.329934909767881 0.046985549002924 0.301860659702131 0.448575575079014 0.81429324385889 0.122691630012616 0.562645467990684 0.396150152071537 0.295063999081842 0.575831817384329 0.567606079179294 0.0465358401757479 0.0663791112038706 0.55091922603198 0.192540380253965 0.465686184898553 0.464697818647758 0.562192998155773 0.197755073658933 0.0916005288576527
