0 0.354246685624427 0.0230754162593838 0.460345731109546 0.238553194328476 0.272072669900021 0.308468109958832 0.0732867797510503 0.271210781743608 0.0851184326962878 0.0428368721418131 0.228600523299906 0.0441117965804984 0.078949233199657 0.294615759769112 0.198352042418934 0.383805149610948 0.54606075129273 0.535378469568275 0.427952992282111 0.307242179942324 0.358539004653417 0.234739158575138 0.205126379645872 0.641678876529302 0.533906672852965 0.55749837897811 0.522608214389001 0.371930823587039 0.479962656815639 0.332600796372373 0.346915966460381 0.271681648620527 0.264327188035716 0.314681254484919 0.544572247924131 0.437098911796832 0.153891992111787 0.181727903307812 0.0698561348731775 0.0662697509346388 0.238898552622256 0.289106616143339 0.451652866732909 0.425956925328327 0.074258377876177 0.4562627058959 0.381781839765881 0.329118662960095 0.370597056050198 0.160604339503099 0.204244099813343 0.222139675379703 0.259493068350439 0.391805833562647 0.125784076814536 0.234403284062873 0.397830093986256 0.0248085519594794 0.251705934360099 0.19051434092954 0.294529182466904 0.262961368661440 0.380463349184621 0.278321379884816 0.0200709549436296 0.244499858156369 0.533567750214637 0.491352856760549 0.55585893575553 0.306504000431513 0.245804883627286 0.283461658953286 0.332162498554156 0.325827366932578 0.272543272359364 0.379464842401821 0.371870106803626 0.347933032337184 0.315135692451652 0.297162250840757 0.276137753975108 0.254099198766832 0.228450656900263 0.179668430190539 0.237620683017717 0.334024634441341 0.272813998020253 0.382086827082389 0.299996983388106 0.293097864929788 0.00963871546091018 0.302210885720419 0.308277231179866 0.027375158816583 0.305192249213981 0.189337013616484 0.276581392679046 0.407833474915376 0.0972409977319035
0.354246685624427 0 0.113678867001478 0.232114954272819 0.092239079942149 0.222453772128213 0.220440953686224 0.247401442406187 0.250860031649427 0.121069002601335 0.0319678436537508 0.153000544750137 0.212678822846859 0.210394590127076 0.295185387276416 0.216526845594605 0.337733484823084 0.281861759481576 0.0460886135378349 0.391610200040125 0.129241651883058 0.101770633951122 0.245586774217486 0.276498516337661 0.401237549629916 0.429235627572552 0.205546470369576 0.309682042818740 0.161466309365705 0.436060387812264 0.332558504765325 0.159651543857696 0.423754685242682 0.306044455132624 0.307583501671884 0.623082913327914 0.458691921895256 0.447009045054639 0.547887990319447 0.26229077931236 0.0674897548537501 0.0233102390405820 0.148972941479738 0.0424627141370787 0.474413388273674 0.345530049952245 0.388885849352295 0.0656539647378252 0.106556322850850 0.400421456600386 0.29681713203302 0.211415225371973 0.0354564615813039 0.093562815305039 0.231566189725590 0.0399241856974049 0.160005881275346 0.339710141188437 0.323118393088059 0.263462298672151 0.267594506707814 0.144475661844317 0.324030483433015 0.326208486405806 0.214474242824352 0.191560982840631 0.206130986518471 0.436409975220703 0.343487035334610 0.308466592858403 0.258648563479682 0.126421961461772 0.141281709491827 0.134927749343068 0.204787112204669 0.0868189851087754 0.193053278522766 0.0855645478390801 0.468317523560657 0.338486164702929 0.218261493724249 0.473929037250922 0.456946397527195 0.356502234068821 0.0363828557715919 0.150840450252701 0.191990799330516 0.181530946625102 0.39094038516809 0.0120566501336577 0.525511125719176 0.297740548600196 0.196180712165993 0.251669544107955 0.267579292278969 0.0916845525977081 0.0592458498570173 0.0400514101053942 0.0786986660844272 0.379187527889980
0.0230754162593838 0.113678867001478 0 0.508727080817652 0.0777708680427974 0.165124800588536 0.545857108951431 0.131501478121217 0.203628860822581 0.225272596325606 0.0955158297908543 0.0599164951526216 0.278155303217004 0.306225906776158 0.53109131172361 0.570056098998712 0.111818010230446 0.0944453820716367 0.00239049850276131 0.496342355188228 0.215050075939480 0.0509052208445329 0.118846166399015 0.244760236783773 0.0172586736711321 0.0421639965825956 0.0893949563039737 0.333422755063369 0.358096958482988 0.354760201527995 0.0841420871265094 0.194010155504675 0.0200141267415018 0.182695523997561 0.136709384415387 0.00697516086120971 0.0529197064784752 0.267455757052293 0.145819425083026 0.0320987164310368 0.039933473023527 0.0741690964006188 0.216255647557136 0.221085729599598 0.210868777892619 0.304599306125622 0.0658848692801935 0.264310951597462 0.33170695690761 0.315102931783895 0.321310492311655 0.225425446947915 0.225581196111019 0.370043950746234 0.264024491752971 0.267910475167364 0.474232440984553 0.212691056799873 0.0663980136032425 0.0625647082616119 0.152006988021866 0.128898089491053 0.371064101519894 0.401419238396456 0.181643327796234 0.329343576694298 0.0404276651925135 0.149400420204696 0.102179397236422 0.297729417081589 0.463694581784816 0.27838134562934 0.148619103548039 0.289172391853454 0.140237873570581 0.38462792374048 0.347782981239467 0.261102635170833 0.254417844012624 0.113553983894277 0.167207910997464 0.214475702823938 0.041480039447315 0.12792163288708 0.0101498249772024 0.221223633868526 0.155736581381223 0.112482288132944 0.142835554536335 0.385468282485691 0.211697745325406 0.110861252864472 0.00995593931879139 0.358086229393452 0.136599411616711 0.153621426059758 0.0107198314808172 0.0399624168910492 0.176388084622596 0.131017917794253
0.460345731109546 0.232114954272819 0.508727080817652 0 0.192241503757820 0.090585351189517 0.804550676624832 0.185897372692528 0.307188939332266 0.217722364723339 0.032600012048705 0.0282203817577001 0.153315546213244 0.0870256398175805 0.809483680089429 0.785573139934867 0.519551558453384 0.604840474260493 0.467746049697164 0.723477437380831 0.0979065444774111 0.338822567048633 0.281945483868729 0.0206967452017621 0.295690064728537 0.411560010159003 0.325971718616505 0.507096547592646 0.416548096566883 0.0967475870704159 0.184198394524324 0.449086376819411 0.168428364602683 0.0226419015070107 0.169148528409758 0.189693617853141 0.393492619644770 0.207839345909066 0.097999345342138 0.172413758121408 0.131535031154978 0.272360625862250 0.324159244658462 0.295565587188655 0.264380404937648 0.0523890284339523 0.254582330092638 0.310217499870537 0.237764028857206 0.282665198778475 0.235123500486898 0.248755832269077 0.252124849109305 0.343616555357746 0.410998135853463 0.130806733112804 0.401091096308838 0.333296277901663 0.0598380850957878 0.317207095369852 0.257541325855351 0.225842575530462 0.168414081778064 0.605477152391699 0.468128226901547 0.262585150887602 0.273767263044646 0.393851997188787 0.403532112985099 0.462297925165466 0.466631566502243 0.373091654743229 0.354657584441350 0.545028198158213 0.509703339256168 0.445609134430461 0.65946315023425 0.613842847585995 0.332103362039187 0.410927589872762 0.302515428333196 0.266627925920328 0.189674474714075 0.164927754827212 0.240028800747044 0.34648632063024 0.21498749562676 0.237857974718569 0.296833206811716 0.129383459410384 0.292340026459448 0.16445381041256 0.257262527497312 0.351308136142345 0.079719506584961 0.47443810476872 0.322323151428194 0.442810440852394 0.481725616046141 0.0376416928958684
0.238553194328476 0.092239079942149 0.0777708680427974 0.192241503757820 0 0.539634024208898 0.243078435343732 0.135593425713355 0.102335565384569 0.450346891481375 0.106035492386721 0.134040220397165 0.351298584850189 0.529906327317413 0.228588396621828 0.103260775532047 0.117544590318991 0.0838254436930308 0.0883171936707283 0.0300344142564633 0.300633186285997 0.0860510585279806 0.0479741542954013 0.0333404241725215 0.118567723831770 0.04372815555408 0.0796309588391005 0.035052965711475 0.154745711947451 0.315108215350119 0.00174618985579286 0.0282242884904069 0.344771973021693 0.285412221288818 0.147200460762279 0.159460052165997 0.0129774234521535 0.128624932675930 0.221663246788696 0.327768849108393 0.186021498956887 0.0748755513630852 0.168874226722332 0.0820819812859449 0.110199289572980 0.26362642714664 0.111646376679287 0.208318476862010 0.305205257048967 0.200136957735496 0.0621820336091165 0.0857520598227002 0.0204112413435612 0.0220968280561260 0.0150754283741995 0.0469563177640184 0.0319527012288177 0.102204593624666 0.184865656463849 0.00160379615848736 0.220870405861426 0.064890477024601 0.341178278885457 0.0463249704379610 0.0921957628455143 0.0604515232600892 0.137738796425124 0.0774029767672779 0.0100781516458094 0.0630533067667689 0.00969860832896717 0.00348022507426342 0.0353071097244323 0.109646270277263 0.0964850384291487 0.117493584663003 0.0114062676505501 0.0458978086983089 0.0849445436747166 0.0313930018152007 0.128260130575678 0.0466382955908533 0.175339724035718 0.0391388491790098 0.117349652122958 0.18200400052537 0.228185193571493 0.259433658602681 0.12529010357112 0.0141264113979350 0.0285100831174405 0.00548978131142567 0.0283984906691316 0.184863183337420 0.204233836635302 0.0570033695540691 0.0508173118294483 0.0260823773596293 0.0317548907768834 0.00138237149994603
0.272072669900021 0.222453772128213 0.165124800588536 0.090585351189517 0.539634024208898 0 0.0553242993729084 0.312947631031614 0.154540313074468 0.238195225561105 0.046660302729809 0.0748801456394338 0.0850047955924702 0.245858168289051 0.172550883477882 0.201557132602959 0.351107348965433 0.243582878389594 0.00395235036710676 0.0762350390020039 0.396327917385031 0.0921805138652274 0.274640956626984 0.0788966568445341 0.110906772192188 0.112393858607115 0.0912732905116632 0.0413714011108422 0.0671836585011127 0.254861943530219 0.177433031590549 0.0182888447968006 0.276860324333217 0.145446699767458 0.176667755338197 0.222529775093457 0.242590276001795 0.102062637866027 0.234915716685715 0.0272673747105853 0.00335859099000711 0.172423888671666 0.219922141229547 0.0244759945842825 0.225784217420218 0.127797558731906 0.114793375535453 0.187949198954399 0.150027639303121 0.200676252440901 0.125079662177611 0.0364295497279327 0.12319769232648 0.00405285638068913 0.0302136559083618 0.0246523252152878 0.0492982919876485 0.122941884944434 0.184821561726454 0.0917185703536846 0.0309845628273823 0.117503546591852 0.0410801993770258 0.0172263015874247 0.00174340383729600 0.257777970349325 0.0169200199317452 0.219088380168688 0.120319346454998 0.0116712289144910 0.0698627819031606 0.0181223682826217 0.112795871049993 0.104805913629353 0.0189995147671141 0.117268427957833 0.106161053363363 0.23569860106337 0.118730148544863 0.192357994272695 0.155639628982399 0.27148464352338 0.176712281332329 0.129741398586992 0.128948485245258 0.185892697812496 0.129081384473878 0.0387778570721383 0.226773602870738 0.203836559723919 0.226535702415082 0.0603186222025339 0.148187688799204 0.13500798968637 0.118513281842304 0.0987654464082205 0.081118580865045 0.321884912932757 0.312938450101525 0.0861777287284423
0.308468109958832 0.220440953686224 0.545857108951431 0.804550676624832 0.243078435343732 0.0553242993729084 0 0.277954533705271 0.34085425356247 0.300163255542579 0.266669489493467 0.211049656438646 0.261724214787404 0.201252645624425 0.857934181980731 0.745141197915478 0.505210466639075 0.471620531905058 0.248218206670512 0.548532038126222 0.0313228011821002 0.543381861527741 0.344351595536963 0.0454778414738907 0.221663769355803 0.4208671934607 0.386100279991064 0.39414240857569 0.451710247774672 0.233392675754876 0.0840644840892872 0.630936459127741 0.261087517170801 0.0620606633110398 0.237852171200238 0.0577948623797118 0.485382916515181 0.297831999103146 0.0910677339474072 0.155597278689420 0.0397929301861395 0.466533207955241 0.341820693642382 0.169641070507655 0.123371724653702 0.0242762677965207 0.191457052913469 0.191116512882396 0.159942152987293 0.351616244950361 0.13533007198993 0.257615141299586 0.0408450216037928 0.214129155961298 0.237075113418901 0.0192904710761116 0.260162779574845 0.358182825094021 0.144122246821018 0.3223957272593 0.250657342346794 0.143127788670974 0.0204974156846863 0.411165463916697 0.577217456550554 0.295597015459309 0.249895861180785 0.324050212798652 0.397037403466511 0.399192064453976 0.336540154204935 0.486128084976234 0.159859250134638 0.491223773221165 0.582411188111403 0.325105753953904 0.478681397562003 0.566518357618049 0.138348433947435 0.391569859814416 0.381170019202815 0.167767474318343 0.177305250251968 0.212308829683392 0.40374276851967 0.349064308935981 0.218884228950184 0.143389486630496 0.194404234123388 0.0289918511579766 0.269857315100996 0.175944774474912 0.245142662580520 0.244235296515837 0.124258719932192 0.336299841007088 0.196532967976084 0.331667675262069 0.376558023809402 0.0488279365429931
0.0732867797510503 0.247401442406187 0.131501478121217 0.185897372692528 0.135593425713355 0.312947631031614 0.277954533705271 0 0.497017136171779 0.260415725459283 0.139865906352901 0.0668721301469668 0.117114999564069 0.172602994372534 0.335152817510095 0.274016517813546 0.428470807930256 0.359976389547736 0.177662587672119 0.0266547500350856 0.233615351699296 0.0142363806316381 0.281406913874351 0.207464032040589 0.0819052740402397 0.255030097547244 0.0668832212869584 0.0119612451755612 0.0251153377421473 0.0387220794579222 0.179926972570679 0.0899920690522391 0.0324255966135275 0.0355326815654854 0.132784686776965 0.0862013814235505 0.559386803643899 0.57723624154652 0.575234824292988 0.412284310919638 0.477520678841828 0.0850251169920023 0.111525750372235 0.134561899278106 0.303692721910701 0.157804622447207 0.26226973908643 0.0357728453708254 0.0760676862063839 0.135612877864566 0.320950685340622 0.188038936305909 0.240994954445909 0.0692775197000615 0.0918483230759493 0.0104976285883814 0.0514442501235947 0.2071781343556 0.211264013505266 0.378044455417076 0.340238057481629 0.181563152027418 0.0872101632928236 0.0335552896411122 0.0609532040397428 0.34279370557607 0.231688699587897 0.296349008926453 0.359791696787454 0.160962168712946 0.00059146206167933 0.0261604298407905 0.0817880918283992 0.229658040010077 0.0864712273201692 0.205462702923587 0.214395892988630 0.287895328138562 0.0611497175598251 0.433377521864301 0.4055408203552 0.353863437061421 0.392921011444202 0.208337808253144 0.00165848769926833 0.193798175763408 0.0363329150004477 0.00938688769210827 0.275699703162572 0.0541982745729378 0.0636825585027194 0.123896794217654 0.00683433023426666 0.199861361146583 0.0959204436245175 0.366891177180881 0.218242867511202 0.509885317097233 0.311692478977462 0.00622233272601812
0.271210781743608 0.250860031649427 0.203628860822581 0.307188939332266 0.102335565384569 0.154540313074468 0.34085425356247 0.497017136171779 0 0.350599275280099 0.300659386866157 0.164279901339946 0.0424131410080334 0.299865741292960 0.365376870897181 0.271495353422486 0.363776104483903 0.44468502457172 0.289899101634845 0.274417682634690 0.308787692111318 0.101552468452604 0.185572232179813 0.0614747205014909 0.273775963007982 0.251744437828024 0.102880664615446 0.153229671411899 0.036085557975737 0.204137291493479 0.477395022281963 0.293830181975665 0.300232029620887 0.464636895407085 0.394019548365581 0.227389298849453 0.520955333549248 0.282225223964471 0.343010603630770 0.139540764996579 0.116259604771045 0.102702474505359 0.182025947592148 0.0811047059360392 0.321942446387157 0.46316514403649 0.401497153671268 0.0368183437284757 0.0567469345469804 0.51545065834803 0.231371445645821 0.295060978437143 0.135487168284512 0.277306685104161 0.097560047597295 0.0497569784405959 0.0617135914257406 0.606871850921075 0.399117294612487 0.539408754881899 0.229814307427743 0.162482446189310 0.23113219314818 0.184888210981392 0.209812587584072 0.386690445524611 0.00240670556779825 0.414855899408615 0.218186209929291 0.199111923375626 0.127924336433545 0.0321647854126929 0.0994956582426298 0.312640381035287 0.217308035674113 0.249730798200693 0.305143375175889 0.363869140757424 0.437445653896511 0.561440081483887 0.534737752579067 0.303836475254147 0.308670988807979 0.0504518054772475 0.0161917233688135 0.294245989099642 0.205886421884412 0.0105166210549878 0.337495745553748 0.120605987463110 0.443287687706021 0.386337759534952 0.100724378170058 0.375452291638051 0.207079286790542 0.0879192460571576 0.0802361615451141 0.259583670588513 0.334451326730637 0.351594032300208
0.0851184326962878 0.121069002601335 0.225272596325606 0.217722364723339 0.450346891481375 0.238195225561105 0.300163255542579 0.260415725459283 0.350599275280099 0 0.522661969423642 0.232297902585379 0.670944060628914 0.640817450323027 0.158096323960006 0.0581406767926177 0.184819117829761 0.0888743608455107 0.141202916226908 0.041753371879009 0.372795109640999 0.349564354253972 0.0149141523394409 0.253821961431468 0.114229610676188 0.248273973644678 0.171978523480982 0.0192810301982292 0.142869689313174 0.348556378146837 0.352735284330424 0.177242282595323 0.607018053941391 0.517285788986914 0.123506591675710 0.145773712510661 0.0150513223068677 0.176406436882834 0.483491360234513 0.219887181442627 0.0177695649407437 0.242987118487393 0.109701564887277 0.0195176828028166 0.367473062989114 0.487220774038671 0.0322203593969851 0.112427652889256 0.182109878684567 0.177090955400579 0.391273208362578 0.232106710109817 0.34490778800624 0.402377135049761 0.204109610670978 0.281970305442943 0.100315690945206 0.131398832624569 0.47711016591634 0.0875707628870837 0.142939735221441 0.19909918274529 0.433161609210867 0.0503582026495566 0.329730062278703 0.0926201467338925 0.360976314073992 0.0519345427063989 0.0453787186939698 0.124634574247071 0.136188905852733 0.216711284274968 0.175153267110543 0.105660500389805 0.296636922487788 0.263476173945431 0.069314108977458 0.0269999997936657 0.248446004314611 0.234885259450937 0.157482043490337 0.376514925318213 0.111301433557268 0.0658491422806365 0.432762855876643 0.00388708810229167 0.128513423378784 0.0476873172721182 0.197778032071319 0.105476372408860 0.350845422508841 0.337419041216930 0.286088900970098 0.302203288883158 0.470292839350274 0.0696812297936895 0.208182963756695 0.0652537947650023 0.0940420108565661 0.394752079465222
0.0428368721418131 0.0319678436537508 0.0955158297908543 0.032600012048705 0.106035492386721 0.046660302729809 0.266669489493467 0.139865906352901 0.300659386866157 0.522661969423642 0 0.74372396714373 0.460032451234813 0.379287953796576 0.154809176100091 0.160745264655741 0.0965534985959134 0.169706103736388 0.226968482883688 0.0779900273514454 0.277573595898268 0.194581943932065 0.153086591811042 0.0968963570036176 0.107016005060319 0.0194541712433423 0.0302321010593796 0.0109359849569726 0.234838736095184 0.25879951050564 0.285425346898179 0.0947055938148268 0.323360044607261 0.192214045487119 0.0375610614022774 0.185643416531333 0.0651004289104065 0.0726135432588377 0.255692538323745 0.243629770086090 0.130938661049842 0.123397428190202 0.0490204031705837 0.213485259412956 0.289417309031928 0.315096781714106 0.321831447522459 0.0466393255832134 0.145349373257454 0.111840922462373 0.0917797754383938 0.0063330011479002 0.228949989066342 0.236584418896367 0.361120935749993 0.170315686379513 0.138043091428301 0.137887609215825 0.304905954883713 0.138722812517624 0.0751635153052317 0.288824497917296 0.322415109160935 0.00546157916809703 0.115382307115454 0.162123564686281 0.187794524412517 0.233719785368132 0.0457632581448148 0.0345993825569147 0.127222857952884 0.154234682698519 0.0174429541742377 0.115192282693941 0.111134101211468 0.108392660915346 0.00706987033494231 0.0391307389417520 0.213788618808407 0.268167563258001 0.240904288987853 0.22454897226553 0.0906615909222746 0.0333852678278612 0.170137685523895 0.019861556287641 0.141596291006662 0.00778242188194977 0.194267202156764 0.158151453612253 0.0670734470652899 0.155249445364822 0.140939639966293 0.307454131268103 0.177186679511594 0.126023599481190 0.0677102104846876 0.225526297820462 0.126916237790636 0.146806717425175
0.228600523299906 0.153000544750137 0.0599164951526216 0.0282203817577001 0.134040220397165 0.0748801456394338 0.211049656438646 0.0668721301469668 0.164279901339946 0.232297902585379 0.74372396714373 0 0.389852719817087 0.375161050045845 0.141050368935732 0.214520484589291 0.00905045241751493 0.328793311367922 0.492125229577463 0.00686933679387453 0.241842419466199 0.0691074832831998 0.084759407510923 0.00408036853845432 0.185486710624306 0.0223765038996959 0.152743949967793 0.0922897333066398 0.128327205270002 0.111481551569104 0.0597032512209053 0.00490595518412514 0.199893707061211 0.0933637531675074 0.0432752901868874 0.0886253099724745 0.053102743197259 0.0924567139384276 0.081715261939586 0.0842574609179624 0.0313119110726038 0.00850664826619195 0.0233961346645253 0.309619134675286 0.114830267435344 0.259169700653529 0.40947192723417 0.0403103898059852 0.259106936583306 0.111975241954007 0.159576743028412 0.235051353932846 0.00626232086354716 0.000750564436378457 0.292054091162787 0.0275647653577307 0.179099934232565 0.114842036133761 0.136774895244587 0.0305970879400408 0.0704317810357423 0.273212535003038 0.260465016187918 0.0792107439519054 0.00827795111486553 0.153981839249195 0.0911834429827119 0.219770277501381 0.0207201331739087 0.116626321034732 0.078221401154634 0.0964450781927212 0.0760818659547446 0.0479752384261206 0.0392308395086053 0.0795238750683175 0.115084208327081 0.048665690404114 0.112865516035951 0.0339374647797582 0.217193261708028 0.00483285800187958 0.069409812120303 0.271348835322547 0.0427493427938365 0.0540793567351332 0.192575846411710 0.155288378271852 0.106384815875985 0.214338893456662 0.125819445022154 0.0392907166430699 0.154537843100710 0.306609393952028 0.0160976331428990 0.0520780727422768 0.0220276384755871 0.155826407400723 0.127228051889842 0.0454451550478487
0.0441117965804984 0.212678822846859 0.278155303217004 0.153315546213244 0.351298584850189 0.0850047955924702 0.261724214787404 0.117114999564069 0.0424131410080334 0.670944060628914 0.460032451234813 0.389852719817087 0 0.807579340779268 0.201330301963013 0.0338228044631369 0.355870232292891 0.169494923167243 0.00845286334065516 0.143287441841577 0.316789220277337 0.273870764154885 0.0304128248754493 0.443406401329866 0.162846416059541 0.243891667703703 0.0618457632604343 0.0609578943065694 0.090399256830139 0.0458725855296031 0.073331270160832 0.119833670290553 0.345968329719643 0.298800718597162 0.0294798800886589 0.102026281284521 0.144595060710978 0.00768364812144234 0.183164219799215 0.230177518993476 0.121935486941650 0.202540426026769 0.113532963259283 0.314445009481675 0.198337309475182 0.209153542373886 0.039234314542468 0.177394628713674 0.306437230324455 0.0410779639979949 0.305474125937837 0.110017270829239 0.352276489719533 0.276085838443984 0.249880809420531 0.335846230095492 0.0459534214444953 0.0272213619657354 0.198731493904941 0.00764888190950702 0.101503110070583 0.208946376029826 0.341546700882245 0.00151968328513628 0.296151333668830 0.0461717890822496 0.416478729346022 0.0180023476668871 0.0149681997003904 0.044224455357075 0.0362751885649615 0.186309929864096 0.140682651550994 0.185629554922904 0.289048560890115 0.249148886294054 0.0275996499030573 0.0645705565514396 0.04166831867934 0.0732475819456354 0.163237585441628 0.201836941950815 0.00539100818567293 0.0133029726333564 0.347361598014651 0.069865487871497 0.0956399066312258 0.0285473799313533 0.0681039210874588 0.0693188521435402 0.00341900015877338 0.0940306866406276 0.279080712701423 0.280971693129443 0.214668515098162 0.235904056202062 0.0590850701913623 0.173549647183754 0.127809004405392 0.0806524077100587
0.078949233199657 0.210394590127076 0.306225906776158 0.0870256398175805 0.529906327317413 0.245858168289051 0.201252645624425 0.172602994372534 0.299865741292960 0.640817450323027 0.379287953796576 0.375161050045845 0.807579340779268 0 0.14468114473302 0.00800677842002281 0.233750470378368 0.0633402234941072 0.131738450945394 0.0137032737741417 0.421240564764641 0.210863790842133 0.101842206243622 0.285010939271070 0.0322092060877855 0.161371399644527 0.0914602159164266 0.0792836717761823 0.0457917905693363 0.0563722417954929 0.122200282234687 0.0275437416166049 0.383954160351158 0.437670274276281 0.113662377751227 0.0233987528769274 0.0172049645879692 0.0165925740985792 0.164442909874941 0.238911842983038 0.141548464559719 0.151180560855643 0.0665357282103531 0.21526146276295 0.188261382484722 0.367657062996888 0.08492100695144 0.105000544845984 0.279718070344929 0.172970562962992 0.253806941951478 0.0185472902887601 0.291766515560993 0.228079927640195 0.0893316498734021 0.239931925564784 0.127978220921411 0.170905701301111 0.281487892012736 0.0510359098723246 0.067870732262999 0.112196051746049 0.379702780931648 0.0163492501234629 0.185743463401529 0.185807965671375 0.307600699359585 0.0421688597137277 0.071020557092688 0.00442431118450841 0.0255283908203304 0.134963836491569 0.0707537575694654 0.145849200032397 0.182953322765414 0.317494776991238 0.119571857046704 0.00929212011625734 0.218208659118754 0.115988524871250 0.249346584899494 0.112728588176765 0.0776669553388493 0.120651958004498 0.242842047619030 0.0695854188082887 0.237939027839897 0.106381559309259 0.127251227020769 0.0272937441842307 0.0770480263323443 0.112188135148921 0.181143978460851 0.411852250352444 0.250914233436983 0.116857490342643 0.0347927344229120 0.153370557663330 0.201972395863925 0.110506879103657
0.294615759769112 0.295185387276416 0.53109131172361 0.809483680089429 0.228588396621828 0.172550883477882 0.857934181980731 0.335152817510095 0.365376870897181 0.158096323960006 0.154809176100091 0.141050368935732 0.201330301963013 0.14468114473302 0 0.860778077016455 0.664593878806778 0.579507583920724 0.314415309389594 0.643510102549654 0.135295331280047 0.293365413331702 0.267271802931936 0.0171801182184593 0.137096164026971 0.323822249328624 0.265194624826324 0.403317628937795 0.305198436019506 0.149514687030744 0.222499260994066 0.421246959840326 0.0800264337125314 0.049174797040814 0.249336414687319 0.153282370959419 0.380988146964557 0.285213996424604 0.215674124609616 0.186135604256524 0.132245381114012 0.249150177880955 0.327811571229969 0.183645750175053 0.269975419946400 0.0662265309297564 0.230247674904291 0.263852401987473 0.182706808945248 0.337087499616775 0.269829514914683 0.247635335754542 0.118187808347846 0.243730327994554 0.281990048185102 0.00903398404665377 0.284266822771023 0.411039786615096 0.0710873771316557 0.522893051404558 0.352354143598192 0.218451659233769 0.113986079152974 0.460519932396664 0.412435148397249 0.253605825849585 0.212130924722872 0.264183607762008 0.321276597777023 0.321267079807385 0.349613656636948 0.316977748970776 0.200058768950633 0.504686289705584 0.454588543762774 0.360678597286633 0.542456802142266 0.562689032410709 0.249086952789472 0.464068042677214 0.296362338413927 0.351033954385051 0.126287032186351 0.0832984447721747 0.196939092265482 0.293749692929507 0.301103943492709 0.18558243034104 0.256592875761272 0.0334016537245011 0.394854501934199 0.259690296779894 0.144016784463596 0.369770863351634 0.0544084744392894 0.356019541961888 0.166770891008462 0.430271063976713 0.48515456394153 0.11461551985399
0.198352042418934 0.216526845594605 0.570056098998712 0.785573139934867 0.103260775532047 0.201557132602959 0.745141197915478 0.274016517813546 0.271495353422486 0.0581406767926177 0.160745264655741 0.214520484589291 0.0338228044631369 0.00800677842002281 0.860778077016455 0 0.521427406714647 0.407706284673198 0.190414624083196 0.671609504078051 0.211907669053979 0.180171927771981 0.197375668020397 0.178013886257363 0.0148814385494297 0.231060368166315 0.0812401767437016 0.365214235608594 0.330098656689392 0.123231992883508 0.242579180096663 0.343915814623449 0.0543444197630154 0.0984005505435034 0.192308109973771 0.125663818967808 0.278953466671778 0.190211600715115 0.144813946123729 0.228303903208386 0.173284824108896 0.103735286485006 0.326553893654089 0.163747707322360 0.266219432589836 0.0394261792740288 0.111705503398583 0.330191170155526 0.163742531319441 0.269744920830352 0.367248309349047 0.332511336052444 0.269776268539985 0.372186127308739 0.282388486457887 0.153692861051294 0.404744564592772 0.362925236041165 0.228947782325794 0.500069247991343 0.377721385076966 0.145560816225748 0.144420335388636 0.568777823323899 0.293308123020795 0.309351998287913 0.0554845410524118 0.15424332480897 0.304046270857744 0.218541098493496 0.3312502116274 0.220883545301098 0.298438315340915 0.511800797114673 0.356883339012599 0.504012790050556 0.658105596707487 0.566704521677116 0.307970481408005 0.459469633161253 0.241294130885967 0.356569497112069 0.168113168862196 0.144305802543331 0.0921516339858615 0.325492143623988 0.240104232436007 0.148459751847789 0.196031228302443 0.0101269560512094 0.407433496194792 0.285674777648369 0.0989689379811517 0.309494353894448 0.125786177648127 0.382021362776374 0.239372597488656 0.445635774528858 0.491781693510044 0.0608576838194214
0.383805149610948 0.337733484823084 0.111818010230446 0.519551558453384 0.117544590318991 0.351107348965433 0.505210466639075 0.428470807930256 0.363776104483903 0.184819117829761 0.0965534985959134 0.00905045241751493 0.355870232292891 0.233750470378368 0.664593878806778 0.521427406714647 0 0.7396588570703 0.434892797024599 0.389371918132512 0.24009190555551 0.202484021614919 0.343545376653051 0.137951452025994 0.223531779376654 0.363172963461927 0.200670753824256 0.324092257333272 0.142271706191673 0.0559789409482444 0.178030089543750 0.279457027649818 0.0256082156098131 0.0071308955070623 0.175199910145333 0.238574256250084 0.395519457917666 0.301323314650438 0.235032369599552 0.116546214998891 0.00566772534792812 0.188036389591889 0.244316938180501 0.0873748807521896 0.227497062727896 0.0322310463116007 0.372510142648576 0.094321625779814 0.0409995856419768 0.205444093537181 0.0820049188866327 0.0382036872768606 0.0218250470928819 0.0232704145202241 0.146971541544427 0.245341608699818 0.00429049136840852 0.262092226293706 0.136422155775879 0.513313121147758 0.325271773234474 0.226910421845110 0.0584291462134821 0.246773365930644 0.270354511161295 0.254876401008934 0.129530076376857 0.315223740480521 0.296379704667768 0.224884769230579 0.131700399586051 0.179479409272465 0.106139488547036 0.259067438791486 0.299908905655944 0.0563703305732353 0.277561360922914 0.424362944955092 0.107123162425250 0.3177958376103 0.151689487950222 0.301793049163438 0.175458510296068 0.0096090220954367 0.162649635104643 0.209992380955351 0.237017695735454 0.153476150000512 0.308614834828425 0.288900616565114 0.253321741594426 0.172813932046562 0.116788359834859 0.210829490582937 0.0317468444142506 0.22013126628157 0.0926348863093298 0.34899592225814 0.319740719973425 0.0489128596983835
0.54606075129273 0.281861759481576 0.0944453820716367 0.604840474260493 0.0838254436930308 0.243582878389594 0.471620531905058 0.359976389547736 0.44468502457172 0.0888743608455107 0.169706103736388 0.328793311367922 0.169494923167243 0.0633402234941072 0.579507583920724 0.407706284673198 0.7396588570703 0 0.721112899048838 0.445857367294549 0.199062866444359 0.164031979931540 0.169381715389543 0.0295841054270078 0.382150638611769 0.40474106796341 0.230939208457041 0.298641338914881 0.0696411416478459 0.0575546479035101 0.24358679646004 0.223871384363562 0.0109600077392624 0.00788911739238933 0.134468759706178 0.248499815782455 0.420261263412698 0.209333273910024 0.222105067716007 0.0513643218555488 0.00525694624420363 0.0532894237711022 0.147809073897923 0.309393868692019 0.434669697229197 0.201417544996465 0.507235250697101 0.062688365627196 0.166768842732707 0.362766789543062 0.147227306994977 0.0142163815749073 0.167448432885382 0.0900211681292886 0.346273251368526 0.107811925160050 0.084541717110199 0.383243697967410 0.086720063317431 0.438042073086131 0.280215122942648 0.428733871416727 0.125247618742439 0.293525671872675 0.194216351022248 0.218950797957734 0.113854849140737 0.509372275776346 0.341885062702179 0.276489242925832 0.209050608583871 0.0166060579425692 0.247552173298285 0.285281922061241 0.191028741394949 0.229202098718725 0.311168304020925 0.39151424341457 0.311330411565996 0.491673592784039 0.387959140803683 0.264399820676728 0.265696711624455 0.0768098632307442 0.0285247994616453 0.150128798814465 0.247621057712991 0.265038591753233 0.370726613179307 0.322245669157489 0.155077485951418 0.101108576928523 0.0896865271277747 0.341555568480588 0.0599840265549163 0.345775053417237 0.152991683060723 0.451557554092318 0.467877391389515 0.0658781736603562
0.535378469568275 0.0460886135378349 0.00239049850276131 0.467746049697164 0.0883171936707283 0.00395235036710676 0.248218206670512 0.177662587672119 0.289899101634845 0.141202916226908 0.226968482883688 0.492125229577463 0.00845286334065516 0.131738450945394 0.314415309389594 0.190414624083196 0.434892797024599 0.721112899048838 0 0.403217156869412 0.179844567593510 0.0557171743390427 0.0185890765647310 0.0521963697153038 0.339982181249115 0.268467286850620 0.34122391810069 0.303212686272066 0.0725139775622285 0.0342616280536945 0.0521241620939508 0.139783707545204 0.0370298695264399 0.00888085513423251 0.0224668120740608 0.102154751586860 0.215858667454450 0.161571489140809 0.0368513993808342 0.168764853936081 0.192101970870612 0.0788839466163702 0.0413515513940855 0.408022666879709 0.239514677793765 0.0180363515101854 0.463660724052814 0.0103750633239454 0.234523888000132 0.165259518819088 0.00147222086882466 0.128330311732506 0.0381051497062299 0.0217784573349292 0.304605682712936 0.109967974541101 0.051465108309201 0.200236111630224 0.0318304865005092 0.210954916502303 0.155186147328609 0.435128313882909 0.168644956937657 0.170969160776047 0.0762242245704083 0.0112879392005565 0.0516292813209005 0.273242296372106 0.196000963779681 0.330127388981459 0.129545015513176 0.0575378021185233 0.230660936824248 0.186086589537099 0.101004573612699 0.135706292199168 0.220558473672027 0.167043561928285 0.219943151880052 0.219651254984501 0.24649642026588 0.080877465054522 0.143531804643604 0.133641885010538 0.0209227845144319 0.030387851819838 0.194254741641711 0.349164436687866 0.221908985495512 0.216507098133626 0.0697375722752543 0.0486532843861034 0.134368522523188 0.292370166132042 0.190854104430448 0.261948511900418 0.165769132072388 0.336990009670782 0.292888265874889 0.0644795545365672
0.427952992282111 0.391610200040125 0.496342355188228 0.723477437380831 0.0300344142564633 0.0762350390020039 0.548532038126222 0.0266547500350856 0.274417682634690 0.041753371879009 0.0779900273514454 0.00686933679387453 0.143287441841577 0.0137032737741417 0.643510102549654 0.671609504078051 0.389371918132512 0.445857367294549 0.403217156869412 0 0.249156154393781 0.24070009192434 0.0451812011986551 0.132715630217324 0.304441243389177 0.323202477179531 0.338193971828405 0.693359487537516 0.525506559856606 0.0114726425263023 0.202399351396326 0.347433444362202 0.102393663188067 0.219763289198976 0.234345020761197 0.314387546572477 0.241128284852809 0.192800840785458 0.060377322935107 0.080664097161699 0.136669603221903 0.20845425965698 0.34718046928484 0.262952611744574 0.346023031553761 0.277551549201551 0.378022727667683 0.286099985776963 0.34730271615115 0.535396862344423 0.209722623804948 0.151011071945515 0.118273358803154 0.294825012323422 0.281613594880049 0.0872989986688266 0.534323273765913 0.521196647512896 0.246453724680917 0.332291140028689 0.178304688511883 0.262421276292831 0.522658095645077 0.625122180147447 0.391809307343889 0.208246452120468 0.346282597750571 0.281548131061891 0.249241324135594 0.538778819870633 0.67727639302105 0.311765976091853 0.185223316821179 0.309006701448147 0.418006558815690 0.432597616515829 0.580523292722773 0.432120148839596 0.508749877129217 0.307238369557442 0.313389643922954 0.210206287705703 0.211598176011272 0.0869581053337555 0.199336848430872 0.305970531620007 0.320309535868623 0.345211474466167 0.206946909602682 0.136546286219998 0.388370685775781 0.195785706610075 0.310799157228754 0.397625546192239 0.103605745894401 0.197212224739082 0.00724508026270036 0.163326826033321 0.327963527630423 0.135443586328336
0.307242179942324 0.129241651883058 0.215050075939480 0.0979065444774111 0.300633186285997 0.396327917385031 0.0313228011821002 0.233615351699296 0.308787692111318 0.372795109640999 0.277573595898268 0.241842419466199 0.316789220277337 0.421240564764641 0.135295331280047 0.211907669053979 0.24009190555551 0.199062866444359 0.179844567593510 0.249156154393781 0 0.0256672241065266 0.354909547295200 0.0982559841839749 0.132950876328628 0.135349466634149 0.132011346144032 0.248665000510363 0.213473394384627 0.233597115331057 0.398574512200875 0.168842327300041 0.441625671556461 0.535468942235511 0.504484178236838 0.389766294147446 0.265328973578264 0.175028164981777 0.361804836569423 0.169851040074400 0.157584095870171 0.126062894345319 0.415224136687455 0.362752662285312 0.472408489528198 0.255635938749506 0.307931235860322 0.403095467387024 0.250016544488693 0.411396461312215 0.223619571921698 0.310480122307903 0.339835252323007 0.418606755877373 0.385086155311196 0.236636433175768 0.326754479658872 0.409774355740143 0.352799986256704 0.299117855763 0.274439797393559 0.251249934073524 0.360293367876513 0.3406565640668 0.0411817295634488 0.184082940168781 0.0893446107984637 0.0990828735648328 0.141010660238138 0.260216072547603 0.16891284282713 0.0693114621507762 0.186509829693556 0.381649046119924 0.12489951657524 0.363099894698570 0.317046409795594 0.308498197084733 0.289331187850469 0.247618086324766 0.306163991467421 0.416929295269735 0.351769390048315 0.210438410554365 0.0378222728273941 0.253665656201127 0.167774743624890 0.0735361324705966 0.0250594415706332 0.0883943699387803 0.336682890050004 0.0224877505475482 0.05292572742806 0.330195853697981 0.180845952423550 0.101720607626084 0.0202322137933641 0.331934029708972 0.365770303010733 0.0136180196080549
0.358539004653417 0.101770633951122 0.0509052208445329 0.338822567048633 0.0860510585279806 0.0921805138652274 0.543381861527741 0.0142363806316381 0.101552468452604 0.349564354253972 0.194581943932065 0.0691074832831998 0.273870764154885 0.210863790842133 0.293365413331702 0.180171927771981 0.202484021614919 0.164031979931540 0.0557171743390427 0.24070009192434 0.0256672241065266 0 0.439606461866231 0.243830344034538 0.330093051933329 0.464424499021121 0.511931362468969 0.380164806300217 0.582634784184809 0.0383505383553454 0.00490112115240035 0.85547704849789 0.208507804506583 0.048108304982560 0.331700841834432 0.156429016329463 0.417235673600361 0.0979829645007314 0.108478462235489 0.132032889244796 0.054065785664791 0.756770198144358 0.449182329109024 0.112693475623724 0.0923721268482432 0.076025555770266 0.316170180293775 0.0939393274149711 0.0942865496991903 0.284029812904403 0.139649288023866 0.0146665427300391 0.148475755976975 0.00452663988212182 0.107999713538332 0.180978229007536 0.00702477351860496 0.271249374161889 0.20702837128611 0.102540417999886 0.0100824761588253 0.0523778554694975 0.00575712233323564 0.158358540366614 0.84154409329061 0.205009141835976 0.299967895263087 0.342480512526688 0.445888551206567 0.439196380570115 0.228634177489563 0.662127840949466 0.00621263812339949 0.214402282989709 0.812947301212133 0.0385241072562869 0.151651978854091 0.519359632705864 0.0202704673575769 0.1504313548037 0.359737601435285 0.111142946625562 0.0922225509911947 0.145272387042339 0.844654245859795 0.492589778892161 0.137953238822538 0.101149545434242 0.186709714207906 0.150123830468127 0.0119139338386668 0.0568565170504995 0.353583310891435 0.0177425951121101 0.181723571709081 0.0877936093408174 0.0384811611772040 0.0516737859286719 0.0463251749288203 0.108097742402414
