0 0.616659281564998 0.835610414338819 0.793491757735699 0.642325055592858 0.526754271542904 0.802959998699748 0.778662707825105 0.791700475426151 0.689538119640578 0.726411029152056 0.729737080203022 0.70243565756273 0.570721365757649 0.790276472727348 0.685349333283835 0.614831163321818 0.52867557817828 0.534621172795682 0.667404260613151 0.735155279386818 0.69450269032306 0.742977468874649 0.0697396604312856 0.773801672030988 0.485393803551203 0.821219422237026 0.774884695435652 0.651539881440084 0.823144417183005 0.800400515535732 0.686048413762257 0.626726650882594 0.414012617072768 0.704344974268318 0.630701376342972 0.688045823943847 0.805160470068215 0.660821939304074 0.6395681347537 0.779485761262421 0.692880214075521 0.643538402294977 0.883020926763869 0.587419462457973 0.809172668417878 0.752191657307964 0.680583702478589 0.621384276846843 0.794477988850783 0.778561849230627 0.76515956247262 0.674135365390079 0.72827588028291 0.575585375984457 0.673864549839562 0.620932564081630 0.803380335490918 0.777015280054179 0.446649039631236 0.623130517150157 0.533597068626979 0.677732786941518 0.727647116350341 0.694214619563043 0.715151389847487 0.121764019343659 0.785944450603822 0.576283145939316 0.721114922954425 0.750419191531346 0.659885975330941 0.753001604217272 0.771171283937353 0.75713208922456 0.611301272966039 0.593296689677876 0.664234109742266 0.644542726063653 0.714059772576276 0.70058064838744 0.544584067657501 0.677005554478541 0.741034432508697 0.687019593628108 0.672512643241191 0.656347304340879 0.438481270333852 0.505764613570728 0.623742027935067 0.719432022719655 0.517611503152372 0.271144638330389 0.573509014682053 0.360838461808070 0.463085980800452 0.558656940977773 0.709855356371669 0.451704738132965 0.289503000848762
0.616659281564998 0 0.554144429377965 0.61825112662806 0.58988139154988 0.616615448294676 0.739098643540705 0.821380993370574 0.68800186715588 0.52394204395502 0.523006516791525 0.417938632148906 0.369866507575297 0.277310827471681 0.631095522048193 0.407126836754414 0.415439896240697 0.161692136446142 0.0610541178644708 0.245249698035150 0.388311072686249 0.450389794989236 0.619536657096195 0.049181795364583 0.7640821621726 0.41904292506284 0.459144271028466 0.319261455563005 0.143136375346477 0.766944607137149 0.617035215162416 0.387787821120542 0.338086512845164 0.251335814067076 0.428421881609241 0.859548831212857 0.876284697181789 0.736689788691066 0.826742305401527 0.834245207032534 0.810296483467998 0.405036779460655 0.180796599062875 0.610201047209117 0.832336117562414 0.557072334080827 0.526105933608874 0.56331486196156 0.604038480262387 0.644464264982288 0.728684426771179 0.802022635867699 0.5731445016132 0.693691012160574 0.437572096941920 0.377431882365768 0.307378045485987 0.603731535419472 0.478777210921637 0.344127605213283 0.364938833143662 0.127678289354117 0.279349444660068 0.341174919801562 0.45667598286706 0.60668095928521 0.218224234963218 0.795493658229682 0.53535590809823 0.424732666004586 0.301272631511907 0.226022955652261 0.762749558406795 0.618729134701436 0.447880421681935 0.296370803913753 0.31523075919993 0.338115127014652 0.689123960596232 0.726713874650955 0.597705516943946 0.762554470868341 0.686071133454369 0.693941757424583 0.372391681107478 0.319499126523782 0.346736136031399 0.462456745297534 0.753214331803083 0.595272448320975 0.644646820870977 0.768820249557385 0.389453044533291 0.264850704378825 0.231871274534159 0.647774714123741 0.550054798849372 0.7015488921031 0.664626694853477 0.471276115836111
0.835610414338819 0.554144429377965 0 0.72205639134861 0.488151579486983 0.439383012433281 0.854149509346632 0.6754179709841 0.766924079557975 0.566040495888385 0.618872390505326 0.710887825431262 0.587345566495084 0.480135053216405 0.843583195317612 0.688149657452702 0.664612523621536 0.47567003561361 0.420014699050614 0.672913824851852 0.638361176755332 0.659381909657022 0.78366601939751 0.038634383167762 0.702187685054412 0.448377852129645 0.69355427905408 0.758936365148551 0.683448665851906 0.616229687622906 0.74083592447569 0.701397102861908 0.563157665259006 0.328123176426265 0.649958839716928 0.550893887425145 0.688853723992651 0.79955932749435 0.591394339266378 0.613798561762451 0.739922829853995 0.65847221892227 0.669597159368958 0.796937074451084 0.544992022714099 0.92572023295762 0.692652272114904 0.595478613353808 0.587453018154953 0.847527976995922 0.738661342909778 0.689116005801745 0.682298231163287 0.67391076189375 0.529918227912903 0.6673999753912 0.57841715468762 0.845376773172677 0.791372482555026 0.417939444562874 0.583310136697354 0.53967809016499 0.661799344137182 0.689993198490073 0.670454146656415 0.76210949292646 0.0978920113929535 0.752399094325523 0.568608601179758 0.635306879644665 0.747398341783388 0.64484478195632 0.635616503360545 0.762902751372925 0.773416426687706 0.623833063632266 0.603944104737246 0.639567126186787 0.57177404165057 0.634432151850088 0.718780556007156 0.548380165475838 0.666653499544409 0.729846599617399 0.682260452394727 0.665877033461522 0.764741247321965 0.402869711710074 0.52365607270469 0.652727849344967 0.644775680318213 0.402701015321185 0.283718454193192 0.694573591709396 0.473719785967597 0.557164118889781 0.659674377452753 0.628840351283454 0.453912136825621 0.316997559006537
0.793491757735699 0.61825112662806 0.72205639134861 0 0.662120914756792 0.660658867836237 0.75667475559949 0.749747286338265 0.663230718273447 0.606217779961764 0.70940155993161 0.547164526680311 0.465736708165632 0.401961362868827 0.705141383576814 0.645326549963472 0.490405653758453 0.603370075550661 0.597694181984141 0.578739404906138 0.575649291974074 0.567830131024535 0.533894645505846 0.150764536520161 0.65296102295765 0.191605409838428 0.590886214743032 0.535414408525973 0.379194442336463 0.639101470906766 0.725892162297416 0.494437707392813 0.368665595106896 0.175833705068471 0.489701809871195 0.566828721659654 0.667431255024913 0.740433856003406 0.643466541935545 0.57136008141302 0.713415663471518 0.555336863470403 0.354966497244627 0.734743417610302 0.494642740149452 0.6071882619764 0.800060192659879 0.638495554320009 0.639957379571242 0.628135435415024 0.655655597517561 0.705168643894731 0.572059225278255 0.685932020205826 0.569841659149343 0.569471258493572 0.490547064958852 0.643403576830919 0.646292445769575 0.395327335952846 0.543885455614802 0.479830321945246 0.578559078799185 0.513786164300275 0.568556413398678 0.446575286503419 0.0630770481546659 0.623296215576385 0.293732229106407 0.465214346428937 0.496846975897768 0.447704099790304 0.662471890737322 0.608501049809593 0.513109633350451 0.440620530890749 0.376911548124741 0.433140394102849 0.675795047044411 0.580155642831266 0.519825133212169 0.450551466151601 0.473516111005367 0.629507122305571 0.540309565161062 0.481811881298468 0.366902267226339 0.395076163740906 0.491159349531392 0.419893109118929 0.567548202782174 0.451243239422457 0.362956055241362 0.270944419813668 0.308644789377429 0.44776504444172 0.493614370050984 0.552500830951375 0.34608014547382 0.358550413508761
0.642325055592858 0.58988139154988 0.488151579486983 0.662120914756792 0 0.80148888598026 0.549195628068177 0.725197137773643 0.623311466967043 0.672506483758879 0.687566377405525 0.528184690961213 0.450948986097868 0.557427737228792 0.504950406719868 0.515614814248415 0.475045774033854 0.380019796519129 0.310242809652679 0.390655617641404 0.482844358227137 0.448685595752393 0.375270873667004 0.147531074843166 0.591736839759173 0.154222992642702 0.444669429723087 0.369284988610003 0.285839749712609 0.696363824907665 0.568054735241269 0.366259748226207 0.458130334328309 0.252368927650323 0.418388569953943 0.694672692497348 0.598086289592871 0.626459748607064 0.636107858156842 0.557345632581753 0.694700662169235 0.453111357732945 0.213157236493442 0.596601383034969 0.475519083953176 0.444732775870022 0.547683897109133 0.829334768740983 0.685380512753822 0.52206941670092 0.589395145249014 0.650121180215482 0.616075233071904 0.643416535432831 0.553459591131266 0.514531494912085 0.459410120328731 0.50225550302581 0.475888595804506 0.31317961880362 0.48342755541067 0.290039935442591 0.436054002198322 0.395146352142269 0.44990674572073 0.343285146437973 0.0333229282063533 0.569468163203216 0.249693129631637 0.313417856550371 0.394381249993553 0.383922624972970 0.62939207408777 0.490809234169638 0.386183926315211 0.390266179569817 0.328724268555582 0.355527479862885 0.717920672390175 0.576874483956563 0.396376696668445 0.473643056882083 0.409158296336458 0.512307272256955 0.450135943683616 0.332026616074644 0.239743491297902 0.384362042028303 0.416321129776254 0.439976614704444 0.5682603597364 0.47810064697851 0.220677420379404 0.178644100271193 0.201935069853427 0.399289666624438 0.429397862054054 0.458692682178178 0.256663892175590 0.300211585591406
0.526754271542904 0.616615448294676 0.439383012433281 0.660658867836237 0.80148888598026 0 0.515750482393343 0.637726958654791 0.488423400617168 0.526782571642249 0.477711992880487 0.372328646297996 0.270983494132659 0.31760567265221 0.507890241828271 0.507423902309834 0.508253933274494 0.298740366845525 0.184744953103289 0.260980727903831 0.28551885952575 0.376705618036498 0.267564465500264 0.284832240141235 0.473619419513767 0.0452693308472764 0.270386001351851 0.184723401442322 0.109270458270871 0.548486307997442 0.505801112549518 0.25644287848336 0.354250887152467 0.0093157078632821 0.180137894288207 0.723986453910594 0.640174366361824 0.576365683387322 0.600936784173138 0.536538647412017 0.608452771657851 0.354463194707853 0.029652876736944 0.481875347773441 0.434240162164613 0.389562421518635 0.479060921471333 0.619258826406843 0.659765494619758 0.467875713070025 0.451071751058957 0.526545678013494 0.412136837004609 0.472086420821207 0.360375513794896 0.326962412630661 0.346958221681051 0.443650645341142 0.464402964985777 0.348340443109607 0.455285396926361 0.201714011228449 0.270955457917005 0.189255319373033 0.337222113133439 0.261557777108 0.0679878375628572 0.469359625080358 0.135968417979155 0.170659868940060 0.200128721978032 0.208537619400463 0.502917065127638 0.373398825681823 0.211472127756587 0.202845975290503 0.147570541146301 0.119814130121549 0.671356521858428 0.409443902226275 0.323399016721643 0.444229383389471 0.312562946735537 0.391447131465833 0.344594583929529 0.172397509800083 0.0752380272863043 0.295988956134813 0.405424877708334 0.253592747754072 0.455542646078463 0.434875319297348 0.219692536723289 0.00611625762926254 0.162570164659651 0.393572237223927 0.462740031381343 0.446815838950311 0.265499266475879 0.273822072496673
0.802959998699748 0.739098643540705 0.854149509346632 0.75667475559949 0.549195628068177 0.515750482393343 0 0.810736636945159 0.808418161278924 0.68774094512456 0.718570639008924 0.674991101078186 0.595027396419082 0.403642073842048 0.914331187343317 0.655630794879055 0.620343170765956 0.496944418357242 0.43647002551016 0.584721985937224 0.604497415294767 0.680430738951904 0.819830869638338 0.0372472136717645 0.738536693607073 0.432749724129201 0.710295205204515 0.69128890903431 0.564050318999278 0.70772034375103 0.79080228261154 0.692564855625759 0.506478909761554 0.336137608921720 0.60531012932602 0.611199222129234 0.853062860559714 0.892666283372525 0.742522523940593 0.744102936771332 0.85941112749109 0.665218487297803 0.49363717594068 0.80882011488185 0.687811765673097 0.819534424017116 0.72798537082859 0.627575876011336 0.619078335327338 0.903813214153207 0.826278156282715 0.837497139027513 0.75692121724315 0.814991267619843 0.602289178622761 0.650909898209981 0.553059274509632 0.89906509041844 0.75288896309166 0.444138612675104 0.584744527195031 0.510777568153383 0.602160104671477 0.606140997268318 0.705449282703482 0.760677082463253 0.111609325382155 0.786065289252707 0.555298493824875 0.635298256309838 0.67193773125635 0.575923603024268 0.75372826787773 0.764118758177265 0.749292716568487 0.488205579990607 0.533909993638399 0.548710775618157 0.665626829427003 0.769422483724876 0.722420123829766 0.661603909269891 0.747400406493424 0.819726552396364 0.672697284541865 0.548559877076125 0.622230744377800 0.450040812191871 0.583623415649466 0.6648736403861 0.667177945827288 0.576999555033845 0.309683058864021 0.522607928369543 0.343108641311957 0.551379290654764 0.630676238711618 0.666527941393456 0.512073308395539 0.367130469781464
0.778662707825105 0.821380993370574 0.6754179709841 0.749747286338265 0.725197137773643 0.637726958654791 0.810736636945159 0 0.9004023032065 0.819566672324899 0.801832945382184 0.700070165373988 0.516963246724457 0.444923772514510 0.70450755781352 0.491217056225547 0.532653663285404 0.41591109145675 0.347749154075435 0.456009117513193 0.60138206222922 0.689367588627072 0.639022473204258 0.0714509625982445 0.751381882820415 0.361584409011104 0.59367473792978 0.542031513721372 0.422096461150619 0.763495702851098 0.786685947860792 0.594788921172186 0.546514514978456 0.369335092839647 0.594549870128756 0.73893670136732 0.853363086359271 0.837569003403274 0.884926445788863 0.747938435713589 0.905305683567619 0.649448912412804 0.366291609312548 0.784242487454903 0.757666800293539 0.684103706116233 0.70014010864302 0.72890974465593 0.6522059527888 0.759182924005713 0.869397706423665 0.905373338240407 0.750218881301671 0.865442839307447 0.683267498359605 0.58917872390529 0.494599908030575 0.727793793835873 0.593358448757019 0.405635938454430 0.542571036877189 0.384193183532836 0.518507024671447 0.584601585774531 0.654857240603236 0.61730987505645 0.0832148845065768 0.782182317648694 0.479021144216944 0.479159662682812 0.508095772840291 0.476984022203742 0.807415374511993 0.76608987169281 0.617557005545202 0.490491988472455 0.498428868878837 0.510572456897672 0.744206301824623 0.78466748759456 0.650072446760904 0.70381709181818 0.714034411046151 0.812011882292269 0.61531307754366 0.517216172323702 0.429643106555337 0.397750709703601 0.588370330319067 0.593903563191244 0.7603603617668 0.685279406330632 0.248675299464172 0.346359480621965 0.223170134158117 0.575932728378516 0.582871438273564 0.760923185475778 0.561475585950706 0.328360307379374
0.791700475426151 0.68800186715588 0.766924079557975 0.663230718273447 0.623311466967043 0.488423400617168 0.808418161278924 0.9004023032065 0 0.818767039476514 0.839159309178734 0.819040015028512 0.64024757903687 0.541617610438244 0.736357739011182 0.497084128731592 0.61151475970701 0.427498741149415 0.393788709737624 0.508230461530562 0.652009726008698 0.722683957276451 0.749064045224913 0.00824406814324564 0.735198070157407 0.473793413924189 0.638863525244146 0.674974733979411 0.592437764104083 0.708971973766197 0.786836792206405 0.683030196539796 0.61179813179759 0.39991060180577 0.678973840581393 0.614987150946683 0.797322019458875 0.859467402431353 0.81437221597982 0.711850266721816 0.908651825474762 0.667638763959191 0.552668276169344 0.826974233537893 0.752102688340752 0.818298258809605 0.69205107425601 0.718520651810156 0.602242592295691 0.83719038240086 0.928904515606992 0.911942468605245 0.815379481729363 0.897777317940708 0.752341478892978 0.681224616819365 0.572497972553722 0.80820922762634 0.667843291729322 0.416220476050136 0.578383412797051 0.492770991573195 0.566281926561705 0.700456012132304 0.674354661695882 0.738305671449979 0.143725588928891 0.78778464183684 0.58811466258617 0.582783099212259 0.643370590270984 0.581987300667221 0.77783396151195 0.831608199617485 0.714079926523622 0.612123967345502 0.61388868126739 0.646470137804387 0.673399514188213 0.786843982317208 0.767461059355323 0.722577014788104 0.822361536480521 0.88492068046195 0.669460933271718 0.611934347445234 0.646414182326552 0.378418309108972 0.50508820422122 0.657058721446721 0.741629159249784 0.585214885839195 0.205619277957178 0.573152064524655 0.328446778174298 0.541482350608148 0.607077892027381 0.773546365621569 0.568969896542832 0.342175769761016
0.689538119640578 0.52394204395502 0.566040495888385 0.606217779961764 0.672506483758879 0.526782571642249 0.68774094512456 0.819566672324899 0.818767039476514 0 0.888933754690275 0.730701310494512 0.676386807363434 0.493231476347064 0.638974878801365 0.478375195441454 0.540568644336708 0.53169777661979 0.494359287854677 0.548902770345357 0.635622278670548 0.726692134034307 0.522604627363207 0.104712207084934 0.498153497991549 0.261132357173711 0.517598783775309 0.612156334137662 0.565402581882174 0.664336284541741 0.751119228683308 0.639669239873329 0.680220672593821 0.469426357478591 0.585899365094744 0.467105747261242 0.649973492318457 0.738693128349362 0.67861306747191 0.603338162465872 0.793136933537904 0.721388312571592 0.446380865802777 0.718661261115226 0.503848172323341 0.634373802215384 0.628664144031489 0.685989472231185 0.513349647729834 0.711435738489905 0.746374434545935 0.764642311470897 0.757633144917855 0.842761394370258 0.692909654120549 0.711325701864426 0.547221205156724 0.713903059492289 0.588609739276455 0.380465257562368 0.560204077085054 0.504731375717856 0.596400426245863 0.626182301558333 0.694082016414697 0.544932730988330 0.00410644054077038 0.549451169661567 0.359956690266085 0.41028490420111 0.598311159962403 0.60864220552598 0.662641747565883 0.687761915825139 0.628245003815824 0.543552581525684 0.545377046499886 0.532360353096579 0.564730348655088 0.637789959940634 0.534156195936086 0.468108451158665 0.592707798540809 0.705105900513778 0.70705679926261 0.542986280148587 0.390457550084765 0.267323283706657 0.373521585888088 0.462671243657019 0.678523069343841 0.536707576223385 0.0930478755267723 0.346962991979021 0.218585312460546 0.402973664766085 0.48532512453263 0.631471576565058 0.318840215058191 0.190955619719297
0.726411029152056 0.523006516791525 0.618872390505326 0.70940155993161 0.687566377405525 0.477711992880487 0.718570639008924 0.801832945382184 0.839159309178734 0.888933754690275 0 0.772818039988278 0.7037431635657 0.548051545990882 0.655506022943865 0.504848731639353 0.520918659032819 0.66689847855253 0.648300787296889 0.583378429968312 0.65487638930619 0.669769690417403 0.570841419781686 0.0923625276434795 0.531008050822192 0.280351489925827 0.576627734133595 0.639946091042278 0.54428459016557 0.661346254098212 0.755273924030372 0.62152983879806 0.587773757470605 0.406585452555531 0.607007331584551 0.433456471836724 0.609853582502843 0.737243067448844 0.636410403933281 0.562362852021407 0.791978351901925 0.622300406411644 0.457327723112369 0.777574947499834 0.519190808328076 0.661944694839648 0.728162234156948 0.750601154169128 0.572223720471056 0.727383410816943 0.777965839387855 0.784124999665805 0.779035499607173 0.893744415526769 0.79274752725116 0.761067245793816 0.558070800953009 0.728359676939259 0.612742447137824 0.382475918406069 0.593107795665949 0.617490935779685 0.620322460156772 0.670635951398019 0.635819847351005 0.559288063020461 0.00452031430391143 0.569150213894246 0.365148611940439 0.477060239533261 0.623053144486063 0.56765411836064 0.700803999475061 0.690838499948283 0.613860883299762 0.597110175151513 0.555506344408685 0.556875856639875 0.623636752739072 0.673945629655958 0.569632842717833 0.478938643790064 0.612241826193944 0.726629658157136 0.629353233118723 0.533603943872344 0.438449541136765 0.288496304935714 0.360648439424557 0.476161488925823 0.682701679653258 0.514585016480266 0.16320452636546 0.392967227823443 0.261406997848215 0.387649563339372 0.450413116223946 0.590992708663346 0.32388028154789 0.264866291461513
0.729737080203022 0.417938632148906 0.710887825431262 0.547164526680311 0.528184690961213 0.372328646297996 0.674991101078186 0.700070165373988 0.819040015028512 0.730701310494512 0.772818039988278 0 0.755343902813489 0.761692074725889 0.727910733798966 0.628919267209995 0.695895176979582 0.636542024909365 0.610351079369448 0.709368323937644 0.714067838291977 0.579377829606498 0.586061123838599 0.143848162228366 0.447374633138075 0.33585417082225 0.665245257097523 0.76934446490722 0.683158081578101 0.560133361395112 0.707494838487978 0.63207913876199 0.678385236033461 0.435880159005364 0.666118593937211 0.407374985780654 0.599195119296852 0.692805693314493 0.554024300836008 0.531095676212998 0.729883022423018 0.589235195864416 0.627724441171389 0.806476809483857 0.478849718608996 0.762740213252516 0.678720632120847 0.714868997864271 0.56876028878131 0.704976915504119 0.775687098561223 0.692659979487062 0.756944780219474 0.790116478259998 0.769904251069603 0.802284788589268 0.791885816820264 0.719077280630366 0.744605500305018 0.483977337698671 0.754497053528475 0.721021387468746 0.721679878728123 0.801513827301292 0.56343364535828 0.614366549054832 0.0312700390046304 0.570174444675857 0.46031209709233 0.630302042069173 0.780466178238997 0.609770908802714 0.582115671520263 0.794122511790267 0.70909765223117 0.71080186485667 0.686989174580734 0.668112422097137 0.587315643090324 0.652673840899867 0.684865694519985 0.473541353596032 0.631799559257123 0.696810427389197 0.583700857334712 0.569072642815781 0.669879396416403 0.240240010361592 0.244991648034279 0.537731627417471 0.667260516964245 0.332534080066639 0.00974872775311215 0.626206921607076 0.322211976092634 0.371260032153837 0.544898884305836 0.594948857222264 0.294701444026770 0.0885586288300076
0.70243565756273 0.369866507575297 0.587345566495084 0.465736708165632 0.450948986097868 0.270983494132659 0.595027396419082 0.516963246724457 0.64024757903687 0.676386807363434 0.7037431635657 0.755343902813489 0 0.651734910631074 0.652874097353632 0.573560694495847 0.503476575636631 0.521704827201420 0.586322686654637 0.662572421161222 0.635824364398014 0.526152152176591 0.57378331455733 0.00333686721999373 0.41886812296755 0.37761479220427 0.671646103502087 0.739454607551068 0.680226988547077 0.646282528242284 0.631707465444788 0.592413378499814 0.70979590684879 0.393314383583648 0.618771953093018 0.295462055718555 0.461645771414763 0.592633728969221 0.408310050493715 0.546347855914948 0.639526061467346 0.55931941080235 0.62328886904626 0.778170269373773 0.377422997576355 0.683045923787698 0.614279821838329 0.628203294270715 0.497185976559469 0.627286653617267 0.61353548802185 0.562051535555884 0.641895921404612 0.68491055698582 0.589416319167438 0.81265666569894 0.732080227763801 0.657573083696635 0.709040380165556 0.416608265434315 0.640078253024928 0.644232712130925 0.677292368525793 0.680574806889323 0.562491646042169 0.62208744436453 0.106624955008010 0.570725399342389 0.48523129356991 0.65750121932262 0.771796344385532 0.635445070182477 0.577607074672981 0.665384809682649 0.692776630235364 0.71425407365511 0.573559132549323 0.610168376316584 0.416701915741896 0.556627748308053 0.59831099994176 0.356061638187801 0.571573078633308 0.581229107738471 0.577444285264597 0.564812001874401 0.613584850209736 0.222951683822454 0.246295899864973 0.519828265551782 0.57063149935442 0.315619165100013 0.0355256236703064 0.593864026068043 0.33573321683056 0.288524082456168 0.440897569420226 0.485908565592488 0.22943294532275 0.111914074479818
0.570721365757649 0.277310827471681 0.480135053216405 0.401961362868827 0.557427737228792 0.31760567265221 0.403642073842048 0.444923772514510 0.541617610438244 0.493231476347064 0.548051545990882 0.761692074725889 0.651734910631074 0 0.524432179508956 0.623190655600542 0.480054011256957 0.441289092496760 0.427920070483660 0.655504333152431 0.633113063256817 0.326161988560677 0.351891714881831 0.0601081644616189 0.34706223003746 0.218813987001585 0.556110441557167 0.586621608386571 0.533705359857102 0.466547844072404 0.511647122133485 0.430523677321405 0.591794416789872 0.484179319756381 0.577437146569047 0.309539205233778 0.382983474709263 0.443755671975353 0.375737597710126 0.354600634503244 0.46970483162751 0.367572585836671 0.522920136952736 0.613383461490205 0.288372509301740 0.490349225111754 0.485178188355515 0.655070918429686 0.539146488984143 0.441917799363786 0.563160669100287 0.433811013436987 0.592566601352166 0.555143677721007 0.583661448776405 0.63562977066776 0.788101597272281 0.461276884801796 0.60346757116735 0.455675413926102 0.615945900658325 0.473978101976688 0.652976283270701 0.664427144728918 0.364582078021763 0.345635082972939 0.0432128869346912 0.424216850686392 0.279217998678475 0.556164237469282 0.628241609513564 0.496355376347176 0.399252624863142 0.598260605459746 0.552253149681277 0.665623394143968 0.639615367924136 0.625111564417039 0.503960335774457 0.528182620431832 0.499095416649254 0.319367677818731 0.432980224087901 0.451827598757968 0.375932331260083 0.439254925253387 0.579643630942934 0.240741059194484 0.109198507835008 0.449457643765108 0.514147208945697 0.166243923800659 0.0150255766986404 0.554749427525274 0.335973727670139 0.238854539366784 0.384030541878847 0.388644839830055 0.162025220504386 0.0555330512385440
0.790276472727348 0.631095522048193 0.843583195317612 0.705141383576814 0.504950406719868 0.507890241828271 0.914331187343317 0.70450755781352 0.736357739011182 0.638974878801365 0.655506022943865 0.727910733798966 0.652874097353632 0.524432179508956 0 0.817227812402025 0.712717578825074 0.549468529780617 0.468985681065318 0.694770173128882 0.679282474220645 0.63168247855757 0.741145082040771 0.125294624570102 0.597923389401502 0.33163851677837 0.663040343115749 0.693639655219182 0.623544872630911 0.659214010905062 0.777507984900325 0.675625506512508 0.615161000031969 0.364344367369455 0.605172385692015 0.537925194338059 0.796076436751711 0.831468001607497 0.653374329969693 0.68547300923877 0.781983599955505 0.628233790852333 0.595783968266334 0.813873843477156 0.560942492217493 0.8254471357694 0.692229403502482 0.595206358606881 0.616117112157064 0.850658576276935 0.726769282015862 0.714985302560313 0.686980855119415 0.722586643285762 0.523512944503788 0.696138848152449 0.636658511183268 0.89846506721239 0.886545996486399 0.609044303251732 0.688465114696084 0.511332198568543 0.660001805842448 0.663333016212185 0.66392644748002 0.72621772647966 0.0305171809499532 0.679188238959655 0.45794153523191 0.607055024064492 0.701354023999491 0.615496162830793 0.668860364445547 0.751210777011145 0.748179916759705 0.5782557194396 0.573411480023284 0.576222936159237 0.644276342465329 0.684320093917746 0.724011684579501 0.512793533951107 0.640189596443969 0.707119940085045 0.651636844656122 0.580790886078004 0.649459805206544 0.361221215340437 0.469399312212496 0.616694756631933 0.635393848186765 0.46847757480602 0.193470479031663 0.546229795437144 0.339912706401785 0.469055857953771 0.613966602955482 0.600743647727968 0.330399482238062 0.247816553727608
0.685349333283835 0.407126836754414 0.688149657452702 0.645326549963472 0.515614814248415 0.507423902309834 0.655630794879055 0.491217056225547 0.497084128731592 0.478375195441454 0.504848731639353 0.628919267209995 0.573560694495847 0.623190655600542 0.817227812402025 0 0.689443280659447 0.592399647886645 0.473239849210851 0.800515880819637 0.611096012877585 0.46154238119771 0.449361006024764 0.195335017772797 0.430549018196821 0.141929631804950 0.559218057184234 0.611652987316827 0.538801964962866 0.489074781374939 0.62591728296106 0.522577472053592 0.514712245104709 0.308706748932758 0.497358862637807 0.386291029351452 0.515840354682994 0.599407012987289 0.462840406256292 0.412306188760377 0.543721141993378 0.514451442805111 0.449947052051098 0.676300528202948 0.276610222725806 0.59076326565964 0.634959125869254 0.565148530956163 0.553766109954527 0.582126255172214 0.506008521453033 0.459929617555095 0.464661095792386 0.478378610720866 0.419269365752582 0.573070795160894 0.69159480076045 0.66657613472845 0.881474226798714 0.571887314483425 0.674638670071824 0.491290358479014 0.761025847186166 0.581581412721204 0.528809750302547 0.415089526882762 0.0912622659371349 0.459631722609144 0.232892517112728 0.456746179265317 0.641221512056043 0.556983920283995 0.477408696110829 0.534152254510654 0.570383568530965 0.518461261592628 0.508114111490137 0.455686216474922 0.581304090327622 0.453974937325239 0.491338412622253 0.251924604437462 0.364292489007783 0.419694609239542 0.52994367414532 0.412577580177231 0.458600015440114 0.243722382439887 0.292797456774282 0.381773453383688 0.418290338198126 0.224698603874913 0.183660517266730 0.357158989492104 0.261412055440044 0.322901790353813 0.454902040668499 0.383168055205035 0.110693514520000 0.139055648248859
0.614831163321818 0.415439896240697 0.664612523621536 0.490405653758453 0.475045774033854 0.508253933274494 0.620343170765956 0.532653663285404 0.61151475970701 0.540568644336708 0.520918659032819 0.695895176979582 0.503476575636631 0.480054011256957 0.712717578825074 0.689443280659447 0 0.56016464186717 0.372248702341231 0.569708520688105 0.453246453102629 0.472545428200017 0.558188702725743 0.0891805550848906 0.402198878636618 0.315414235881521 0.512777076742859 0.579581805877046 0.495205809510295 0.46717368864397 0.544807141049131 0.503962736183355 0.47368117266359 0.209733301772355 0.392157906379776 0.480212333560789 0.589906455833981 0.684564184308138 0.459513191250547 0.524180972680999 0.63675555838616 0.489352562835352 0.39978183870403 0.603492133874607 0.371891432370125 0.674773221222633 0.484287931550773 0.513944358407555 0.438288846991381 0.621195322019849 0.592521394640261 0.560848021941883 0.508132005744023 0.551125208019643 0.480976960962143 0.563949871834933 0.588986729431865 0.635863325628729 0.693272775617598 0.430269375087477 0.69007833337587 0.498674080136401 0.541958729241541 0.537917642023936 0.399931449004208 0.555513505157545 0.046954093072408 0.447692577136785 0.456833350183887 0.423468648060491 0.592564249048035 0.446609536894269 0.408231662556821 0.507181979761393 0.488857472667175 0.419228487602399 0.407901418806152 0.374415325117180 0.53951999756862 0.463587997963415 0.59695647212717 0.382517293468234 0.48692219765065 0.513149026881087 0.468223100022071 0.325469472639717 0.502756160146964 0.174792265128169 0.390157234885489 0.472363780955861 0.491894270692433 0.361114611503064 0.0501099385243908 0.431287514048556 0.194925757013359 0.461085934556353 0.532396152394896 0.454363761439578 0.218876654823882 0.163951274370598
0.52867557817828 0.161692136446142 0.47567003561361 0.603370075550661 0.380019796519129 0.298740366845525 0.496944418357242 0.41591109145675 0.427498741149415 0.53169777661979 0.66689847855253 0.636542024909365 0.521704827201420 0.441289092496760 0.549468529780617 0.592399647886645 0.56016464186717 0 0.829791509525016 0.71473671161815 0.500242528016349 0.428170609782526 0.276850417242964 0.316192863494548 0.173487919022972 0.0344762007341203 0.480442788820506 0.613065729513913 0.467991680318942 0.285844450534719 0.510253866841235 0.421622559338549 0.407839825381758 0.206766019425769 0.375263077521841 0.147391559371306 0.265859953702902 0.450332295970856 0.252289758383885 0.237813580593718 0.452896100698636 0.459787222043944 0.34244751211291 0.610872475502316 0.101379619983179 0.434980934137803 0.72669809454939 0.540429042739843 0.388745912602378 0.460015665495329 0.396427340416448 0.399430022938036 0.437828418562704 0.527710575302368 0.573630595363927 0.630246337342393 0.559740162105469 0.502050538420207 0.584154374450491 0.327235365009312 0.674792583225025 0.780775633355899 0.686919782064271 0.528255275441536 0.405911043652291 0.251460057235273 0.282624079414783 0.210523143521013 0.0511345585977865 0.386653335321464 0.605344002268438 0.455293842281096 0.370309172316691 0.42650339630005 0.389736842713914 0.467249371139536 0.366546564975098 0.344998780208911 0.406568129272211 0.304823631058583 0.307527808501757 0.0828791210866801 0.2296339252349 0.338688576051806 0.420994545553233 0.361768638715062 0.229792629560465 0.0400035525270189 0.0915331795454416 0.279107727518338 0.361398217455461 0.108337654641374 0.119317503590096 0.182580878783682 0.0788999604100319 0.164024483840737 0.306777428125565 0.204928456758579 0.126405857245753 0.0460099524298701
0.534621172795682 0.0610541178644708 0.420014699050614 0.597694181984141 0.310242809652679 0.184744953103289 0.43647002551016 0.347749154075435 0.393788709737624 0.494359287854677 0.648300787296889 0.610351079369448 0.586322686654637 0.427920070483660 0.468985681065318 0.473239849210851 0.372248702341231 0.829791509525016 0 0.637654714933609 0.46789603086632 0.362245382493989 0.304915712953825 0.162818785235555 0.196831280919546 0.119494850969035 0.590259868494926 0.635388966257498 0.484200494799466 0.31071326180329 0.499904343251774 0.405801479688982 0.366381177422645 0.117478327750702 0.334621607291621 0.0355653830398881 0.21121503620031 0.390420140880348 0.171756787052449 0.216812701478890 0.368833807950122 0.387784727047212 0.363907922650505 0.585966697411653 0.0563448004287152 0.39071395896285 0.637173079141169 0.443956486628196 0.310748084503177 0.398994913970056 0.362160988620809 0.370292506473750 0.434234729961347 0.537367171276332 0.568136131112045 0.701461439387403 0.513343340734705 0.452738425088336 0.527382866209387 0.286411793824811 0.522202143025554 0.795639247858774 0.614921743405882 0.498817809387338 0.368779129965044 0.258240373054524 0.133170740469345 0.197190600132964 0.133174261959356 0.53489357364066 0.639506014599006 0.433553871168104 0.312604544903840 0.444316925369661 0.419969735130395 0.488399467251284 0.313612876252579 0.346211988555324 0.330084771875685 0.336084678184311 0.349976979823395 0.058407091547558 0.226900126931326 0.363220271544276 0.378498636755188 0.342689655176136 0.301058400705235 0.0362369915074557 0.0275837447325531 0.180988938713385 0.34075104295972 0.09122219879093 0.0169432673656123 0.270271820873696 0.138867772891658 0.00719047563375246 0.168351356051197 0.240221568636708 0.0751372431698781 0.0572361683096324
0.667404260613151 0.245249698035150 0.672913824851852 0.578739404906138 0.390655617641404 0.260980727903831 0.584721985937224 0.456009117513193 0.508230461530562 0.548902770345357 0.583378429968312 0.709368323937644 0.662572421161222 0.655504333152431 0.694770173128882 0.800515880819637 0.569708520688105 0.71473671161815 0.637654714933609 0 0.73855508439525 0.581424432263738 0.400126275822320 0.173728464353968 0.323074775984994 0.168965549986486 0.618802007734229 0.824801450067318 0.752956677478742 0.431905931106881 0.675764228217043 0.69083990249353 0.64573763385477 0.549411729827352 0.695510500645745 0.247125155419443 0.344878938808523 0.533400846286792 0.327064278148515 0.365990481492935 0.514891356104763 0.677640576155848 0.671319944817128 0.711893722274791 0.148430233385844 0.604312636544007 0.694912311068759 0.591081292610688 0.446358948879294 0.587822699235621 0.493196375448599 0.41917166792917 0.527284100846672 0.518242878780003 0.485529955817115 0.693909955912758 0.762954259173215 0.627707064647709 0.776746987041683 0.389034670741575 0.646405636510033 0.655079354904124 0.9216661423581 0.75430057940864 0.652303594598033 0.389642714523231 0.140964931529247 0.403703199086722 0.211742733674878 0.533313288499712 0.82850993348341 0.724427120382452 0.430900996496267 0.633220503334508 0.71856187288533 0.682243087002923 0.678407862202323 0.664067358943819 0.454870152909 0.413017587364775 0.478355016617258 0.144501543270079 0.323508480156296 0.416232239643186 0.658413760359579 0.660667373516375 0.526608620825509 0.154244448954796 0.176071357572585 0.403888363372078 0.51838584059635 0.183630713943817 0.107698641256531 0.483192857055988 0.297238567843261 0.267599403923932 0.44209549758096 0.369848661456561 0.0107126496383545 0.0183374838890183
0.735155279386818 0.388311072686249 0.638361176755332 0.575649291974074 0.482844358227137 0.28551885952575 0.604497415294767 0.60138206222922 0.652009726008698 0.635622278670548 0.65487638930619 0.714067838291977 0.635824364398014 0.633113063256817 0.679282474220645 0.611096012877585 0.453246453102629 0.500242528016349 0.46789603086632 0.73855508439525 0 0.653084876027367 0.463475486427534 0.0265397681880714 0.43361142711994 0.263971592959014 0.526965922457893 0.622738444285456 0.65251106679026 0.621954672921075 0.750461923448294 0.662909456833594 0.71966023241685 0.71825635287993 0.834006258424423 0.364253456134723 0.480820050807231 0.607413480637734 0.504035116216585 0.420008853745966 0.597681030511927 0.636834113426544 0.749503586225734 0.737566680676137 0.402460634404439 0.652994990827815 0.620354143410292 0.579664650526103 0.532876586380798 0.642364255114217 0.642668504693482 0.612533384192983 0.638538690409481 0.631302385059255 0.545302694216826 0.653790429767418 0.64618334622874 0.653125090593764 0.644308287548325 0.436486608745895 0.564288679254012 0.408271835696757 0.720899463425648 0.89861527930152 0.673345824614549 0.510111577684124 0.0108268054140634 0.534429604169101 0.330196449448561 0.469785224230105 0.619413689872904 0.678028859347205 0.63026063167353 0.750545133955389 0.733350741168297 0.704344798895448 0.819672048890816 0.817487211339387 0.528385617094694 0.56549914525578 0.542172302374465 0.322817090621907 0.481741868991913 0.571040518763058 0.672739755200817 0.804085333771914 0.615541422052534 0.406021556613433 0.291934612048227 0.440162280924072 0.634501613415848 0.338170944409533 0.139475454459520 0.55781301388704 0.437491685574090 0.324392125544741 0.460748138816611 0.55222029239904 0.217967007427997 0.190980404413880
0.69450269032306 0.450389794989236 0.659381909657022 0.567830131024535 0.448685595752393 0.376705618036498 0.680430738951904 0.689367588627072 0.722683957276451 0.726692134034307 0.669769690417403 0.579377829606498 0.526152152176591 0.326161988560677 0.63168247855757 0.46154238119771 0.472545428200017 0.428170609782526 0.362245382493989 0.581424432263738 0.653084876027367 0 0.536075104623662 0.00530855419673894 0.530078893566606 0.316080601351918 0.527821919181693 0.702993558775184 0.748555566911242 0.569286464300932 0.738365612356188 0.912360087247418 0.561976879289249 0.487163478953713 0.789448971344318 0.420962715037821 0.576995584554556 0.735010669301163 0.608890310201809 0.532587546197342 0.720968572915288 0.923048144932286 0.618200457281865 0.66306446115936 0.467850851475772 0.654432527951154 0.597574136778587 0.496700701990773 0.405424695929906 0.756573092732841 0.6748737682277 0.684959396341358 0.618730321871987 0.646013110192026 0.47988022297289 0.53341879130691 0.439468169523615 0.744750986793324 0.557951156152479 0.389391601021299 0.514334786164143 0.404502976913991 0.61107176927843 0.655835592342066 0.916085310370524 0.566909424567833 0.0430011613502940 0.57263509114515 0.384809112996546 0.423601906883664 0.65349484513092 0.812264986534733 0.574496018643396 0.632069356867921 0.799239907008396 0.456718022165106 0.557328309155979 0.684114838053252 0.505444846186883 0.615922126225373 0.573627992574936 0.479139614968614 0.616935674904536 0.686965535254208 0.926968108393255 0.748639978622496 0.475576570638984 0.253892615399298 0.392317378226037 0.520570151559833 0.618135831960839 0.465241697001837 0.156360166916261 0.412501475582132 0.211155925383648 0.392639250237444 0.48708651651132 0.571762885203747 0.291856095291445 0.162023393456436
