0 0.19991917978968 0.288112981906441 0.414092852845532 0.53593976602771 0.510919761720651 0.475353873699916 0.142440782719343 0.398211694862508 0.0397940295238851 0.127837819333929 0.356876024210714 0.127926433033074 0.0969782478345984 0.55727582175976 0.442513371194426 0.393892707783190 0.449741520250339 0.420157563565443 0.302631922295302 0.367954366581224 0.447770478704463 0.208479283882405 0.183741774677135 0.330529177713523 0.250269233217281 0.474524346761442 0.543334332732529 0.400877694596306 0.512888930338082 0.399801871885249 0.38575156118695 0.175050174303403 0.42505750030246 0.50512216535407 0.0493945153669467 0.223139286867065 0.336829623471926 0.108253682242058 0.0961344502727323 0.251447371511774 0.483067835014146 0.471929600313415 0.683988629210858 0.296319522563019 0.00444311029018934 0.188518963150975 0.411967717732256 0.364018156859091 0.135678430071489 0.236538908643999 0.291686186163282 0.16430080440559 0.319757734578234 0.256976692945441 0.103774707031436 0.299349179539207 0.100278837598231 0.251820056061924 0.231314996497554 0.379589794620080 0.376991617871096 0.297443639423805 0.322720679471506 0.377652505078186 0.0759178509568426 0.268144819316163 0.0809441612684279 0.131222912359627 0.426091697542089 0.481063247005224 0.328413959726531 0.464326703187307 0.308535924661415 0.438248611844252 0.111644215010837 0.142051595955945 0.264580004478673 0.376276235227157 0.197356474690047 0.125453988825134 0.187562933271832 0.112885360806796 0.297423444941055 0.413972390239651 0.38506214664203 0.422230826214459 0.261572452596801 0.358112976000172 0.376119207017499 0.340647693154376 0.231448632009584 0.157792985529826 0.35354233765322 0.241505437362184 0.389466429139028 0.43832858664129 0.474117913366322 0.127406743877012 0.369140559565492
0.19991917978968 0 0.205142923534345 0.252236033447004 0.332376749107448 0.474630154707855 0.396908413169029 0.357691668273587 0.427431204170453 0.0607423940939246 0.075105005520223 0.270631897825955 0.0763491336548048 0.269643719077952 0.393701418292765 0.395155903221991 0.269809878204937 0.202779897706835 0.248599152249263 0.376300289029539 0.430506396580777 0.0229190783253602 0.0160365720013590 0.391075333179615 0.0196769736557933 0.0622479786500269 0.0685806948876596 0.0940204412735185 0.113767310725572 0.229549075672281 0.121173649255564 0.255369864821612 0.114342977925522 0.460265742851559 0.407204432026668 0.507332402894025 0.542877595009711 0.608067703824444 0.285468915929609 0.629484220955324 0.332322895980345 0.0168984728367363 0.275455436656053 0.374012903314097 0.350006846021372 0.180432453211077 0.166835602099007 0.00982073930833685 0.125828056231238 0.170191387886879 0.163591318127139 0.292076036073874 0.0121619088793156 0.156013369474851 0.00228418742281094 0.0101072569953698 0.138009671008276 0.118099939836872 0.340547359585855 0.144353780752913 0.242313268301798 0.166392218325623 0.329995480080613 0.415129983819215 0.241935545292424 0.116748651234596 0.277498324069174 0.116961451922914 0.0169131120174141 0.00377189561698923 0.119183660219503 0.187307742045405 0.296400377056206 0.0918362504118001 0.0652953954774877 0.159279713045672 0.304762897934233 0.442077317130619 0.200500593559166 0.254605806215969 0.143425135780606 0.327076819073626 0.566564165124093 0.664399286424089 0.229150442749141 0.212106076345409 0.0592921838649788 0.0266949406709789 0.339766482712647 0.110772492612661 0.0943162588369976 0.107677368308120 0.163004682634188 0.0101597535010583 0.150565826299275 0.48111327561518 0.352109255820587 0.358513614446928 0.138633014511499 0.0424541007398299
0.288112981906441 0.205142923534345 0 0.486234804068381 0.0483658303997759 0.225626239879590 0.329722977590486 0.125168586393159 0.223088351086728 0.114349177890649 0.0372011714417855 0.0339385599095194 0.210955512837977 0.119377320954224 0.442837203311243 0.551341449294039 0.0206772209570258 0.229723032546965 0.366540000707264 0.592240942970608 0.215309437302911 0.0660197659909678 0.201181597251885 0.289757884573868 0.0664868463079142 0.177213297654484 0.0683340575880376 0.366226932621955 0.272922299174052 0.0898631611856665 0.027034951452923 0.137386736077954 0.233804711670255 0.212245477671039 0.191295678940336 0.253208437256666 0.0237431768839397 0.104873861181069 0.168690864588377 0.09455150291483 0.184097584170528 0.139186037666189 0.373537560573594 0.0916060667220236 0.209299935033782 0.347590324959904 0.043346988858593 0.0864312471515079 0.0613864233299843 0.0516137700123695 0.207282651763050 0.0995119831357352 0.139152673263125 0.102112130748402 0.0364225805781482 0.136349783853319 0.112913633752481 0.100145948277771 0.329369386375356 0.0533462023234327 0.103113697857872 0.00492150767812663 0.319645359980746 0.238204511836644 0.134063770675366 0.137710989446620 0.166996320562500 0.231581584992896 0.169058336964263 0.191626199243868 0.462836001339639 0.269485538073928 0.0972752190500753 0.375123209717318 0.121212886959731 0.161966132843911 0.0708555439635535 0.207054851501098 0.143503783864595 0.0319379930606275 0.119750931257828 0.0989751524422689 0.153147317614074 0.112842125091778 0.187545680289111 0.434604285977062 0.387608631610684 0.389496233928492 0.0234042107581724 0.266268958473912 0.339652525643596 0.243865985147740 0.0185468127023688 0.482874748469483 0.409568017378567 0.161698534621100 0.190743702636734 0.0835853383076713 0.256058228816496 0.322636371698894
0.414092852845532 0.252236033447004 0.486234804068381 0 0.302764300195536 0.310627982922536 0.60037166047692 0.190316121647605 0.117035196612691 0.222653268742279 0.0663031894182064 0.0166558161397195 0.525382285369321 0.410474509148123 0.634883952571852 0.703098059281411 0.273959998649144 0.513334084466367 0.620115358290999 0.560461880942449 0.179947676307536 0.0757906858363089 0.0129684108289363 0.0979538967473687 0.143066387362247 0.101697475839693 0.239805002301339 0.128538131013392 0.172772127381155 0.135956680083115 0.0143215438433353 0.175663284874027 0.466804807869602 0.0178302951108029 0.0567124008696175 0.458976070565675 0.374528495809923 0.210801387297414 0.364257238989279 0.0079465517486896 0.152729538097657 0.125369157905643 0.220172163475053 0.305434137559851 0.0239203011476532 0.136982416235801 0.0597037072693105 0.114621119644265 0.158101795488595 0.0379631150921552 0.0859170165668438 0.0900294769598264 0.00708215848993223 0.192703807591709 0.0423671076987312 0.0324516266207055 0.108146602956371 0.00597013637939738 0.138916098266392 0.0715310074401974 0.102705134999002 0.242415262197278 0.231853269031964 0.208453763455756 0.28924644913671 0.172015565116601 0.124993004571131 0.0605201243116733 0.0402193615632649 0.307949320111418 0.314771764515162 0.358426526256214 0.154925950881771 0.0241423644470496 0.233745440582895 0.186515112754556 0.257711465188788 0.234910954400349 0.24937890782377 0.165016623269622 0.0498823073320275 0.0519413399464936 0.174616155129358 0.170861072313791 0.370916863685235 0.238563688138554 0.00548903524630758 0.0446392675494475 0.07517552533535 0.062687416935501 0.0256475702519759 0.0163237811073992 0.137044052999867 0.0966292447750588 0.110647392329256 0.20965900706046 0.132514274132732 0.241540420858284 0.0173830802807339 0.0162593840498870
0.53593976602771 0.332376749107448 0.0483658303997759 0.302764300195536 0 0.638018273980703 0.381151495149955 0.334481599124323 0.387405744581549 0.216392119417046 0.277503168429862 0.314226778353745 0.143483317716428 0.238004458459952 0.309205292560263 0.186509256902092 0.262644270497377 0.233818393730416 0.275762348788897 0.146153196007559 0.220492816000488 0.293202541713313 0.183259155403191 0.133444127719104 0.264054113604558 0.19701320803929 0.474442876123344 0.383329380274568 0.2710878853398 0.46386079193157 0.197928874400623 0.379512006316447 0.219738289703075 0.319834710421074 0.275287832874295 0.176733381603094 0.276716359421017 0.445021957723603 0.261963388117979 0.351535880365412 0.354471331370451 0.192088971757701 0.222172340709138 0.480138982053627 0.304977203695175 0.0230471187716511 0.197542047106182 0.261699705000061 0.420223303422201 0.182291961618324 0.0732828944646002 0.250358204726789 0.0468050870187739 0.186088575522947 0.0095710084780312 0.0266764284469684 0.204747557898226 0.159959349757596 0.199288526789056 0.178617098477438 0.361043236405968 0.26647845500089 0.269115048702216 0.230968564306055 0.365322857280999 0.141209984220335 0.167754620135401 0.22006791936177 0.161287609168734 0.329876905791125 0.239594955808413 0.165829657409890 0.528813549918269 0.202772072710577 0.313397158885512 0.182770267442896 0.377700884579970 0.158605894205445 0.357966281945408 0.217088852767501 0.158437887933893 0.224304561504338 0.269982219452332 0.343237061580288 0.334072148177144 0.178115948013217 0.162596925727325 0.157568291455710 0.323622779723031 0.328375093366358 0.0672635813627128 0.127104678237422 0.0645016783081973 0.177393967675981 0.0188265492197002 0.450113846390765 0.299724279920733 0.341743433653265 0.0649963443560567 0.200469181074157
0.510919761720651 0.474630154707855 0.225626239879590 0.310627982922536 0.638018273980703 0 0.521644767771653 0.413872974469863 0.54186081020706 0.176751508882596 0.237763187038104 0.419025563224978 0.0397988316773445 0.255549503686108 0.432548722909267 0.309429746767718 0.356871165667576 0.266551813183960 0.318119772999807 0.268796667334853 0.373001196304791 0.313171622689394 0.340910888287127 0.106613263968326 0.400499392160159 0.196352648947127 0.332152580485676 0.285789233778017 0.246821049619331 0.449061024538273 0.259157029400032 0.383514079110438 0.216627703016997 0.512685499267765 0.478773245438023 0.261817043964411 0.351808664015454 0.438369710937811 0.416654999881043 0.349087041088893 0.376975018113689 0.305546315510236 0.383632845581083 0.45127981319371 0.417327914331098 0.205215925178614 0.314027074712183 0.409309571959167 0.526728009750432 0.385805653590931 0.255654175819491 0.320783376078798 0.137286537134592 0.35257370589104 0.196333773642440 0.0111563015459902 0.200060519050603 0.226399072640411 0.344372669105287 0.313101731710910 0.427688219711488 0.337906262421083 0.348277709568 0.349718105836084 0.397224942281346 0.349718201219559 0.00488850447943505 0.306618243866102 0.204398431339856 0.317738018776454 0.247340802079940 0.267756924252903 0.498967225101081 0.177962622869765 0.293385342979698 0.212739557635862 0.254091044468749 0.238935888348743 0.543320800054437 0.444895520152176 0.343255991395368 0.340642965831294 0.397102562052356 0.520768277157207 0.361560760873481 0.278111825806258 0.229703935985355 0.155428654893472 0.506136030324078 0.370751834874009 0.261071561610536 0.239534167143217 0.116994259843830 0.136133071158768 0.119004243105065 0.598779895964775 0.447248705723646 0.535094835090252 0.201110056352042 0.102067581812226
0.475353873699916 0.396908413169029 0.329722977590486 0.60037166047692 0.381151495149955 0.521644767771653 0 0.245660410713397 0.273898898268330 0.0231167686751176 0.183812501270643 0.241653481888449 0.111335071790722 0.0320435844699645 0.74980785721781 0.47668404844240 0.252354863080411 0.204660368349841 0.211128335463182 0.216859146459034 0.311923659641173 0.357252767835992 0.488798377751339 0.130901634606701 0.345352884953992 0.455301362045962 0.5279229597222 0.294217960226705 0.355592642227176 0.296510762492945 0.119808089508568 0.402295862451804 0.147409673282932 0.20463674513567 0.362272174233357 0.254752532813561 0.659811195396412 0.569098838694584 0.186070026946977 0.481555340848661 0.306176518396888 0.249025304618339 0.307675971798587 0.380477402463248 0.344983232364952 0.130926591808395 0.338504255208834 0.191391091643202 0.289826111526896 0.47175831069073 0.119043419892961 0.265486571224730 0.0164886858337935 0.161982621058391 0.102556249726982 0.135584003747375 0.0489896374038016 0.435696442751742 0.292216804615359 0.234573711462126 0.317885226018261 0.290012774756775 0.396091160473290 0.234300261588886 0.474748274266352 0.448316653919261 0.260676081098398 0.375506201128945 0.441626259953538 0.540110826203448 0.346766005370691 0.461534604721046 0.313893166261119 0.0790342303256264 0.348553063790022 0.0333358269973629 0.0549833510968584 0.102736712543202 0.198780498086129 0.375779167850424 0.17911831100538 0.0746888387820243 0.365215070197206 0.608669540940648 0.492405625520645 0.347118432438276 0.260599331042621 0.00333873191475186 0.457483436644096 0.319771640531978 0.00346533867830676 0.0240544546467354 0.272088257519573 0.162330463929697 0.0677404003687315 0.501861659307523 0.350309117978758 0.389318374508815 0.0930111327617092 0.0461463426610451
0.142440782719343 0.357691668273587 0.125168586393159 0.190316121647605 0.334481599124323 0.413872974469863 0.245660410713397 0 0.378747267217612 0.633244507300414 0.580212449130356 0.49451386172047 0.696095945338199 0.718486665360256 0.123952587058803 0.0188132696095758 0.288919430663516 0.0618669805300858 0.125159474493672 0.0150461112133731 0.3647135727235 0.280191590926146 0.252131132469564 0.0168246730522828 0.282175007316614 0.231502206525696 0.283832792434403 0.186726278571575 0.292547985691852 0.231029676027216 0.0297670161209262 0.318436875227379 0.304684404269180 0.285194592188644 0.254841745096727 0.084302265996623 0.341113692064143 0.518374913396698 0.679090361384244 0.595128970589023 0.608792364517685 0.0300255212913051 0.237981698492217 0.236494500258624 0.136147678223661 0.257381099031037 0.221760459524510 0.151040544065327 0.251663123648098 0.306915335419854 0.240559842504496 0.257566922584799 0.237490362351354 0.0833613054495998 0.0416712936502102 0.178401848549362 0.172998497873140 0.189832428999932 0.209861725683441 0.0804792383161365 0.174381045411196 0.0208990668430828 0.273952808511481 0.194736771361505 0.280920051050821 0.496199678875782 0.155215215693507 0.44975938468953 0.336037850786751 0.229144026537497 0.16565887632441 0.33587916034824 0.284563689086407 0.0356927156447154 0.129851890710858 0.0328305080245408 0.0136643203552578 0.0243797389272464 0.154915110127858 0.162224625823999 0.124498399609799 0.0826628155260138 0.0973704760251773 0.52781440761843 0.242577822281911 0.149114928970569 0.038116209526304 0.137452272816377 0.342878313284415 0.312251676358399 0.0385388118290244 0.0836308395964689 0.20993603044129 0.0307039359451925 0.146620638753565 0.348167818558199 0.319311315696048 0.133797762482193 0.125339143737176 0.0217801024162440
0.398211694862508 0.427431204170453 0.223088351086728 0.117035196612691 0.387405744581549 0.54186081020706 0.273898898268330 0.378747267217612 0 0.115482517995829 0.472675032340604 0.764393486449589 0.113108227379134 0.423676468655001 0.389386900922143 0.315280090012274 0.579172851610661 0.515730854637240 0.468191154996139 0.419232670219986 0.65485711078015 0.310015886546756 0.234701014908705 0.0512294300660879 0.376657863931057 0.247609488582162 0.279825079735756 0.455780174721364 0.253114657463696 0.196657222477547 0.421298494623931 0.37244979934842 0.205503197563080 0.498407256532017 0.56338407589317 0.205312446277230 0.241357087349054 0.468784764577262 0.410543350409468 0.311975766826165 0.64981566257313 0.367396902700772 0.456920429951772 0.543750174709575 0.387406137309343 0.442880382292522 0.25789299306616 0.0464191830170458 0.145493714281032 0.252542034696271 0.419115234936149 0.512246558952564 0.287892773972105 0.338777935276545 0.235423289064234 0.247164098855359 0.363443570592879 0.224343197746989 0.452731860316299 0.140432065941452 0.313123724895064 0.189033384026056 0.352607143385109 0.377567223300728 0.289318895054812 0.317198591246568 0.0320584180425965 0.302753239714670 0.226273210073044 0.246573083613642 0.310891307984666 0.212205737535299 0.344380277381063 0.483764388076707 0.265235685551068 0.113612021918418 0.0363376455347423 0.332232078766803 0.158331942557176 0.214819875675949 0.290463442911766 0.250164825250931 0.216377972695702 0.514273896442264 0.248441136880985 0.426304730788536 0.444767676092486 0.158877356069089 0.523709068271923 0.415345475509313 0.453760849978672 0.291580923471232 0.0471997989167373 0.430322554109476 0.166020740129531 0.565449509394719 0.333850532059979 0.375632236428360 0.356780671666198 0.239221829551794
0.0397940295238851 0.0607423940939246 0.114349177890649 0.222653268742279 0.216392119417046 0.176751508882596 0.0231167686751176 0.633244507300414 0.115482517995829 0 0.477161697224136 0.153194470790098 0.701423892478102 0.471795834766574 0.185546227102115 0.221041145823269 0.096192040011199 0.188649306557533 0.235675726184217 0.192538675778801 0.0704535476697933 0.0660053543529852 0.000374898698623214 0.0286041835903633 0.0590576937745331 0.114543354959638 0.0417274951899659 0.0674634895957254 0.205647417123265 0.345315605778866 0.158448607153315 0.0761939678941776 0.498580384407188 0.236526407693976 0.117992938731167 0.0945062962095283 0.0308972540402602 0.103107705278223 0.435636327420784 0.248622516220185 0.271914873764848 0.116662591584697 0.0466567309691513 0.0258002703847918 0.099009594820404 0.0825901725520997 0.145995104687109 0.0395654277512587 0.132246827200040 0.128456576424079 0.0944075340428512 0.160820556447471 0.102828919002024 0.108239624240954 0.189490768308161 0.0522210703877779 0.0689663891155018 0.123458231342430 0.0253551705811315 0.0977720862624015 0.0500073259978549 0.0171909603047351 0.122217998731895 0.0692699248749107 0.0302562480632365 0.173585255028628 0.0777728323801622 0.115153152583958 0.0847874555672086 0.00647696881781526 0.0901058874673818 0.133116896045259 0.273913281247596 0.0254431128359162 0.0812463854854289 0.0978395382615082 0.0361241497754957 0.274791872330140 0.0373902850929143 0.0277186294037834 0.0461751660311064 0.127933126037332 0.0753733121245635 0.0607041200014296 0.00144457321770797 0.0458490010908702 0.135110257773658 0.221487332243875 0.0529739473153393 0.0129227186425243 0.0566362839352407 0.049053348013452 0.0295565324022707 0.0765617176584426 0.0984366771298537 0.0557799364234567 0.0134956581192242 0.129547834329744 0.28488491542399 0.117702060779686
0.127837819333929 0.075105005520223 0.0372011714417855 0.0663031894182064 0.277503168429862 0.237763187038104 0.183812501270643 0.580212449130356 0.472675032340604 0.477161697224136 0 0.532190861622045 0.620032637748693 0.6487836879938 0.142174334522048 0.0192652112668705 0.385625881155484 0.218226706699871 0.110815596973538 0.00371795865667501 0.305967492885 0.252855751132809 0.215135666294602 0.30736529146221 0.235594856356449 0.254725781247584 0.342110451023839 0.338859123392327 0.194267251801264 0.130069481838382 0.199247702598946 0.324384564352618 0.283554383462399 0.268640171453158 0.301779812157161 0.178089702609875 0.161218887032751 0.342761244455145 0.480346588875356 0.392863602320637 0.64731665770955 0.149845866063031 0.0196399590169101 0.0538922603594935 0.194915963476387 0.0796661968325645 0.0954399739620634 0.125645031161655 0.0803904886298746 0.114015164454313 0.268893965703842 0.142580111204060 0.216735566382533 0.034098181631303 0.158841509256348 0.232430443966253 0.139917118836092 0.064661993156245 0.074956366095789 0.107988010456689 0.0396482766600883 0.101331145237608 0.106908711236232 0.0286764110227896 0.279808335501533 0.389183393420566 0.443880321702017 0.301320548190866 0.403368756212488 0.371970212736034 0.150769649433293 0.25104423436662 0.0885749061721814 0.296595703147592 0.219504975323489 0.136734846203057 0.214715169480259 0.115445903679935 0.148224859204678 0.176410260868589 0.113896129081284 0.0274195250914688 0.0181892229424916 0.135745891689205 0.275278615313316 0.104185394415591 0.142944013253545 0.0694111105586058 0.277877391959279 0.262203827732193 0.0928726875716377 0.174324697452405 0.0113011214010603 0.144955323814893 0.218579283220607 0.271243693509857 0.171219976789621 0.0377427418490887 0.142745703050737 0.026659616182662
0.356876024210714 0.270631897825955 0.0339385599095194 0.0166558161397195 0.314226778353745 0.419025563224978 0.241653481888449 0.49451386172047 0.764393486449589 0.153194470790098 0.532190861622045 0 0.17182755459564 0.535919204029467 0.489579185559582 0.324596890945995 0.707532153879908 0.492350305140426 0.367878864756322 0.364815554337665 0.724296599627636 0.383540313437042 0.177490734466443 0.141830429221676 0.299418267788555 0.373050255186169 0.376200806040528 0.421798702593015 0.307625427668759 0.217057792828653 0.407958500746387 0.397058977137173 0.223904032703841 0.381607141494131 0.475807753302766 0.0824926981573127 0.354629492001576 0.543090222373528 0.508991227341505 0.405190891754802 0.745778519555988 0.362044664092705 0.436191982809108 0.509298728327456 0.260621587738352 0.347953071971125 0.283477372877607 0.0177630294517420 0.0753914649933845 0.29144919585196 0.282848867982426 0.314231649334126 0.17437635647353 0.0944636431514427 0.0538395637288299 0.165502013659242 0.220919953920142 0.263515214515858 0.380213108284781 0.130506666439142 0.188316237510894 0.00265876496054457 0.313953782973206 0.192891133940799 0.357288543694144 0.335306400460930 0.290956489810372 0.422614847329118 0.432293956495440 0.359410174918881 0.268186913780087 0.346333767547004 0.356543995611969 0.451804773918378 0.329761081704037 0.193556654536692 0.110874339493273 0.283064524596706 0.0515063415146769 0.155660367809791 0.172868569256728 0.00635561483653578 0.0197413295293499 0.385429293280974 0.347508989046634 0.379351845597331 0.314045824827256 0.0587294662668821 0.355402753693621 0.411620749471498 0.243977091646177 0.0327264075719277 0.129272433065915 0.349705038359522 0.0225813376445946 0.462951456580551 0.247186433959507 0.280318656193263 0.324140582296446 0.116503459857728
0.127926433033074 0.0763491336548048 0.210955512837977 0.525382285369321 0.143483317716428 0.0397988316773445 0.111335071790722 0.696095945338199 0.113108227379134 0.701423892478102 0.620032637748693 0.17182755459564 0 0.78977477854128 0.268366887241488 0.389386546108466 0.094131417461588 0.380050690657954 0.473428748394557 0.365514725030685 0.0155769120975664 0.109995767920366 0.110424158722287 0.138399895155819 0.0456813778669196 0.0209111011959777 0.0908227505186254 0.113264725132846 0.180630103246422 0.186868229672213 0.066494688187872 0.109292719106984 0.586214050660868 0.225064561599195 0.129722011323887 0.264498012361067 0.074131040846848 0.119027907543867 0.557780918329871 0.364458957396350 0.415117306097038 0.098538047803228 0.0800539334895165 0.119847251645834 0.113022038018467 0.110433688097718 0.0328399705823848 0.0172440744004383 0.0840474697812604 0.129100540956408 0.156493320182559 0.0213114377357603 0.185551595098891 0.0820438274329429 0.0876587191734636 0.107358948460242 0.00116047982833685 0.103962281425214 0.0336389903984758 0.0469021983130718 0.0395645982717191 0.0859058425091739 0.0668082392416619 0.0278517109919839 0.0369568588703625 0.377605811651408 0.121038485710625 0.198722088596644 0.212142699579750 0.0724105917648775 0.0442730432239201 0.0462470495393933 0.0898764605920729 0.0557520539544184 0.0547219203167232 0.0946425830601847 0.101850329610123 0.26916160882235 0.0661350807688957 0.102047203707291 0.0336314602130769 0.140435168628404 0.02263050258 0.180009666841845 0.0399464968305687 0.0487047471270737 0.00411751325427142 0.127576320935655 0.112730987928417 0.194802463596138 0.0326391066660817 0.0411143170218548 0.0674139788603099 0.0355801232976295 0.0485400343328815 0.0380310495384846 0.089238204944113 0.172018619469507 0.208268109725834 0.0467854717339639
0.0969782478345984 0.269643719077952 0.119377320954224 0.410474509148123 0.238004458459952 0.255549503686108 0.0320435844699645 0.718486665360256 0.423676468655001 0.471795834766574 0.6487836879938 0.535919204029467 0.78977477854128 0 0.0883499839790163 0.10149660490344 0.234995852872929 0.0664259063837285 0.164670008209004 0.0526275866895611 0.455778895210622 0.313516686549184 0.207207088987327 0.134797512691996 0.173812225659536 0.220075732042615 0.350119875772678 0.386738511812758 0.384846613187014 0.262932300611423 0.225448118450393 0.381852503894701 0.599245879363446 0.506357118659060 0.465759197770677 0.197969880229243 0.0143748274073859 0.342911516182529 0.593681142370371 0.469467410945427 0.670880443412795 0.196229912086431 0.243822762277398 0.172810029230217 0.183374872117569 0.145399646720987 0.158237277896795 0.00648788733616294 0.0897600443410075 0.23154560646089 0.371342528748485 0.246401388122563 0.181187508855015 0.0743769056116284 0.0943924388392745 0.156424993051698 0.0697906290766497 0.202955324979550 0.147362711837837 0.194387618104877 0.113751039380519 0.089687933282835 0.237406183626646 0.170072965342105 0.267527481058222 0.446024820467876 0.159877683047599 0.283961007668432 0.350559947692028 0.238252212452096 0.203118911234894 0.233586909532864 0.22654779620214 0.236765970948622 0.187947976663571 0.225147167885043 0.212997010815086 0.0191237237395570 0.0425693266643656 0.1132570221414 0.0307022922831291 0.223712096566607 0.0795424146972059 0.318389262724100 0.221196894805089 0.253848337839272 0.242677714872515 0.0488076798357201 0.292883157193986 0.33046727544712 0.105972952998021 0.00743899454905665 0.0558703181844581 0.199825044535017 0.0327098174597796 0.216994245499595 0.324075993728741 0.0209530898424210 0.0374085146645816 0.143480582528699
0.55727582175976 0.393701418292765 0.442837203311243 0.634883952571852 0.309205292560263 0.432548722909267 0.74980785721781 0.123952587058803 0.389386900922143 0.185546227102115 0.142174334522048 0.489579185559582 0.268366887241488 0.0883499839790163 0 0.830954972260955 0.537656922943058 0.543914929387063 0.491372551556559 0.625761085985559 0.582902665840437 0.403891795199412 0.173204718368833 0.111957829933574 0.250440188498302 0.35938524459408 0.498981997435630 0.422838316102384 0.472435686666968 0.312430265144089 0.262709792464389 0.499971244191958 0.137939863047454 0.34011221494116 0.462399892867351 0.319479765456160 0.587615238343817 0.554413003796922 0.142698431592142 0.39266862522702 0.35873756355207 0.373647943124155 0.503854479158787 0.564120458015768 0.326866017205046 0.102764989238385 0.299232306424355 0.117569847942443 0.143984181989113 0.323964496446649 0.151616378804176 0.259021255193259 0.0626437915458196 0.0358837846729463 0.117520854737793 0.0559201971624808 0.0393841143028875 0.374832091030978 0.455870801751602 0.240422595633156 0.258328213744984 0.174049249137543 0.534078254919216 0.281780977062764 0.579949751830901 0.258684232571509 0.260349940479875 0.285911938932940 0.413690530482032 0.59610532770778 0.494735709844153 0.571612240395227 0.304665027440031 0.412022037542255 0.50642322566739 0.0785704103991458 0.0160828405529453 0.370479315249139 0.182569164982786 0.229513672706317 0.0710146064200221 0.0597440623695697 0.301584563588925 0.458854313642863 0.611462799167666 0.539344105966983 0.417833869971593 0.0631229796196841 0.281116505990210 0.225158688119708 0.228801229159419 0.0267606313054562 0.133613180798009 0.365095115316259 0.0889179894701881 0.419931467680759 0.386379746631603 0.410445460159477 0.261206447681072 0.0766575826205877
0.442513371194426 0.395155903221991 0.551341449294039 0.703098059281411 0.186509256902092 0.309429746767718 0.47668404844240 0.0188132696095758 0.315280090012274 0.221041145823269 0.0192652112668705 0.324596890945995 0.389386546108466 0.10149660490344 0.830954972260955 0 0.474412085352510 0.621937425973687 0.627015537009247 0.813040794088858 0.475381780431693 0.203598944416517 0.0752257327334511 0.0964531482454864 0.0751570593432078 0.0156206540002825 0.189133826405591 0.297886750449670 0.368636216097901 0.150472750311342 0.108599068651228 0.357694239272208 0.287282711083967 0.289979465020480 0.344929916663517 0.489317150770092 0.427310482639271 0.343013759525423 0.0313922979677308 0.181265673834577 0.104953664261567 0.235295352626138 0.499131337180332 0.538675353906559 0.215140883517993 0.0673583030117851 0.178680334983640 0.0900427973030938 0.108203175896041 0.0550213386705213 0.0836118678003878 0.192026246808586 0.0115494886863384 0.0961087150404008 0.00906631269799318 0.0458933220914091 0.184244047971948 0.136095548101806 0.465112006096291 0.0489687450850406 0.152486630456127 0.195489992330045 0.511143199449093 0.333500055512461 0.441900657030626 0.0496494338179159 0.0498104515124082 0.0151543968153969 0.0751604130050471 0.368547133998035 0.477169098124856 0.515571496553026 0.147559421605560 0.366080617054764 0.409531184788483 0.124991491388383 0.165024341080797 0.476820069514173 0.238648583996313 0.160177015469103 0.00659711042662776 0.0618906907224701 0.240641659665600 0.234312098217865 0.467830761155829 0.51839499270797 0.313353420065969 0.0906355157999611 0.0668553908031123 0.0303281253832134 0.355612082110825 0.127527442349543 0.0780245691615434 0.274127667814585 0.0725264924983586 0.325270671361524 0.325180443212587 0.368624453777586 0.203518394063294 0.0161066079500431
0.393892707783190 0.269809878204937 0.0206772209570258 0.273959998649144 0.262644270497377 0.356871165667576 0.252354863080411 0.288919430663516 0.579172851610661 0.096192040011199 0.385625881155484 0.707532153879908 0.094131417461588 0.234995852872929 0.537656922943058 0.474412085352510 0 0.78754952331895 0.651706266208989 0.46955843918192 0.549674177509473 0.288397604694084 0.0571393451552353 0.0537874196818718 0.255376464778237 0.250448727176614 0.261003492303052 0.269368857819248 0.0313808125741325 0.133453948348977 0.367964568469336 0.319738791673053 0.00264174809618881 0.299497718821122 0.283068932180433 0.141638866816647 0.407907550186949 0.583649878034155 0.273263035749082 0.268091836304746 0.601697269339828 0.340249440992268 0.168756650705146 0.421357747741845 0.0684727351363508 0.0472972096647129 0.093498176319926 0.00376209207701329 0.0329145074603585 0.0730461483498858 0.243725200692933 0.331639355667103 0.0741434855328065 0.187262685399639 0.0733492055028298 0.147412384672891 0.257407642227261 0.00563632883929902 0.194944967547647 0.120248490900055 0.268700970852761 0.137336028757106 0.145015691424582 0.122547222915044 0.322910109584962 0.121615761889406 0.224425786369469 0.349967726295088 0.247322343364037 0.267526740597424 0.122490177785793 0.234886317542423 0.131838291862566 0.219399609530056 0.250000359461927 0.0538737438260604 0.0365297674704266 0.241704542947869 0.104765602334595 0.0836546925842194 0.0210788840973483 0.132875107980118 0.01875794432699 0.277576679611153 0.367606347993639 0.133543852816097 0.149955606755465 0.0107177031464763 0.404110030335904 0.429467724096567 0.182402934842562 0.0378098048119166 0.162372257265593 0.129796738725116 0.094689469706882 0.301389958264066 0.293805701635949 0.286716089862778 0.163401499495486 0.105523311510212
0.449741520250339 0.202779897706835 0.229723032546965 0.513334084466367 0.233818393730416 0.266551813183960 0.204660368349841 0.0618669805300858 0.515730854637240 0.188649306557533 0.218226706699871 0.492350305140426 0.380050690657954 0.0664259063837285 0.543914929387063 0.621937425973687 0.78754952331895 0 0.904104874429538 0.66369510751804 0.510371411030966 0.123485142055759 0.177392852672682 0.0245377551000686 0.105542855612718 0.0847932726256512 0.235393663024515 0.353463704847346 0.0748858461483031 0.0614267727753255 0.319897459824726 0.180614175949995 0.0764092813516638 0.252318846823377 0.260966327278991 0.183303557991696 0.274454725936787 0.395457995461536 0.0335306377403892 0.0880743664738323 0.304276658366345 0.292473034646853 0.235745285681735 0.478136055806524 0.053049490598755 0.0626511524301187 0.0891444267812746 0.0411220297209666 0.0384346565276637 0.070259758960922 0.0535622511293783 0.160586496669291 0.0783147895889602 0.0500454411375716 0.0440301220385070 0.127436575352626 0.230612516107046 0.0547720390093384 0.228184295613022 0.0712690145488783 0.108385032262915 0.171932144440221 0.190842731862816 0.119325495241622 0.228360490826643 0.136059560556309 0.157280164240423 0.0453081240635668 0.0317342135736923 0.253712493147631 0.289318393084737 0.239573766343954 0.0647034492688044 0.41026733342215 0.224626778626631 0.0105380280877658 0.0791528630813584 0.370950571074749 0.0890770593938975 0.0107487001880386 0.086526060893007 0.0984198762232621 0.0191840290097069 0.0408614292824408 0.346874582271249 0.246512364851033 0.193960412431288 0.122341209751927 0.171269079331262 0.193681328649733 0.262887036144942 0.071127086102291 0.0198640168632694 0.210576936779948 0.0234743471096811 0.186547675622718 0.186658491313332 0.204128861334378 0.203420910156881 0.0965972277415179
0.420157563565443 0.248599152249263 0.366540000707264 0.620115358290999 0.275762348788897 0.318119772999807 0.211128335463182 0.125159474493672 0.468191154996139 0.235675726184217 0.110815596973538 0.367878864756322 0.473428748394557 0.164670008209004 0.491372551556559 0.627015537009247 0.651706266208989 0.904104874429538 0 0.779397726172313 0.480506481516606 0.138745686800260 0.122126609113370 0.134373570050717 0.087359848114043 0.0144724820061476 0.212527475628014 0.384267436115828 0.108044282524916 0.0247318263613141 0.284432864099843 0.262369730473301 0.166772723932888 0.222487090991150 0.241047318812565 0.337362156431724 0.148019993753939 0.241298596379968 0.226185704102213 0.0583820876472618 0.104616126852623 0.313053436438901 0.300696401978064 0.379749494996154 0.0364964168549952 0.0447189732022667 0.00186237561258673 0.0423255461334202 0.0266348307882267 0.137879985368073 0.110888498331882 0.216881111013738 0.0496622805844389 0.218475943515283 0.0427588528300618 0.209298637150937 0.322755253631756 0.133030232603126 0.183350456664303 0.103367749213701 0.0176846370433568 0.13044883165466 0.20079520456397 0.248897958570621 0.271177486969746 0.18092804356248 0.079848773116536 0.00428082572895263 0.0718786754858453 0.191599908268410 0.332844756285197 0.251366736203887 0.0474354732263316 0.332899134246347 0.249445665464119 0.128222345362161 0.178267955903671 0.37009328612496 0.182957079818284 0.0238590390311736 0.139190608852947 0.0506835705982244 0.0319816020172943 0.0444764864473318 0.350386969055754 0.279623575385363 0.165549559625112 0.163995882991843 0.164560263246227 0.0861762061637919 0.271384301845534 0.114480782257164 0.0702135871042376 0.216150787207739 0.017123245499261 0.183000750050284 0.224390605043380 0.200914602030308 0.151769096268891 0.0914879360173887
0.302631922295302 0.376300289029539 0.592240942970608 0.560461880942449 0.146153196007559 0.268796667334853 0.216859146459034 0.0150461112133731 0.419232670219986 0.192538675778801 0.00371795865667501 0.364815554337665 0.365514725030685 0.0526275866895611 0.625761085985559 0.813040794088858 0.46955843918192 0.66369510751804 0.779397726172313 0 0.576447259273865 0.200523258538509 0.0880690547200331 0.261940518652844 0.0798302381910298 0.0365160211313183 0.185250355076498 0.411689700581133 0.389649639708623 0.033845091651096 0.174945337722540 0.394681779294791 0.230879260765225 0.263414338141396 0.314712278130602 0.538244313479536 0.137279197389259 0.190023467403620 0.159339230434092 0.0325025758498350 0.0401631582885587 0.296034569519286 0.584605414270802 0.390766737157923 0.00392362197216695 0.191732358345104 0.0158847450749541 0.077208307454013 0.0100705815624982 0.0870708956839768 0.220107687667952 0.310669717401711 0.154206781280291 0.164661476408344 0.0713943798977514 0.293200777313535 0.378324213789566 0.0271189026484593 0.413831179018069 0.0802668053830654 0.0323667279035075 0.00668735193393546 0.469226117078973 0.439433729078497 0.40484429606333 0.0498890693303532 0.0536373561018649 0.0201215196975366 0.0161223481184010 0.279186673665942 0.519834376206513 0.46526938430986 0.0421423196860789 0.469312136614647 0.359535094468057 0.23074990581063 0.163763168063635 0.467281725066571 0.233599228479768 0.0271771568677883 0.161865521630673 0.0330173796859885 0.0681500348752923 0.179599921008644 0.41499897665227 0.537847378685044 0.340164935603631 0.190000613667442 0.0345302747835202 0.0857392797301538 0.396786158563448 0.199943748625258 0.0666200005427867 0.415788371174257 0.0972530565588735 0.212491874194826 0.292335760058131 0.195833628704289 0.226764442166083 0.081758404757878
0.367954366581224 0.430506396580777 0.215309437302911 0.179947676307536 0.220492816000488 0.373001196304791 0.311923659641173 0.3647135727235 0.65485711078015 0.0704535476697933 0.305967492885 0.724296599627636 0.0155769120975664 0.455778895210622 0.582902665840437 0.475381780431693 0.549674177509473 0.510371411030966 0.480506481516606 0.576447259273865 0 0.360564034916895 0.0582459920936633 0.0650739638506121 0.180440639373746 0.233249429340310 0.378104368937262 0.487877343290599 0.446648926545596 0.216009961483306 0.275468556819672 0.502249465934639 0.115484137288241 0.508704125693402 0.634465680927648 0.262944673753329 0.300566646524558 0.533008572960393 0.270767400903923 0.410111164384724 0.544657349017558 0.372812110968375 0.651555481519883 0.482592885766524 0.144389092072495 0.274302580209764 0.221902347573132 0.0582453927367594 0.0310080590641718 0.181612674890872 0.332117642401392 0.380759267847452 0.104909239585912 0.00950820931341508 0.0986682159444222 0.185033210488628 0.146053653520978 0.222189586373587 0.342154389950708 0.0745492970588631 0.0259571889025842 0.0910782952479658 0.402131325104678 0.308367597514126 0.413901172964383 0.258627339989099 0.0231229082320441 0.281244840328035 0.277331846138043 0.259740348715843 0.363616824850275 0.414946616253009 0.283670617278385 0.536043597641552 0.38471863820051 0.239081086528967 0.205065976079487 0.356601604825472 0.0530748346283087 0.0234087157255398 0.0119976245808997 0.122366272920195 0.122434175120379 0.404377742197053 0.393037807617815 0.579341463208062 0.382193835081555 0.0372401980688887 0.226139992580260 0.183457343507177 0.262794159996359 0.0646517811662592 0.0646460261933721 0.403063490155082 0.120885223198504 0.285982995614836 0.286587821139924 0.0836618547766795 0.137000535726458 0.223939430779004
0.447770478704463 0.0229190783253602 0.0660197659909678 0.0757906858363089 0.293202541713313 0.313171622689394 0.357252767835992 0.280191590926146 0.310015886546756 0.0660053543529852 0.252855751132809 0.383540313437042 0.109995767920366 0.313516686549184 0.403891795199412 0.203598944416517 0.288397604694084 0.123485142055759 0.138745686800260 0.200523258538509 0.360564034916895 0 0.342958095633618 0.356416524899233 0.493318786163185 0.582195238718101 0.585185660958066 0.435454712907752 0.571819002955909 0.36164075803246 0.590426970940843 0.862671626384999 0.287518661713968 0.384582375634565 0.530475228440504 0.0392754718173795 0.0635005880702424 0.175830412459946 0.166816349860866 0.0660170141274906 0.311015489875746 0.751093137896068 0.410131546868568 0.345039849926836 0.149562982821737 0.0923404537126595 0.194621762171309 0.417851414152164 0.384436622028020 0.334799832511158 0.345579833680716 0.409012789060765 0.252564709264695 0.334971936094364 0.212597198002931 0.144045859674578 0.293815842776541 0.277514160167882 0.318865323355388 0.398986096124056 0.340095776822417 0.171777360406574 0.457957788608467 0.406144368076257 0.832553518207467 0.375120103109898 0.415929112394256 0.4271974448722 0.507928283883568 0.560761875175912 0.345855632534883 0.58470408228718 0.409054757333515 0.343231772400784 0.819681485486365 0.00274991379824194 0.0269898326296166 0.159269024293238 0.274001161719396 0.238202199341569 0.132174255424589 0.0924737246081106 0.00954833739189647 0.346817210624849 0.721813428268688 0.406705330774969 0.497662622679261 0.0823943753015977 0.518521243579477 0.580562579991365 0.323796782609871 0.125547490729955 0.0118537228906025 0.370527086805963 0.0099347202448877 0.402857713899668 0.441550561055355 0.311557237000384 0.281743048770193 0.107114377783697
