0 0.140865305319405 0.679889121381504 0.626429916767174 0.110625158968047 0.346657626288572 0.510476725334008 0.507987587587513 0.436400473102592 0.47105245841407 0.349223506820939 0.342799315222578 0.689246120040405 0.520252209280495 0.502539266845922 0.559808379436214 0.418489917505804 0.444726602062429 0.411688509947967 0.446764141480633 0.502362865287992 0.289340511363225 0.431279187908275 0.220055844660044 0.526874773925034 0.469559893277183 0.621718554948215 0.613095006604593 0.336747776993923 0.157837596346075 0.419757631753981 0.44593330953186 0.542504208368711 0.351866203249968 0.367634081920442 0.153158056901612 0.388446958810842 0.478111402401278 0.178500616543166 0.0570886142554551 0.437553557450925 0.362829575679572 0.132245530115942 0.783131009058397 0.312461944239971 0.589063637666021 0.748623187811989 0.446702461722566 0.484235088610118 0.623041822115168 0.310249954946089 0.455828133768477 0.209862025694871 0.413117862600596 0.515887351635119 0.459985036503115 0.511141635437495 0.56995559504668 0.587074303357422 0.414797963735783 0.376145185325104 0.42601866706243 0.577524621790746 0.519910478524101 0.432682667183561 0.400770739767428 0.337657200543077 0.307029671770051 0.366599334237557 0.508416841025314 0.612727937226569 0.488386672076365 0.429655424077659 0.503157460331992 0.454003899901668 0.105541945394958 0.369913966439535 0.37945021692645 0.215079747978913 0.338922818806667 0.342036119550349 0.357293692805150 0.303345598665830 0.357276785512569 0.445667102363067 0.123384939804878 0.593429268393166 0.495570808328016 0.186477921074242 0.376440023823948 0.589108348274926 0.249775549766621 0.44910591610148 0.595172567406252 0.469629305089863 0.192682062244291 0.180894511692115 0.4998166205875 0.332780427253845 0.486713722250328
0.140865305319405 0 0.223365977085216 0.195947874951609 0.231717175230007 0.455657508539532 0.588495847575052 0.65680753279085 0.115095852188499 0.232563338284419 0.172561210495689 0.191135159841052 0.0340658099040199 0.255123522820699 0.407349228445902 0.0737210196208375 0.120549210898529 0.0178993184127655 0.0257433619016508 0.097942693492567 0.209910158905624 0.0512841483704706 0.461414319827126 0.454208532171175 0.170203853086109 0.288656900337573 0.0400177514889739 0.114618096875029 0.220173096624236 0.500887140080715 0.365400624935185 0.218857044842379 0.087658325055518 0.215774740477748 0.0338420724057597 0.561241903792076 0.751219686750844 0.661589264312206 0.565911108349639 0.671983987991008 0.429510879938975 0.010431669659988 0.174170360397649 0.0927544473866367 0.361549285255043 0.127787679011697 0.166729192661062 0.0473875710954707 0.102346567060630 0.387855105480396 0.173018821712599 0.265717115080285 0.105734459134081 0.0439507876845904 0.0598370405769553 0.0466586120022731 0.0795679988694834 0.376796909465392 0.134322020928780 0.174621683880355 0.146235661581059 0.168603457424768 0.0560281741262275 0.13809050353952 0.00632902237169889 0.444627713604096 0.272398574338579 0.125083124150184 0.255597456386728 0.0195416853316844 0.134592300816358 0.0538508636576042 0.0926097707802612 0.112016828756407 0.0859744168115579 0.260447717430684 0.205217091254966 0.146934339171844 0.387763938280122 0.274289607415836 0.153613581361661 0.30234025141321 0.358914794667036 0.0317009335900602 0.096531182791868 0.116100808820567 0.41457559063319 0.419414417165078 0.54613162664538 0.435169617903168 0.424347634785040 0.614417429760077 0.233425426875461 0.345794026228229 0.260638938400381 0.482757940330216 0.388170315243354 0.248294319331225 0.119294794777749 0.369073434515744
0.679889121381504 0.223365977085216 0 0.872164893315845 0.136875471233326 0.464182788525173 0.749735900303994 0.519631446392048 0.328758695545696 0.275747932949696 0.297460951446644 0.378148221238168 0.654078432319245 0.743634105741281 0.81134482106844 0.795745315658935 0.652527066687994 0.589021632252864 0.551025726550912 0.603179172465137 0.69770370312402 0.394208583417191 0.723364064340168 0.518868381091858 0.505125438975564 0.525138620785088 0.683174267134333 0.812110112423074 0.531990407390954 0.175538789399902 0.476819877116811 0.551648622793678 0.494636436254539 0.436573264388448 0.42365178170813 0.178259977041894 0.447145630703792 0.596051733407779 0.186697597562747 0.109450108571336 0.426832468991779 0.428741003525094 0.265515443390188 0.6953940184623 0.259945370583088 0.84379884976456 0.719733272653471 0.202733400744159 0.285253848014056 0.671511501752039 0.189116346640834 0.432555217688614 0.141865472446757 0.37265172087536 0.517231941678834 0.617489433438126 0.71042936524429 0.709942497596874 0.781064691178749 0.495941809099317 0.506173909853909 0.501525686735279 0.715465155539958 0.691191577838522 0.426595205447221 0.664799430537727 0.471770161029690 0.475997119564517 0.459989388810116 0.627133337462227 0.790767518400388 0.61226231875115 0.410315837727235 0.576856261780867 0.4887925334456 0.263966149766906 0.28994555063751 0.350209733120439 0.189466697956702 0.259457358761919 0.309143181307692 0.317122778267705 0.258205014229912 0.426455788560104 0.475747699676472 0.183551998257677 0.789569990531494 0.599949259736429 0.191551148266356 0.477220287973679 0.658738861739672 0.324062335300513 0.333371465027576 0.745086231045687 0.552479424767441 0.251691107538581 0.222778962534495 0.480016106562169 0.334665897359568 0.550362778164554
0.626429916767174 0.195947874951609 0.872164893315845 0 0.263278643244615 0.493410885216269 0.649734264103122 0.488877691971707 0.328415823238741 0.304534610743098 0.303668931626867 0.413941869269448 0.646807893120019 0.748658012744858 0.707466098516454 0.694981049758929 0.698098405569225 0.592520756768136 0.521364779378395 0.484874738810073 0.619162927706422 0.435629297378087 0.594599516812527 0.490775281124553 0.502834089477281 0.505778133346837 0.656414497261394 0.729877089469895 0.497464826274416 0.205655481589248 0.478080947419259 0.525336103273563 0.388979035056418 0.489264966610423 0.42275510381597 0.193847855453695 0.399936271921066 0.5508942677277 0.086518927987903 0.00409561666733886 0.374358419754126 0.434877845698553 0.218850547822747 0.671407002518477 0.297477419382571 0.651327656516501 0.735677803522605 0.257146075801438 0.347162838190572 0.558337335451473 0.179313239373089 0.450691072455558 0.140340167852878 0.374039747500545 0.499352811879492 0.603933684376462 0.749450686706661 0.610787404170371 0.647106350938308 0.450029664012683 0.514654596977933 0.515742873927975 0.650825810825408 0.628554153097796 0.482509208627503 0.503759215185589 0.428709655313379 0.497003957022301 0.448490311141438 0.557901988767661 0.694883835140032 0.573855527033338 0.392065058116576 0.600360857403995 0.537464527983637 0.200836817330376 0.326953451582002 0.425152487778865 0.120371501208600 0.292284685260952 0.281454271158793 0.306104251768841 0.290045309458944 0.457274261481152 0.476622549288042 0.232631147810573 0.689646876337297 0.541329646384293 0.261145552819043 0.546292637992731 0.592087202247635 0.245092177165625 0.2646959241616 0.645531663274397 0.463546598838224 0.305546426763414 0.307265723226147 0.506127393757448 0.364671965892439 0.409487778958545
0.110625158968047 0.231717175230007 0.136875471233326 0.263278643244615 0 0.65582043271901 0.203392722041523 0.292209165578180 0.368810085239111 0.168422641724705 0.286679469372046 0.375263916635608 0.167825202399440 0.213091025198383 0.151773636065635 0.0892362815527589 0.199758763009148 0.081598889866749 0.109810995751425 0.135529833367561 0.214365091411451 0.0319248200576794 0.0535577367001468 0.268155972144816 0.106068340376157 0.143247605394112 0.0106294493880663 0.167721355033205 0.138675095906791 0.718385323518927 0.284716741446181 0.00185280355237272 0.00770293783352895 0.172489953581814 0.0343323924134728 0.473829064942712 0.136059079019883 0.262095988961716 0.173296460497258 0.331419846174236 0.370365561869913 0.0312474644850257 0.00870418580424957 0.0423130770378353 0.149785883203129 0.0197952181200815 0.175688629088062 0.0291790980695144 0.119313078048243 0.0481483314147312 0.157605199506793 0.251727326325258 0.166028147646761 0.0326121182262415 0.187296662102241 0.131678190716272 0.0269960961710741 0.135944427430677 0.118908311086439 0.0552979572623796 0.178602338933833 0.0460043926424628 0.0934538416837891 0.147228680849818 0.081272005855093 0.0609153524914318 0.236520621820792 0.00243949826895518 0.146488331309492 0.0510345706810908 0.120429783078144 0.0134101316493347 0.324217538361880 0.0705683700445808 0.0196821923889619 0.110977744142732 0.0667813263790586 0.0116068698010968 0.192929436302764 0.222687235728255 0.176745330967026 0.162400141036905 0.263868703787504 0.0418501266671586 0.0738195522761359 0.103502984130201 0.164459676958100 0.20493678984768 0.286551021588302 0.20797893227585 0.241430233592265 0.405645200976624 0.354863215350124 0.102512346542006 0.0847776907618139 0.166472066780133 0.168188395580161 0.136450977133591 0.0399854681611307 0.0109213592284481
0.346657626288572 0.455657508539532 0.464182788525173 0.493410885216269 0.65582043271901 0 0.635486929238914 0.559171407079455 0.553351173020463 0.34599212909762 0.365247744909789 0.400645179576909 0.363762091448798 0.381737385574234 0.567200692922544 0.298120202996627 0.481701494127544 0.278935198286281 0.0848354489529381 0.259523355331843 0.355843622515011 0.0179429731919278 0.471641680030536 0.323086141158810 0.373389613626367 0.428819306091672 0.189750896792846 0.332736513746557 0.210203002807715 0.568651469178378 0.210736017802829 0.0738212494637545 0.247230218819841 0.148946495949884 0.0363216902240773 0.579703846004758 0.551211684612218 0.50239953980129 0.420747344151011 0.423154818510135 0.58336600330667 0.104427439190134 0.142890254916005 0.229145480696411 0.277393150000408 0.361079144361593 0.445502537184483 0.0479833199271348 0.201282455652218 0.480925558217888 0.110460402670798 0.453352482158534 0.063478213170876 0.0794495376317142 0.300623318870191 0.265586651216916 0.251575668439558 0.574974570726554 0.410637358407109 0.404008049876649 0.46670654905287 0.243520242011852 0.326525356514631 0.313435253881683 0.0215125885255647 0.39820435475588 0.293036938668271 0.236786658096468 0.337567693296214 0.253549444192692 0.317055917995583 0.244478936434857 0.513939403501465 0.221990394185032 0.0285321278847306 0.215573128814886 0.0974844352338571 0.0186217976420833 0.241836344727292 0.175585733493374 0.156889629304007 0.183368336366246 0.063324173150865 0.243310494861418 0.0281865041866648 0.171881223471094 0.500571678111413 0.505968907875969 0.408274200432784 0.401983912867647 0.510419511865238 0.59966196283937 0.472790966780938 0.436816544682155 0.360142713532206 0.395728392447554 0.301840959793183 0.317520182213479 0.136809476586455 0.359225318003166
0.510476725334008 0.588495847575052 0.749735900303994 0.649734264103122 0.203392722041523 0.635486929238914 0 0.63738629300139 0.362681614873092 0.385800769793696 0.314897203696744 0.346006411700328 0.464075049357787 0.564345260819285 0.869082979128404 0.618323196452409 0.495290845489292 0.379113925157143 0.336400948938226 0.443360149871954 0.526265475695271 0.287226648828032 0.802685692259129 0.515939234712391 0.572919975463002 0.621498503408117 0.480031147554307 0.580925701480409 0.374842015274283 0.343476568759792 0.41526648450824 0.426707658279191 0.366346671584243 0.336267899660788 0.245852180135914 0.416518165254738 0.745982314213668 0.720911357473253 0.353759521520419 0.334902426151404 0.564238123275333 0.32733012129062 0.309661470744740 0.492286067036943 0.451584392257244 0.697896569410817 0.583538240077666 0.141191468607255 0.28308770958711 0.809157793300901 0.261052841180871 0.473255611071958 0.0448200800198941 0.178272201383059 0.370420960718188 0.475151605574138 0.497511574673092 0.776327971600168 0.616600420412950 0.427846285861597 0.373375714054494 0.351629070493700 0.47349243741429 0.482796659278538 0.31259390190085 0.767882004063995 0.478718144418376 0.465424457316109 0.572723865920938 0.460722649151524 0.578221483681394 0.416376987069848 0.385545234275665 0.551697811122793 0.358141732028557 0.351616280860203 0.0550890381919183 0.146028393102710 0.383653835604743 0.416741333087447 0.40403686445701 0.417532109508533 0.130999094061829 0.367875087174947 0.284690022129223 0.210062221889007 0.83252273822704 0.706335133248446 0.468206518066294 0.621309595858479 0.727399075235634 0.576167126374283 0.347519640457782 0.769498809850259 0.570614197862227 0.411343509796088 0.354324696943634 0.529085485201547 0.283104667146063 0.611130405093585
0.507987587587513 0.65680753279085 0.519631446392048 0.488877691971707 0.292209165578180 0.559171407079455 0.63738629300139 0 0.369056950001280 0.445417146366147 0.364146918516818 0.315711065696236 0.397234727803936 0.41830164977231 0.610635865804706 0.394234694100919 0.307861461532394 0.198375054189998 0.229875473128161 0.289008870781016 0.395032101061522 0.0905400019956022 0.535126333765927 0.455340543854652 0.290406921405704 0.383856343470069 0.241736678092446 0.375507902026527 0.296667394533784 0.438462350078122 0.498150152253852 0.296050722422565 0.302243556637242 0.277626750815681 0.101749623756050 0.342389842508389 0.715746545433621 0.70635990664767 0.580179416500772 0.59868800342662 0.584860234331304 0.120979800111195 0.0869175952726563 0.409761671266966 0.280147705350017 0.425112458300186 0.503724161904774 0.160042355354988 0.279696949861683 0.535778174053857 0.261218563020024 0.477221886199713 0.119002076985792 0.256415544159265 0.309429334703089 0.328290264944601 0.341448995400695 0.539529334840189 0.452356250513242 0.344460984811025 0.325341124615606 0.380966159401187 0.327867831676927 0.374548385999327 0.133086665291882 0.492815177435579 0.334281756619209 0.197236888046849 0.322796773458116 0.16155834168624 0.385635920806417 0.346353392627134 0.334622346582928 0.284101113541582 0.167207073740271 0.209898694076944 0.0490872716349718 0.0201937053446808 0.225992924965324 0.259310918200994 0.225315628764272 0.390114458359399 0.181090071204415 0.126676489918657 0.0474868251635249 0.0369001895598118 0.566852364324443 0.526773677711587 0.362241847334202 0.449524013765779 0.573039829954618 0.573915455744516 0.550088076355167 0.512977724167773 0.435312705878626 0.3623499258674 0.389285151679379 0.366838691143922 0.00606095340482641 0.526051974341905
0.436400473102592 0.115095852188499 0.328758695545696 0.328415823238741 0.368810085239111 0.553351173020463 0.362681614873092 0.369056950001280 0 0.595608701516814 0.672591547277497 0.554595427961332 0.493346008169609 0.295526574848490 0.391612681648717 0.273558153057900 0.296441597614441 0.331094340601520 0.120008016916612 0.215664841463141 0.140665541869187 0.143936930824002 0.267374355220915 0.0104339384279542 0.326599270955512 0.201042303545274 0.142304879478458 0.300224330274919 0.144487045177630 0.265844143818920 0.187321816525696 0.0365517166033377 0.225899503254446 0.0573092494122918 0.116222098401164 0.188183967654732 0.247367285372513 0.266583455177676 0.3141216331411 0.237415682945153 0.809297605110085 0.0315946099348199 0.0920237139571043 0.420417087179305 0.310294842871385 0.307996538013845 0.488852760755643 0.341265585381357 0.318552456188985 0.48303707964496 0.383650247814726 0.727903832896535 0.205007996750974 0.366367743188483 0.584939046794291 0.325189554363573 0.281849780038213 0.436251328614922 0.258197984928053 0.359550235389511 0.334826436853213 0.259933362848450 0.291864390735719 0.257020027571704 0.0274564398099495 0.272233464341435 0.25941255711768 0.155826059504509 0.0728860285560348 0.133781448047872 0.301550489879038 0.39189041214245 0.557612462786518 0.245303826274937 0.0424772337125253 0.149206757933812 0.0367461163286338 0.0435530487936494 0.235326202225308 0.197453614984388 0.381383584957239 0.228616224627198 0.174897864797829 0.49533957497407 0.0732099917587087 0.0986688139034099 0.323083365220911 0.421171871105202 0.121156963089843 0.175344105886764 0.437990317760974 0.344656766135567 0.538075041764536 0.39846866733652 0.518076584625613 0.300729574504805 0.328993493427797 0.536062408967318 0.314099821470863 0.446677759194408
0.47105245841407 0.232563338284419 0.275747932949696 0.304534610743098 0.168422641724705 0.34599212909762 0.385800769793696 0.445417146366147 0.595608701516814 0 0.615911833216679 0.534079316532451 0.493513410722776 0.285551245302443 0.280467661683333 0.154222587203279 0.053102238131263 0.181741770580140 0.103704368261119 0.142225312714603 0.160916162197236 0.0162614392506033 0.234178840642626 0.054406013015976 0.384632399769438 0.207508827409276 0.192249190602398 0.160805969020839 0.0191477709316632 0.339997034319213 0.385812348346514 0.179537481205427 0.44339043479491 0.183606522610408 0.137723171301925 0.174099984373335 0.378253068558431 0.339635345517377 0.277327673281436 0.361686462214756 0.614728921556192 0.0711634259989803 0.198816550676662 0.461141333967718 0.231331380956429 0.280385159251866 0.469422562005153 0.546921741348637 0.449915446676539 0.517442221159792 0.407605780868312 0.538162988577909 0.263961295091561 0.393317731787162 0.444992913695149 0.341218870243956 0.261523482357033 0.357818477188874 0.195285102519844 0.129984962174254 0.0831876542731845 0.179916238421783 0.170380895820203 0.265956229194592 0.106731134975167 0.222524122239468 0.196862252640687 0.129062552281246 0.136076456452286 0.000261848840927031 0.145919059129238 0.237906460879999 0.456788931582963 0.230943776259070 0.0405262323781667 0.00986377807365914 0.0508930736605058 0.0364316176799268 0.22524414071426 0.240975888982215 0.257769864305029 0.241454577078299 0.0667142751106234 0.350331659435051 0.0391041737326332 0.265567236444724 0.309749176517149 0.284490374494853 0.133702538324560 0.177988314785213 0.461734152880071 0.320799884848538 0.327036010901095 0.285307535829985 0.264015836471650 0.140880390514439 0.176372950342901 0.406381430792691 0.044250036105871 0.276854214257373
0.349223506820939 0.172561210495689 0.297460951446644 0.303668931626867 0.286679469372046 0.365247744909789 0.314897203696744 0.364146918516818 0.672591547277497 0.615911833216679 0 0.64952133445127 0.484977218890141 0.27073565438089 0.321779372464709 0.192421613967815 0.245110697752347 0.484423697681753 0.430152199643493 0.23419187345145 0.120830102600435 0.085944998458376 0.149588345920922 0.0099840437112255 0.12729595360405 0.0145079680409975 0.142788693757998 0.245559561225507 0.112569012759070 0.367733343686805 0.294321687167863 0.147432073055506 0.162415831723826 0.0303697417965704 0.00223252089058409 0.0863627223487888 0.163183661329361 0.254310401912948 0.132876563640785 0.403506959001642 0.65515349921874 0.005189818127136 0.187159467461177 0.427284131449143 0.0172607163707443 0.216060298442046 0.407958072928655 0.449226663093861 0.341557775145973 0.400432905563013 0.377714663647933 0.554529552694902 0.431164506486164 0.648303036879165 0.597494352202951 0.481823275619426 0.16366134186441 0.284715736994007 0.275818102812868 0.160060610519268 0.282308352209964 0.397267964316129 0.242999484791923 0.254411933843459 0.119411734098097 0.124211120197547 0.181303962460084 0.0612978568635255 0.0356579667903988 0.103953099634898 0.142506774597725 0.244592814705797 0.430146819060029 0.133008681301451 0.00736044389279585 0.0965722763768936 0.187663170978188 0.0309008435091354 0.0355782149472193 0.0285640811460319 0.0608505715567522 0.0600785246049374 0.149117924872823 0.220621984294549 0.0276707576708187 0.318249036562988 0.194988198966839 0.236921463427831 0.0824551985588848 0.151741044779720 0.396778583314946 0.252615179304991 0.337058207250849 0.272417839393201 0.361697137353121 0.210386490461704 0.247226992190148 0.383853139187436 0.00376907132210623 0.268853047048329
0.342799315222578 0.191135159841052 0.378148221238168 0.413941869269448 0.375263916635608 0.400645179576909 0.346006411700328 0.315711065696236 0.554595427961332 0.534079316532451 0.64952133445127 0 0.307672275744635 0.375441873521409 0.381870165852978 0.381582795648477 0.354375205452481 0.527294645474637 0.272195090293799 0.529186098358892 0.293462038349461 0.0885796838200728 0.0927596526702622 0.124813628538185 0.207041062673147 0.124670468010564 0.23562559266621 0.486813523992537 0.194867368460663 0.334236006752913 0.189748828539563 0.226227871519673 0.190232025719503 0.246169262284157 0.0452490206609474 0.308627543585119 0.213129695204591 0.360138996373932 0.128341283621444 0.342394419534109 0.586069115022904 0.120204645868121 0.178546443963136 0.364816238100858 0.0121937449452453 0.279713533401763 0.519172748131028 0.487267692326245 0.297696533515469 0.342260711267521 0.297646026210065 0.549966381061192 0.270647556899186 0.415681604141987 0.744506178084976 0.491274716590208 0.240121267922225 0.31822917848192 0.261693486235991 0.202425144010558 0.274282187662612 0.361938380543869 0.49225240055301 0.399583292319513 0.114623323602756 0.062530037828076 0.241631327689783 0.090697406061035 0.088186283561162 0.190921780117354 0.436264486723949 0.248771217583881 0.286153837730723 0.0962018200217118 0.0889246728529836 0.165413634228195 0.0809718300758028 0.0627895119626943 0.113376568884304 0.0294285148027709 0.0948683815850754 0.0317702950674952 0.0640365824140056 0.332288097528132 0.165168946372368 0.209879365380837 0.227294850814904 0.201175752524697 0.0446004408390288 0.195097760008250 0.515107956119068 0.279102721458881 0.300260829014377 0.251743657195481 0.229016730187675 0.149851045040921 0.205087311047712 0.386719827350766 0.0643814034265201 0.308131926209059
0.689246120040405 0.0340658099040199 0.654078432319245 0.646807893120019 0.167825202399440 0.363762091448798 0.464075049357787 0.397234727803936 0.493346008169609 0.493513410722776 0.484977218890141 0.307672275744635 0 0.558236162872394 0.468261448488469 0.486284832525163 0.376704813780733 0.368112594215565 0.379100491862137 0.300223185068097 0.422612829811299 0.251817053958160 0.519072734156063 0.232893383049942 0.399537757120661 0.359676954658909 0.493138485056553 0.532601119725088 0.389751665243198 0.178506477375581 0.504018822998144 0.35535756171759 0.547717875231562 0.180230076067848 0.273824166520925 0.0617857723527307 0.277526258776273 0.375518107540053 0.130158423089173 0.0175471542282699 0.436472035076984 0.290277574036389 0.177735111806222 0.667921594801906 0.227466539557199 0.552980675645809 0.624707406607514 0.387953171479197 0.398826267180682 0.599209874032306 0.33550919047231 0.478060516152894 0.375159589151223 0.479901977297703 0.458979715436011 0.464827081395165 0.610768195287688 0.523667444968268 0.508809439532393 0.284734301968079 0.340647279591770 0.321143417951384 0.415032329923466 0.438707526644911 0.401812719183793 0.488991533060847 0.341643245148897 0.267456357527602 0.231251360055234 0.410881977298074 0.545198472357274 0.489675015714939 0.524197244237306 0.480658842057071 0.408993127487869 0.059212991505188 0.166567474405855 0.258119931437049 0.188641204787540 0.292754129097921 0.318500379300444 0.345924684900886 0.202366513343542 0.34622843263685 0.347409262457162 0.230564959652343 0.5711063170905 0.429923034748272 0.0797577555828128 0.30123020221324 0.602797697093721 0.147570234391934 0.369193088476795 0.564778486173058 0.506108425184575 0.179751960533558 0.147165232792061 0.53866624351511 0.385243399115486 0.417873745867846
0.520252209280495 0.255123522820699 0.743634105741281 0.748658012744858 0.213091025198383 0.381737385574234 0.564345260819285 0.41830164977231 0.295526574848490 0.285551245302443 0.27073565438089 0.375441873521409 0.558236162872394 0 0.644027811800642 0.66059212313649 0.630383963163114 0.525871180959922 0.352696160127334 0.474666038770892 0.605592615823144 0.231388605211723 0.493245150508828 0.464247935908707 0.359853883921370 0.386601501232437 0.472366586488604 0.618685416047327 0.488751065450711 0.257886996983471 0.449152774244573 0.416064701765103 0.365997320737034 0.43616685371636 0.235382927491858 0.146624159344529 0.286383804620628 0.477661671888581 0.101101053800370 0.175288591074699 0.337643515061616 0.256138231464401 0.230669411459555 0.601038183311629 0.144498603522994 0.566275699834751 0.536797196560338 0.191132921839922 0.253879280639713 0.483626840912462 0.0737489890295269 0.378457255631596 0.0595145845752721 0.227173957389534 0.376407360753391 0.477818272648917 0.663292380554571 0.534830452356295 0.581265584280708 0.340569316047021 0.397794597172622 0.397495679467946 0.61237913732027 0.569807455268415 0.236072790933742 0.402144763939616 0.449507739357159 0.397902970723661 0.342822729983952 0.418903081171268 0.606826116689626 0.466151275996505 0.378517431268756 0.541054633206062 0.335772709543047 0.263074838260974 0.142230610574203 0.232489073013013 0.0308622372482306 0.112441848656685 0.130209010444330 0.141051208674059 0.141095132535611 0.302547847407040 0.275717671429145 0.22888400475148 0.579025036825702 0.505433612403232 0.267647810182943 0.452597207569381 0.596159800749713 0.395682526408376 0.292335790682182 0.576756598895201 0.462632051759508 0.248636767794378 0.323240323410869 0.521863119794141 0.233535761124095 0.463057425015413
0.502539266845922 0.407349228445902 0.81134482106844 0.707466098516454 0.151773636065635 0.567200692922544 0.869082979128404 0.610635865804706 0.391612681648717 0.280467661683333 0.321779372464709 0.381870165852978 0.468261448488469 0.644027811800642 0 0.781923485471358 0.72788706867832 0.573372774992288 0.474341855945775 0.553703433928747 0.529871690541377 0.233868138167971 0.6550404198971 0.440592735088472 0.497853264352207 0.514207738830179 0.525165350608824 0.707020349716212 0.477931460655063 0.241619723930665 0.356299673253816 0.369360000436675 0.32694490778545 0.223332675185247 0.193398716980041 0.271549647183020 0.61121424471211 0.609702594392676 0.315569523226273 0.244202839847728 0.527066741028829 0.266966004570907 0.291095127495706 0.596374530973661 0.373735332553747 0.7581558476532 0.657344875851806 0.184188878710807 0.362619503634867 0.729823400654797 0.301438946603371 0.524578000436399 0.0153894693074835 0.305283600505686 0.480732516972756 0.569088970937982 0.582666465892656 0.842707263211993 0.720830435801592 0.632586992545493 0.603236225860021 0.523592246904393 0.640499261866326 0.516549054843536 0.298268376530105 0.664740047330264 0.455853532706644 0.507259115757621 0.479236125815799 0.565531655876281 0.709152746055724 0.531266021165968 0.40467815679812 0.51290416761134 0.311226296132602 0.32811007631187 0.000918739703277191 0.120213687323199 0.291307683052991 0.363094673341815 0.437493179289487 0.432427644411122 0.162595115101403 0.451979446008468 0.289159237867965 0.198564198955305 0.768751792946428 0.650323217307392 0.334403681436102 0.529609106821950 0.668034036911832 0.45817951491202 0.372075037469091 0.765055358674365 0.58472396827055 0.366141080011699 0.366953244205156 0.546169758754607 0.308065911175533 0.64306382655465
0.559808379436214 0.0737210196208375 0.795745315658935 0.694981049758929 0.0892362815527589 0.298120202996627 0.618323196452409 0.394234694100919 0.273558153057900 0.154222587203279 0.192421613967815 0.381582795648477 0.486284832525163 0.66059212313649 0.781923485471358 0 0.645910549581977 0.633137815792482 0.453018847148937 0.782544275665761 0.650615133312241 0.396847290757882 0.498633468700767 0.390176594901778 0.34102484020064 0.371009902525442 0.639692496700615 0.847961710085916 0.468288275829753 0.066591139270003 0.346063584924806 0.537474648594655 0.336508444803814 0.341716766056255 0.368615403623880 0.150761275227924 0.26392500936797 0.482761236651422 0.00565270557545644 0.0485378307310231 0.338725446441297 0.455726301689176 0.268961887906564 0.621877874257507 0.130959904523301 0.761657328202557 0.671274136679111 0.279084405067276 0.31584543122898 0.571179078623248 0.163002382945887 0.436844559217017 0.0778705504195786 0.327486045697725 0.511035104791467 0.547894667100864 0.636860473932499 0.644010722704613 0.786845732665631 0.465318726761295 0.457831614253167 0.422735758450799 0.803230827325978 0.661787948232841 0.403810849430867 0.461401364206227 0.436108646939338 0.363587267375266 0.387934837368579 0.546461107976749 0.846641373426294 0.603964357057631 0.287829153623875 0.497780885350288 0.457422823625852 0.304610299984168 0.171592637452801 0.358666296735089 0.0649514490497423 0.145984155440373 0.29489450037877 0.240269352210289 0.226383591127691 0.39686453582794 0.4645459696259 0.17468462280254 0.637465395186642 0.504375001041164 0.158491933322607 0.412456534194139 0.622960617291179 0.281992411043849 0.352479359972109 0.605905307294085 0.458261173884385 0.184028494876398 0.186910085678379 0.434118272841383 0.282379001687745 0.514305732980703
0.418489917505804 0.120549210898529 0.652527066687994 0.698098405569225 0.199758763009148 0.481701494127544 0.495290845489292 0.307861461532394 0.296441597614441 0.053102238131263 0.245110697752347 0.354375205452481 0.376704813780733 0.630383963163114 0.72788706867832 0.645910549581977 0 0.830348864148868 0.602165999661286 0.430834184914132 0.344044692136855 0.150121572977620 0.295068333229946 0.19575169635797 0.328627942858749 0.241332269228739 0.433490208522111 0.55275927902845 0.322794854337622 0.097791529970961 0.129027540527414 0.189881315690703 0.128878863367525 0.113093519852167 0.0700348453663754 0.181906406711564 0.183350840996355 0.338667078610292 0.0327229303990338 0.00911224269768062 0.275438223373295 0.178526314600557 0.132462069074853 0.5477816291133 0.218683588735336 0.543625706748415 0.574360936076771 0.133313326429920 0.374958333429132 0.37367036189308 0.108283298416698 0.350317368494331 0.0225639943738979 0.267405247835601 0.449044177352694 0.508073247772316 0.522598829402715 0.567826251105947 0.567798691121034 0.640000846053261 0.7818074765247 0.65238601575292 0.636095327621456 0.365524107326898 0.186011479476623 0.262660335734503 0.204093953395369 0.455972731215004 0.237244844163226 0.469065966174939 0.551463400600602 0.450066920974595 0.264969449150261 0.347463598391331 0.176426997805599 0.156391686198317 0.0273157014288418 0.138055150741343 0.0577370175923772 0.136875664636194 0.204375554524959 0.193972598405641 0.170415329703576 0.374171503210694 0.225064402950912 0.0915911341633386 0.387165326986347 0.371978070694849 0.143584915146563 0.328704582945994 0.350849502144085 0.220289532289868 0.176973892717144 0.427998831811764 0.335773399425906 0.253155224605474 0.278166466735739 0.365801892216503 0.279641588378834 0.383298365566225
0.444726602062429 0.0178993184127655 0.589021632252864 0.592520756768136 0.081598889866749 0.278935198286281 0.379113925157143 0.198375054189998 0.331094340601520 0.181741770580140 0.484423697681753 0.527294645474637 0.368112594215565 0.525871180959922 0.573372774992288 0.633137815792482 0.830348864148868 0 0.786426608283912 0.517822437729221 0.278242531790448 0.171406856559254 0.161256065607547 0.0316837915681691 0.203893709538542 0.0617903298090998 0.44408083757687 0.519946779664819 0.185220834604274 0.0481887278937238 0.130999371020751 0.217511259098014 0.181868050675846 0.0870434753560016 0.0816655529049814 0.00714672094403276 0.0199468150034292 0.272351207251466 0.0849638775414616 0.0619762868193011 0.304153247352351 0.207632206651537 0.207808480980960 0.600025475654636 0.0632389568342115 0.536372693259226 0.564971181272474 0.337255047227583 0.426561337550587 0.34310160017262 0.160711130628815 0.355797518684401 0.106436895911595 0.468346526782963 0.595387240962768 0.611185138884586 0.46107785534955 0.393639749805050 0.575953528041064 0.444665979664414 0.672789793455576 0.703922938054553 0.667716464794975 0.423273359804310 0.173806900397406 0.123047281937282 0.151690675594708 0.355457497302454 0.114702969247426 0.384327888967624 0.479555823566045 0.444841048098972 0.249204710099988 0.285056093347072 0.116388342735393 0.165546702143757 0.0112468018308533 0.1488823012032 0.0660957498507263 0.0221612718101370 0.122826274977960 0.0678501301594965 0.165617834115104 0.370534308081855 0.195155067997942 0.164225616426731 0.241673597701870 0.265164860435636 0.00415856463550666 0.220865021601428 0.371056762206952 0.102978636870149 0.188547422296567 0.334028590885512 0.304153520586683 0.163907336190702 0.16543677327979 0.360050335490009 0.15910139533235 0.341879306010819
0.411688509947967 0.0257433619016508 0.551025726550912 0.521364779378395 0.109810995751425 0.0848354489529381 0.336400948938226 0.229875473128161 0.120008016916612 0.103704368261119 0.430152199643493 0.272195090293799 0.379100491862137 0.352696160127334 0.474341855945775 0.453018847148937 0.602165999661286 0.786426608283912 0 0.404892513916168 0.252445435031374 0.230082565310663 0.236259762892990 0.0192703305750643 0.173960768979766 0.0516494233161281 0.458190832388922 0.436715661180702 0.185499258280361 0.0927853697531979 0.181653293303998 0.230992045433231 0.182176914470723 0.017011172431686 0.172221954162265 0.14042033628359 0.110975748749850 0.209330031530267 0.0151488865390700 0.00976672891111871 0.160103291936458 0.123088479746484 0.288415289339055 0.614329483778267 0.0689439667230953 0.485038912667067 0.477494455584588 0.280239527674111 0.388342335168633 0.318850474628249 0.228142717350731 0.206702564503846 0.109707394718597 0.581406663107251 0.474357991016182 0.54624444531077 0.376288711536057 0.319614967030602 0.499430353244278 0.362408091559379 0.610362048653867 0.767816964389117 0.521929660698671 0.288366217056258 0.202035539861506 0.223728972703453 0.0279786099975925 0.315257675464792 0.0451741059915342 0.450489819350613 0.373192976623923 0.339319247432958 0.170484964166915 0.249371749127677 0.155899846691594 0.142449269634077 0.0443044685141383 0.103526615097794 0.0256845250197185 0.128198130426239 0.166522512341957 0.147030667872742 0.154308037479467 0.229324646065611 0.174245276288642 0.184991333995899 0.283591458742033 0.229018820114391 0.00717068166220187 0.208878445194126 0.279679016831615 0.0850360935607084 0.0490815411758705 0.363849760872834 0.329623475967995 0.134920478445666 0.0851948165545214 0.275330834854099 0.0814598717637965 0.346461070661573
0.446764141480633 0.097942693492567 0.603179172465137 0.484874738810073 0.135529833367561 0.259523355331843 0.443360149871954 0.289008870781016 0.215664841463141 0.142225312714603 0.23419187345145 0.529186098358892 0.300223185068097 0.474666038770892 0.553703433928747 0.782544275665761 0.430834184914132 0.517822437729221 0.404892513916168 0 0.727858185476574 0.371575960745116 0.242648064181126 0.307514378916562 0.166085133862832 0.174530814244701 0.480623598040907 0.816850051565762 0.47348491231447 0.0997716588195326 0.215111312594621 0.541877840289936 0.235850821292638 0.300556409296058 0.45439650119822 0.269832085902516 0.183799192433432 0.361963902346194 0.0236507516518506 0.184925825272674 0.282487892786476 0.387792685530248 0.477547702593154 0.498118362692219 0.0528195049659941 0.597098649210769 0.559679758409307 0.323384944124960 0.251952414719177 0.393197856290284 0.176163247596022 0.407262404541485 0.156766420981852 0.326944138512453 0.541989562977267 0.466390028261085 0.392220826431571 0.458973696713601 0.585418850861602 0.296046267435342 0.374779749264053 0.388173650932466 0.811852494028978 0.647329576767338 0.32618651347976 0.235284148477577 0.345939692203395 0.221052188933189 0.249329999132435 0.430761343186659 0.750376735772591 0.478153786321206 0.198760274014208 0.215879559222087 0.377832675194258 0.359631544991699 0.0685968170007884 0.356317301371109 0.0725189056142682 0.0200842368153470 0.0757105382609774 0.0725523943787634 0.0147208155493461 0.232950340296857 0.344734271673322 0.377524011760030 0.420343261081913 0.224102831263824 0.0598696239364633 0.201558515534296 0.497392519482006 0.249359851019121 0.251663742948738 0.40512612118019 0.242893482456985 0.132215328773206 0.134710093426007 0.231876089343673 0.0527375001572296 0.364683466516339
0.502362865287992 0.209910158905624 0.69770370312402 0.619162927706422 0.214365091411451 0.355843622515011 0.526265475695271 0.395032101061522 0.140665541869187 0.160916162197236 0.120830102600435 0.293462038349461 0.422612829811299 0.605592615823144 0.529871690541377 0.650615133312241 0.344044692136855 0.278242531790448 0.252445435031374 0.727858185476574 0 0.485723540080843 0.467767891894063 0.550334988709086 0.262745735079748 0.364031707510511 0.460775931665527 0.748364710758263 0.671893758025802 0.266360371670550 0.485719662658687 0.655944179672014 0.326931792093127 0.530918809503342 0.65137258649695 0.216229899132571 0.362314356431427 0.426473239261899 0.165443282673658 0.133937015111223 0.241767076870845 0.456622736782775 0.482493361400461 0.475842172540881 0.132975194512774 0.608720196207482 0.613424101893882 0.152542486721751 0.18557828261328 0.510022275375 0.185493099642506 0.366556037607012 0.153994416495266 0.261172855770109 0.456864641796352 0.403973177978526 0.56982498453785 0.588580772672206 0.712309428413203 0.353128368329679 0.352082358422810 0.316577797974646 0.700695526418683 0.828061192551713 0.485150506518334 0.412899021057208 0.436731664839195 0.279499711438233 0.38512402263588 0.454872726134862 0.701446698797964 0.596053491818373 0.311881383248195 0.440264901550066 0.588170107766089 0.230763885056129 0.303740815963811 0.516089147684273 0.108860112748667 0.165402063542716 0.157257086260758 0.18578168401998 0.0878374220468111 0.206207886171325 0.446367807849795 0.415135076454504 0.597208282742235 0.374002404250775 0.230173643562247 0.342548067450895 0.563269239602098 0.385755068543038 0.263715606582835 0.560351289582393 0.335334307886273 0.237455099781475 0.217368838278681 0.369888133061404 0.195697021754969 0.370980610426705
0.289340511363225 0.0512841483704706 0.394208583417191 0.435629297378087 0.0319248200576794 0.0179429731919278 0.287226648828032 0.0905400019956022 0.143936930824002 0.0162614392506033 0.085944998458376 0.0885796838200728 0.251817053958160 0.231388605211723 0.233868138167971 0.396847290757882 0.150121572977620 0.171406856559254 0.230082565310663 0.371575960745116 0.485723540080843 0 0.276890048307365 0.326853699169515 0.206572213998936 0.242195815344705 0.494625315273977 0.502712646444646 0.32891248251878 0.0104884075741667 0.337712909169701 0.882195256685846 0.0861462207182642 0.446195181423121 0.650775866924502 0.137650108847754 0.121710197453012 0.225210709071154 0.245614135799650 0.151197769958660 0.0677703138001656 0.82735311282772 0.390580894131956 0.311655628149525 0.0191707537444691 0.356086312709252 0.320984106379951 0.146942495400798 0.140705375726021 0.198274304498277 0.0637710852289428 0.0865886887282535 0.0644919197822075 0.19861942305828 0.199750873339421 0.272955372813692 0.301713864538217 0.162110670930141 0.374735521720465 0.0359086368600397 0.0219926200692982 0.115765423370446 0.285295233682134 0.415042941026392 0.878627253902961 0.225014147264532 0.214423995684904 0.291237360740666 0.339759562703707 0.307194170380685 0.381924393394963 0.385711172378526 0.0251447071765214 0.426894751815143 0.827443059440104 0.0904974660692444 0.285622407849434 0.59780168249433 0.0205946457668608 0.0224987578132824 0.00390575148522594 0.0070158100385484 0.0379673024435477 0.0667868460783147 0.719157214016275 0.36896240563131 0.363202227374356 0.132720124823034 0.102427466330659 0.217108277230903 0.207630096144452 0.0448075716077669 0.0962321533353303 0.280880619879898 0.0766340539500551 0.0942728238448264 0.0870728145410128 0.0950181616050988 0.0777727169528471 0.0764979903143601
