0 0.368240559411201 0.641359481810829 0.794435745658358 0.628639401514844 0.391449666469123 0.587052909007011 0.598796127877597 0.563703414474184 0.266034869395471 0.629805387795538 0.62612089914755 0.517248742732082 0.601767180060139 0.609474224954727 0.669873140706943 0.768259254075524 0.672610188047717 0.552158205613151 0.747090645252869 0.442372115452685 0.413407941116976 0.58437435555854 0.319234211168008 0.721860990434573 0.627833924256945 0.678273307907588 0.777636848729138 0.527984055506288 0.628164032687857 0.677841991686166 0.462381140589949 0.486185265585289 0.448983670693298 0.350766980847985 0.663554843212646 0.592948910265466 0.567821719942303 0.624227675390486 0.439286821295954 0.544188685444609 0.507606886209966 0.453342788725797 0.849361104184654 0.438433765170442 0.511907148815525 0.690140298028668 0.386206835462424 0.528597782789123 0.53367516535335 0.404392894538751 0.477427264444261 0.266785721472559 0.444411161430449 0.434187237828429 0.42842155386772 0.569387135213237 0.52393863536916 0.446964675035730 0.603585950540812 0.61006949326118 0.588568328473969 0.6998095250721 0.500167194416525 0.462757238009948 0.628901224444127 0.40383376886636 0.624611361767994 0.564669659596299 0.719228895345031 0.686447777637784 0.618618406421682 0.644879198864566 0.520670878319449 0.476409027332574 0.488359270292979 0.448915252936833 0.283116387085478 0.177643965051453 0.419929291010962 0.535669863606786 0.531231300638522 0.389820587896530 0.350700634076275 0.411346080809472 0.420396520253126 0.599352148030051 0.549135731966526 0.594087185756541 0.494726105568908 0.573939101097478 0.335376424501299 0.484460708857529 0.518790655005048 0.476075622308682 0.516405869811249 0.526013837973824 0.682416330241153 0.288446325235800 0.52363191723345
0.368240559411201 0 0.423375446169715 0.286456043791452 0.154013928463076 0.081325117160596 0.238024122916793 0.272343850152993 0.139036385423121 0.194719352538359 0.0138068715433691 0.136431182514213 0.0333372629415193 0.138275393068136 0.299471162982762 0.359272434345033 0.228862128635760 0.105371150461335 2.99644525375427e-05 0.334905849917099 0.208386376847135 0.0481277234475109 0.199207995253622 0.208351760744768 0.255235523131953 0.320915605675883 0.00710937209208646 0.290674941793218 0.126867270112589 0.350406856836579 0.318642978850718 0.123740499600639 0.544345759287322 0.353815024140567 0.223229820786828 0.432220496095037 0.398220981324021 0.368959112955225 0.469737988771807 0.337340385189139 0.362114357704609 0.0043113731357001 0.313170715399552 0.236340686366043 0.1168638793647 0.096620940287773 0.205305203694922 0.0282706659737093 0.277840029731033 0.254113856572376 0.0896962265366306 0.226482453914938 0.251158061867107 0.296864080323597 0.0466673146666413 0.138057393670871 0.192054157543341 0.175437017370388 0.112129450354999 0.240379724274364 0.226664144941786 0.0492470007447789 0.165789772437013 0.0140900158103507 0.201501780681774 0.35273816326155 0.208186346202308 0.343045398223691 0.300923354446029 0.189545164015783 0.273094617580023 0.201109992353074 0.0417390004892025 0.179074523875891 0.277031160791883 0.0804804721615097 0.306138468828028 0.247568007370653 0.236496105870318 0.233396577331648 0.251034593937458 0.216975241317241 0.152997371152705 0.131285795410914 0.00165791190313441 0.24348869589059 0.0896022878291803 0.0937273819363879 0.355714564049810 0.0924029124085373 0.265469786648752 0.341923606803086 0.198678756951582 0.211080750720247 0.304318958407973 0.178578884076166 0.162983606825443 0.327760448952833 0.140370497749337 0.115144486658254
0.641359481810829 0.423375446169715 0 0.780483282981006 0.548628281582645 0.300528110173516 0.615031124058709 0.393642949317702 0.479692661994155 0.103250133787173 0.419529854949248 0.374469333327769 0.174988141925856 0.371303634410057 0.633744592042165 0.598602273455822 0.612982826000978 0.495374488556755 0.32757141888909 0.691890325950065 0.381292832215077 0.294263914685093 0.521487083945987 0.251680489256324 0.513787219844416 0.529172160413958 0.337799730342713 0.586207709603225 0.329316294033046 0.313553507230711 0.483936052695081 0.404586837992394 0.329525614051811 0.476253981607283 0.374595858484788 0.56352429971011 0.464221142671825 0.461257888888657 0.449679389413345 0.430465451492272 0.536336770947206 0.314337892110428 0.598713207184842 0.598605721685085 0.283008534539693 0.486112825684867 0.506170534765535 0.397027423714751 0.510896080289078 0.519119063985516 0.543885020007742 0.525119085843187 0.438217426870814 0.527509971722917 0.506126642807748 0.442013226676799 0.447486396755006 0.468664451716103 0.423412631137023 0.384331153388607 0.470545564244411 0.446401140455904 0.433714977830936 0.348205357621370 0.466535346436585 0.588670963512075 0.125133231254534 0.489658547472412 0.453218861853696 0.448422484904186 0.56484091606245 0.365360107276238 0.382931148136409 0.4919975129054 0.432323203772189 0.332147910675909 0.517365761648415 0.325543278611588 0.203578507713153 0.411922859208774 0.465719310566663 0.415439755886248 0.217837842069796 0.391161572578419 0.205475174180120 0.443958799444532 0.453866178574038 0.337795998117569 0.481094459447007 0.340518642095929 0.399482762929265 0.101326592284013 0.211510056580032 0.461293747376543 0.308230913195374 0.418161164769411 0.441515732363464 0.536295581711533 0.260888413549238 0.254244172162303
0.794435745658358 0.286456043791452 0.780483282981006 0 0.595680150626671 0.380684617089253 0.605345552544474 0.447463060675750 0.611048301688452 0.0949200779374642 0.557961197072141 0.516581572451394 0.214602497525330 0.42601531490061 0.646486797997386 0.651228325095727 0.789174621395171 0.777899840337192 0.57781958647747 0.78661432352223 0.328384916976532 0.30432542760412 0.458345248871341 0.332320735428752 0.581255698860162 0.490874856047848 0.556179475835609 0.668369936817631 0.335402250789048 0.47750937341713 0.579583543974496 0.329038632101395 0.295269965957083 0.312652014719503 0.190587906681915 0.589668584257919 0.57584264437932 0.518300247183498 0.473946534525707 0.39955151402817 0.464196717694032 0.363702865929548 0.420848403021992 0.738001884510953 0.358392356522593 0.448442692290905 0.672571482845999 0.465477004489735 0.481717752282505 0.4509278906431 0.470506655026228 0.498491202064279 0.340892681826733 0.560092062674918 0.549425855540683 0.409173402425941 0.489093950510282 0.44245627250255 0.387167917484047 0.483072104182482 0.572433014295147 0.654203783901568 0.630417152869205 0.387375252141632 0.377574454133646 0.491315076212254 0.283535028853752 0.499307667140799 0.389866731893988 0.590897993011296 0.596769837536521 0.448326277955478 0.505918840373741 0.459058654254431 0.312042744890626 0.369700958782246 0.376183565991423 0.0828053670358334 0.180747805758386 0.398695064019024 0.480428463161778 0.445192995417082 0.270673722116634 0.334597602360033 0.275550165484008 0.277465434325404 0.531794315518314 0.429523706856593 0.433342513494776 0.346064090021618 0.452991614459538 0.166699577273176 0.358209792782123 0.432516438040282 0.376351454092890 0.38942330151276 0.43355283272251 0.560116643774982 0.23007691230327 0.362127550092124
0.628639401514844 0.154013928463076 0.548628281582645 0.595680150626671 0 0.676119323364031 0.455705204787652 0.453274228388737 0.658310362714578 0.406094409541737 0.658096131502139 0.716903867848102 0.28768739536563 0.436820127527765 0.487719114436364 0.37333548709865 0.64985870870114 0.63900615516169 0.577687940194107 0.529500477558335 0.339205409636956 0.200347447751138 0.420594007208342 0.175622168731941 0.470654016775103 0.370638371760179 0.478901808494879 0.487586935548702 0.217124291476704 0.531490832083043 0.482927440135167 0.243514028152291 0.284118033619952 0.267078679102295 0.0783709823714445 0.44878741049767 0.53688811846214 0.415738287348814 0.421008158179036 0.476797471367938 0.521421378466752 0.364450071594938 0.232528575828236 0.57659960051646 0.303606596610475 0.391591260440563 0.454541249372756 0.632527616701973 0.491395388178887 0.451627171151305 0.436641674057962 0.470510498239544 0.279471166772457 0.475574045471944 0.608827466110783 0.347834608752565 0.373930088590445 0.448933465240449 0.395817950661465 0.477980351223959 0.508724666446327 0.515860286133463 0.446483079410514 0.396100578100995 0.313614813307626 0.488666843807706 0.236957930427426 0.429425057905006 0.386921302113346 0.588197492458531 0.533876554655869 0.397492115660436 0.468693834727699 0.443790287271101 0.292011139982813 0.300028645360593 0.231932564633867 0.08441241638075 0.137438770945207 0.368508117313857 0.371000731042324 0.396248508025805 0.321791871437251 0.398171548754644 0.369491572715052 0.273437105553923 0.47727054545619 0.260018321058508 0.388651863931277 0.338491056257882 0.409317445722189 0.0946515174312983 0.294289635177501 0.496965108378991 0.227295387855298 0.355159028799370 0.398245625957321 0.550926681719325 0.127458477469846 0.38623149976677
0.391449666469123 0.081325117160596 0.300528110173516 0.380684617089253 0.676119323364031 0 0.277900036144823 0.284013803119046 0.528142751380271 0.607668607608934 0.421930357890894 0.59224058654157 0.187195836652791 0.325205009011626 0.312444544381955 0.252090474561405 0.553999447344823 0.440389632951463 0.313789795661076 0.427499022463734 0.367812785123984 0.0209546182434358 0.38752561367521 0.126725420903340 0.344153937994372 0.275337267585468 0.350934251758518 0.293509361118534 0.0411273912944219 0.187314563921941 0.265265234365354 0.0347880852122020 0.0871454892745285 0.172555862263040 0.053585827799386 0.178534030900309 0.368061180900942 0.298606180479567 0.301583341747213 0.379872799094751 0.330583245554703 0.107054172061657 0.0274150898605835 0.409107798326583 0.0735331723839114 0.395862850830424 0.348666469017406 0.453115837190591 0.478846905517994 0.278227439603706 0.308524962226730 0.301408805255991 0.179710682878951 0.190324834672603 0.390905188329088 0.321028659493418 0.249972654631539 0.281477633694775 0.277228243646383 0.442076314173216 0.410172276334511 0.39875527259277 0.446521330599766 0.359305724331581 0.05124204499888 0.335970711188823 0.276447148447309 0.355528144254751 0.341277601873573 0.41758050667653 0.369014506444545 0.103379315362584 0.346843142991359 0.191234242093619 0.0264050439983092 0.300030410115584 0.151556038228763 0.0209491691605343 0.0699646617309563 0.221413014967765 0.272283142214344 0.239198549735422 0.237701480610073 0.298545274395471 0.0992385726722143 0.075778022204138 0.338310406656812 0.307896043097727 0.234600426843366 0.347837318940742 0.207057078283031 0.0604156321248504 0.174681718198298 0.305121315108392 0.189663182491281 0.261302031044058 0.238440151750824 0.387426579756665 0.0332378406353961 0.442302540783210
0.587052909007011 0.238024122916793 0.615031124058709 0.605345552544474 0.455705204787652 0.277900036144823 0 0.648577328161183 0.588887938647596 0.267108706506565 0.497783332753728 0.426293992827247 0.191369399991165 0.200124279529156 0.919135117907291 0.769761206481406 0.456017348292962 0.451567533028837 0.304748742141672 0.532605897639682 0.369717942302228 0.529628341518328 0.806500685938168 0.352971377365899 0.454874706734074 0.556317928211036 0.395802777931385 0.557690523378536 0.586817829582561 0.457713663856204 0.657499564480303 0.671742746032815 0.139605734935382 0.270873576831074 0.441094723884404 0.515641113267191 0.688344556398775 0.570939200870453 0.565291216359295 0.486122549527677 0.629215843767786 0.509112726082899 0.620292880628444 0.580765407865057 0.477711167243988 0.464435858401886 0.479102269001397 0.261554320258927 0.391859010042822 0.828554912284079 0.548091946269625 0.60420575071714 0.246027541386551 0.308932983900238 0.354802191923641 0.288575469368974 0.334385273424178 0.811417452465291 0.636115316817387 0.508573357894548 0.384089069297523 0.315663631013912 0.537093562807318 0.265716898401333 0.464907815182594 0.764466666397108 0.238904908122773 0.270660292096796 0.404356636209166 0.402785724821218 0.590742803200382 0.570169319765664 0.480523579156878 0.619863345988508 0.694530231173852 0.441677536562855 0.405849621709271 0.522128806873524 0.0510230303014615 0.673338041173231 0.52811709399877 0.623473980730786 0.6040663225552 0.467707234651759 0.461852052393024 0.6673213854655 0.586302496920204 0.483231305230868 0.513139814003361 0.417741616986947 0.609615180945087 0.24119456550516 0.374119683221924 0.586510648134325 0.277582008122962 0.428243674684329 0.414069236121196 0.56922563090691 0.16635177584593 0.356189668943036
0.598796127877597 0.272343850152993 0.393642949317702 0.447463060675750 0.453274228388737 0.284013803119046 0.648577328161183 0 0.667469766571182 0.346252654930819 0.624054761674579 0.547793901997105 0.473988216642035 0.448507198392012 0.560151220914876 0.467709088574869 0.411840894252057 0.446393409415535 0.365691597588986 0.275739405382858 0.242118494724537 0.34554568047781 0.636019554015027 0.182745279932511 0.447539651709668 0.470062210713701 0.488576262027044 0.493599352317658 0.428359469584546 0.505629189910782 0.622047935671076 0.425216459045387 0.237654819043378 0.180219033037918 0.259004007269118 0.397889135110214 0.677171012763847 0.473288065025787 0.668961916875262 0.49539088969322 0.634424036141749 0.331545144968876 0.275878196114081 0.550312670288831 0.549431424795562 0.409366183387469 0.504077118599565 0.270787830824908 0.329921666108501 0.610307221993444 0.48936492364822 0.51034255457565 0.209693641867861 0.466828578311192 0.388771304223485 0.267476715610678 0.233627642778503 0.593963000491907 0.401140790900758 0.465119048079741 0.449286078003502 0.408146159702645 0.457762366338294 0.351739812608000 0.350771293031744 0.649174487785684 0.258244087962969 0.390572514853429 0.432975931538524 0.530264420632382 0.543052162802225 0.541777000357202 0.516901261169985 0.615584145344725 0.456922594167236 0.420653991618555 0.27556480879824 0.279464121085317 0.0892529069624322 0.590573510401375 0.521536133447263 0.692172607323718 0.49423521512127 0.455315975417289 0.424012327847088 0.350199977237379 0.570805082557226 0.413179721915895 0.449213015129762 0.410735936983826 0.626256318290418 0.29059904078314 0.235286929902714 0.507597042764302 0.268437215880215 0.453906961061433 0.429546919144565 0.640316616392864 0.21353048099456 0.335994047881055
0.563703414474184 0.139036385423121 0.479692661994155 0.611048301688452 0.658310362714578 0.528142751380271 0.588887938647596 0.667469766571182 0 0.336260274207054 0.761212703449952 0.569242238459296 0.240024610373457 0.336417903228411 0.57403674113988 0.395936990196041 0.648141377671553 0.701510520347638 0.584017327797498 0.358837431696507 0.232195051830345 0.255919714296371 0.521119673841021 0.319318732069091 0.401316473561350 0.360172266994099 0.448492839286469 0.402326068760593 0.195229665406967 0.462280273786277 0.551980426547033 0.334903009771245 0.157245610088888 0.0758780383867545 0.154540114928929 0.392025585663526 0.605366261894365 0.476194851777219 0.608427912537842 0.6160280041937 0.626687678859557 0.298550428249351 0.261645174099240 0.558219849696127 0.453463293711198 0.478411474074906 0.519388171392256 0.471830468695429 0.295165823624596 0.525061167468229 0.692078112063181 0.68883710559364 0.338784165826611 0.556507797105902 0.605358068487601 0.307653767917995 0.117957156659917 0.511139928710001 0.395474393740283 0.487903967836594 0.504014616736081 0.561327295769222 0.415348887671742 0.325943623620265 0.252480541393601 0.54988261605387 0.352872373380994 0.366127560539059 0.339687059452817 0.443939427751186 0.486628816844882 0.300602658404637 0.525028135144035 0.540443219726838 0.263003652693928 0.353531414249264 0.204223838739614 0.0896009602302872 0.139229154987381 0.554678567600047 0.493546300059391 0.525878160895036 0.441956798093176 0.506616607143601 0.317924412019637 0.24013867776114 0.524453269899521 0.312670150156951 0.36102892228305 0.376151669200697 0.499397342803171 0.22108924202927 0.189053329643107 0.540928289792705 0.251062651526367 0.346197725713056 0.333985313624839 0.574213476097375 0.0978275021462778 0.333796629525762
0.266034869395471 0.194719352538359 0.103250133787173 0.0949200779374642 0.406094409541737 0.607668607608934 0.267108706506565 0.346252654930819 0.336260274207054 0 0.410821049691923 0.429634942547262 0.285247582273571 0.270085738396134 0.317098803439577 0.170693569153554 0.297740948382329 0.184521528609328 0.221699070090979 0.205021904516393 0.386095666878326 0.0832711199270134 0.34438480965776 0.207582682910708 0.207449013246701 0.242361248676127 0.32884755638591 0.299119861353302 0.224793206387729 0.219013606868509 0.272203241673818 0.180888482376539 0.0867428244401742 0.187556821084983 0.174424401907084 0.0141280887629409 0.194171945951437 0.236110140976989 0.234166397460084 0.298515628250252 0.28732771679136 0.276899151404285 0.0703899027850605 0.319868734053761 0.0649049241419708 0.281031300587899 0.265952836044109 0.41253150397401 0.220186555346074 0.390010404689932 0.255641193455216 0.15783161019895 0.155038869955579 0.0723496893982337 0.228404923463691 0.250511345298724 0.105936285882836 0.341480029133961 0.38343647929311 0.388335955596247 0.314292564021445 0.330166057728535 0.323439531056601 0.396927746558767 0.165665933751355 0.253798427980162 0.236161922393532 0.145604742914702 0.220396808201416 0.227689023827259 0.355527667922672 0.201628109701463 0.280750600472597 0.322063527334652 0.186622220954266 0.262167172197627 0.160020163524602 0.245285224076567 0.0486071200680493 0.265278701231237 0.363539050697308 0.160753771830976 0.276429374423291 0.280689223557787 0.157486540721339 0.279371505897799 0.311898222733514 0.21345305520978 0.255639054590749 0.230179828327313 0.327870766399082 0.109401931534856 0.0840891348928196 0.337075630005956 0.129952500554959 0.277363244831759 0.250491159551961 0.342519156618273 0.0937549241998342 0.426889745323022
0.629805387795538 0.0138068715433691 0.419529854949248 0.557961197072141 0.658096131502139 0.421930357890894 0.497783332753728 0.624054761674579 0.761212703449952 0.410821049691923 0 0.691836216958249 0.563509175819475 0.547160950453446 0.439276155872339 0.312044696053995 0.571271475455578 0.697584930101262 0.732390922587987 0.345845269465979 0.248263809935273 0.303883361091885 0.539733168250174 0.253440863002913 0.468383367372634 0.409934082528099 0.657255416208157 0.473833505823146 0.332372176688394 0.536824476198485 0.562495170300116 0.351924791190452 0.19068236057301 0.121453620829697 0.157971011375943 0.318834006657228 0.419299463084528 0.38866678552276 0.506391174117095 0.372290955825361 0.454785044192022 0.429142944386022 0.192174888445646 0.601914352149745 0.443435265997153 0.455022853119053 0.421263903909831 0.477951360952242 0.187829793770681 0.478971680745328 0.61543877429105 0.469864971532571 0.348011881020207 0.530177613761898 0.659631386674011 0.469400846033457 0.280496236794093 0.433250318468692 0.364555713690917 0.387362163714697 0.328430657639272 0.494134683618105 0.400042347301634 0.492472921838172 0.320126519305179 0.491916833063928 0.283328365422999 0.343950578917552 0.350559231930727 0.514134572815253 0.529098486512703 0.457554375027984 0.493513974155359 0.586416885428417 0.344493543003775 0.473804182542414 0.249874598354089 0.0888547970808202 0.0154213830113401 0.384901102851656 0.449981888220621 0.460238954666223 0.44327775300814 0.414311024368609 0.457557218929868 0.271182158854413 0.610329905472345 0.418807086353393 0.344497610627533 0.406930349783303 0.528476336256658 0.170761433954937 0.322884190750787 0.543302359403464 0.241673889610954 0.422694665734333 0.436970931050911 0.547639454200583 0.197087291180146 0.371791857427858
0.62612089914755 0.136431182514213 0.374469333327769 0.516581572451394 0.716903867848102 0.59224058654157 0.426293992827247 0.547793901997105 0.569242238459296 0.429634942547262 0.691836216958249 0 0.447881959219537 0.564227676908713 0.388513939589826 0.348628286096049 0.6790387288229 0.615822859354556 0.619849881091204 0.486407531191576 0.520030610618717 0.155310990244390 0.453870017757246 0.0723652347025137 0.476887586043604 0.469047451279133 0.640944321972066 0.585313652784575 0.280217825476836 0.500273302642088 0.4925558997196 0.239360604284316 0.267279926087581 0.302354238719667 0.102626279505526 0.416996068558924 0.50934963699235 0.527217143720955 0.381275611720752 0.235222157087866 0.539162781183673 0.36038429422299 0.116398648314663 0.617636216540496 0.351324155367694 0.508438307594169 0.418273525782101 0.540782507513162 0.428763299509715 0.409966226395454 0.373751266682552 0.40127513956098 0.262954569414109 0.364447279672176 0.516734843055373 0.42416755513197 0.306603814853389 0.395772667561332 0.353441865596012 0.488939281581329 0.423856497592027 0.537890884660814 0.483390091670116 0.611579621431072 0.227014334158091 0.411781920221707 0.238719656676135 0.445543458005872 0.457845556779846 0.616057503591632 0.642141635880159 0.452593775830017 0.47274720016094 0.418564998904411 0.254011969550112 0.444486579202511 0.304285487417818 0.0447691212241401 0.104469108154861 0.294963577060133 0.454272604948597 0.346081756990719 0.325275539305759 0.348508907253577 0.369654867584672 0.246949973917934 0.478980818094369 0.332962312997408 0.301670314435571 0.311867998506172 0.447300193936823 0.0926820630959595 0.336778600629726 0.417955895191571 0.246353239462920 0.331241173584854 0.314264767549534 0.53286589962697 0.104291111692741 0.365555948634292
0.517248742732082 0.0333372629415193 0.174988141925856 0.214602497525330 0.28768739536563 0.187195836652791 0.191369399991165 0.473988216642035 0.240024610373457 0.285247582273571 0.563509175819475 0.447881959219537 0 0.735382965996404 0.129424012231802 0.213260873726504 0.248646668246605 0.192102626776569 0.346126876161342 0.279498166366921 0.306527241392538 0.133102940559732 0.343063059568484 0.0232513767856440 0.394665131062368 0.409758691703830 0.558339786897850 0.470577645585601 0.29422354384736 0.368303635752934 0.344478715448466 0.177999733774314 0.327955979242819 0.215578978092131 0.0873903258752526 0.0563568957504444 0.0775456302177666 0.194146702962132 0.368223718659301 0.218227478784747 0.284638163443853 0.276896937200700 0.0465748656381443 0.46712331908629 0.273074197021711 0.387036314601417 0.230728895000518 0.16534825347851 0.171534364472994 0.333354849509137 0.397651303274327 0.166569645328546 0.259452455697865 0.228854905452246 0.324847036663117 0.427027979352469 0.38318386960632 0.334677587461338 0.221325702950061 0.229168314282018 0.167609006945125 0.273555490901897 0.393011490587213 0.462325961971897 0.204446566803948 0.417229657420188 0.110488329923035 0.406863315642552 0.438928357461136 0.550031107058388 0.503374195873163 0.459300941588712 0.345159929960012 0.336913984501433 0.286865028460449 0.421202291820121 0.255589181806439 0.0578230445194152 0.128833586198137 0.255119249360972 0.243604676728246 0.373338032981129 0.319128304901317 0.229254648085154 0.266343294822122 0.154830953712628 0.414485691665692 0.309099911609481 0.270441337602568 0.298696237559740 0.301220346118803 0.131871124218649 0.220248759477098 0.293543642049928 0.106927301397926 0.264374792448469 0.244004750321328 0.317072632763679 0.117943286959526 0.169673963329906
0.601767180060139 0.138275393068136 0.371303634410057 0.42601531490061 0.436820127527765 0.325205009011626 0.200124279529156 0.448507198392012 0.336417903228411 0.270085738396134 0.547160950453446 0.564227676908713 0.735382965996404 0 0.199341146121603 0.364230646076881 0.533325667629157 0.339906896778572 0.324430010398891 0.479294137848914 0.497555622045433 0.00193104472431477 0.279466490728787 0.129688094198965 0.569625784035617 0.454464828798251 0.495211627990601 0.524642117893405 0.179409066856302 0.40161459294074 0.310664561653062 0.0633205022516704 0.484263417857243 0.397878192148419 0.0829678968231383 0.185481969751029 0.161016825980331 0.249685304261426 0.41118295340634 0.25299975779182 0.32039314869094 0.136269410324508 0.100516016094297 0.532413535878047 0.210813289237031 0.376457323796125 0.347041671491187 0.254966028959584 0.262176291710744 0.240191984526822 0.452297454627002 0.303994210520045 0.32015103615698 0.357338192422094 0.344531674585735 0.526030413278124 0.487254784661274 0.236380511147767 0.232120118104829 0.305649409260024 0.347057759928935 0.403093908724342 0.445914095392744 0.565456727898656 0.136938532924433 0.369240177658634 0.212423967937468 0.557541407496098 0.498178171152522 0.581920120145992 0.545258677799791 0.343530700157412 0.383959001666512 0.274982523676507 0.132264422812723 0.380745206129695 0.275257289684471 0.0652137238399369 0.0394462143936496 0.176368075017166 0.289197849443138 0.373058953653234 0.182547008195948 0.225491580905523 0.0854144515995104 0.156908038525307 0.280514089303349 0.174868303568096 0.304165588318213 0.230548946535338 0.258861758726813 0.142451156615283 0.14634730325497 0.235326681645963 0.261981299024846 0.299599090265283 0.251581402545721 0.402250399845847 0.105607584027728 0.239793986309904
0.609474224954727 0.299471162982762 0.633744592042165 0.646486797997386 0.487719114436364 0.312444544381955 0.919135117907291 0.560151220914876 0.57403674113988 0.317098803439577 0.439276155872339 0.388513939589826 0.129424012231802 0.199341146121603 0 0.849813953563473 0.512471745650794 0.465730953956874 0.292007750586125 0.611524292651981 0.410127051588258 0.505942336499049 0.667802350091521 0.426465989178784 0.407325174138299 0.525387881818828 0.327793549387132 0.54378556848051 0.53504484883637 0.512814400000629 0.680400729005327 0.631408752606827 0.242769693060308 0.286678015948331 0.445269566796935 0.5184811090113 0.656486969732246 0.571730852744746 0.545045044989727 0.502013914512631 0.584580444732201 0.495200167650836 0.65623506327863 0.546691084281385 0.414999852093242 0.383335407405189 0.462947243097025 0.330710093052494 0.414241554719379 0.778282850825319 0.499844262714654 0.56736401289719 0.25345572488452 0.298519510220074 0.305595282849263 0.244508998624135 0.282821799403673 0.77063858444976 0.706561892123998 0.602218825963994 0.435000635186545 0.342106067091323 0.546717563638252 0.249387828118314 0.437531327928148 0.685354438704863 0.361872110667005 0.223676936652523 0.344920660865869 0.327176472886991 0.541132382302304 0.458405320509024 0.437702190773515 0.602187750447944 0.622176574757688 0.442913681882682 0.385589876357575 0.499607213593985 0.0986365542546982 0.662907324535435 0.57903452615612 0.552632246195204 0.5011352818316 0.41308896046756 0.386916272365663 0.680792041362459 0.562877387502215 0.450747657710356 0.577141439662003 0.405227207315067 0.64534886986957 0.336244384050554 0.368389714395607 0.582848425399303 0.310948434858419 0.435177540911889 0.429095557220087 0.592074166133073 0.190821134976333 0.404750457080314
0.669873140706943 0.359272434345033 0.598602273455822 0.651228325095727 0.37333548709865 0.252090474561405 0.769761206481406 0.467709088574869 0.395936990196041 0.170693569153554 0.312044696053995 0.348628286096049 0.213260873726504 0.364230646076881 0.849813953563473 0 0.51792607626398 0.411780403199337 0.192426537608514 0.720000743963113 0.489541877101608 0.34116846391245 0.572023422669782 0.368255755214256 0.433347018584266 0.453911577645251 0.307297307234288 0.598026119632145 0.463843943379651 0.409366248352218 0.598274388664309 0.44898428814724 0.379237413147529 0.326171507554296 0.361879065358344 0.496724340963026 0.546010714313548 0.530298342944159 0.506578460946755 0.382444028454092 0.457642482868797 0.34509350675659 0.552034494698362 0.558313714483802 0.297254823520398 0.407512151866479 0.454498248026264 0.219184097552137 0.43436451477486 0.625256962100021 0.400152747253712 0.441750117328599 0.269038259955689 0.273545114759258 0.211211686604326 0.31053997719873 0.419716024159349 0.623995291369334 0.661008333132576 0.551890418287417 0.446608883466569 0.334541417941842 0.653384159357928 0.286808921117252 0.285191187255214 0.658144752163949 0.384113442421352 0.319969840762642 0.358120122983497 0.361379431875964 0.563817805812437 0.450556622751855 0.422323530052958 0.517025316487381 0.464852861869696 0.48644959046043 0.408173139212445 0.369227375050738 0.0891268577870199 0.469415258244307 0.445070085870242 0.511697810528341 0.325557521251222 0.278192128016795 0.19572209573999 0.572001218382036 0.489328315256846 0.461885206662092 0.528737721035584 0.376579828897967 0.52515608866885 0.40761744008558 0.311630089335499 0.52281220855402 0.466693494919223 0.409957027114162 0.433897635162919 0.573011146361693 0.249033913358319 0.442968802547424
0.768259254075524 0.228862128635760 0.612982826000978 0.789174621395171 0.64985870870114 0.553999447344823 0.456017348292962 0.411840894252057 0.648141377671553 0.297740948382329 0.571271475455578 0.6790387288229 0.248646668246605 0.533325667629157 0.512471745650794 0.51792607626398 0 0.77722841877937 0.626232341876384 0.740556660782157 0.447229673390834 0.105380944836140 0.347009673097501 0.273388982173928 0.597907068479088 0.450600191988686 0.586247660512089 0.626991161864133 0.200062598334653 0.427621325144175 0.4267435221645 0.199432677262492 0.296731281455789 0.304624147802296 0.0717327754125446 0.5178479822549 0.516333888715835 0.475980813515448 0.475220102569688 0.382435899403701 0.448981343447362 0.279970889110513 0.228123823281192 0.728998742524122 0.34071030755287 0.506543012350151 0.640530502325757 0.574952221882838 0.513784066386248 0.357204008571911 0.442875888609317 0.46807151026464 0.270973571289620 0.425280614037597 0.514928108456522 0.473905372543516 0.387096234033071 0.324705105867834 0.310646181088782 0.521434598832345 0.646742113723448 0.708733127615 0.558970007681906 0.524797569833536 0.259432262323935 0.402108058568174 0.355063054876223 0.577295681558687 0.423871386455743 0.619650427520838 0.607632691446229 0.324338368337459 0.588748855852196 0.310317492414737 0.159565608595855 0.373124192086245 0.267956567008342 0.0354640450593555 0.215622483319126 0.311788496755413 0.460476765598323 0.345121280970931 0.283524574194721 0.318176089305199 0.183807790533662 0.188706952517972 0.417654350957962 0.345639701026826 0.321827317027456 0.275074204890134 0.350445196853637 0.133998893950568 0.262020082527056 0.363558494634169 0.291156829809266 0.278844074277228 0.275992579750228 0.517300443961693 0.0507133261490874 0.382001531619755
0.672610188047717 0.105371150461335 0.495374488556755 0.777899840337192 0.63900615516169 0.440389632951463 0.451567533028837 0.446393409415535 0.701510520347638 0.184521528609328 0.697584930101262 0.615822859354556 0.192102626776569 0.339906896778572 0.465730953956874 0.411780403199337 0.77722841877937 0 0.823915200129691 0.576535675033494 0.156678120495135 0.199431414536189 0.342577754849820 0.236948178383276 0.438791564767226 0.278968538565654 0.641436257032628 0.510892275959987 0.226092921383019 0.460207478909547 0.490917481406572 0.206872958721406 0.226714324767044 0.0722464757073392 0.0474392447210066 0.449196827271828 0.533506191853916 0.359627385455134 0.367650605654077 0.330811293575533 0.339361709918411 0.351670822697096 0.0909840274251695 0.602480865291691 0.292952089590095 0.451467227298865 0.569224473604964 0.520771412668178 0.279520327268541 0.368878447078604 0.421501732263941 0.376692946950047 0.28053091903006 0.533837136002785 0.671558909446467 0.413362419763243 0.293120201753277 0.337585086338808 0.307599426547457 0.314224780798812 0.46436265871155 0.663829728174665 0.51437278719774 0.323290191775277 0.253974448306783 0.334341681965061 0.38749981374674 0.367051330545089 0.208119052463088 0.535928389974409 0.491634902895408 0.383076307835205 0.48128149578638 0.369432858080614 0.150707701158143 0.362792841305311 0.170731449788072 0.132009759441490 0.149342709348731 0.283879831081326 0.298037452446146 0.26134638331302 0.294067458547437 0.247401344372652 0.335359828518897 0.0655097631865353 0.558817979389643 0.422308593916789 0.258525559230829 0.290613922200543 0.382344627032923 0.137606869579504 0.284804948409950 0.480183662059162 0.366232065043945 0.295897296606946 0.319045973093928 0.451235796493643 0.155471296177473 0.446986957854909
0.552158205613151 2.99644525375427e-05 0.32757141888909 0.57781958647747 0.577687940194107 0.313789795661076 0.304748742141672 0.365691597588986 0.584017327797498 0.221699070090979 0.732390922587987 0.619849881091204 0.346126876161342 0.324430010398891 0.292007750586125 0.192426537608514 0.626232341876384 0.823915200129691 0 0.425855726159068 0.220434264896013 0.214913467092856 0.232330218654308 0.182020027741876 0.382820292945282 0.232364948441161 0.684982951307563 0.470692565768395 0.237230201133133 0.447433657714962 0.458377588372883 0.20590451897906 0.141277223531183 0.0266341051639434 0.0252686491645188 0.340836656235058 0.392721833837526 0.341031670739599 0.33806375327417 0.218020435687984 0.300395774441179 0.465578290483468 0.0455040388484162 0.589888547251394 0.331604799681839 0.414819739057008 0.397708825743886 0.607209409072568 0.221436164014705 0.283827752014428 0.420766456766788 0.329030607778772 0.33784936776756 0.524046311455927 0.659658195568296 0.444623842362592 0.156191276586192 0.242206335817665 0.212578127028651 0.261671583815629 0.316124871703487 0.600856645039867 0.371358689969369 0.471532857942139 0.251844267186959 0.239200286639791 0.31695381988046 0.282496969813535 0.148992444497879 0.494291470221293 0.468063583150655 0.387866193730664 0.472588892552463 0.368179253349637 0.143397082880738 0.387886480269155 0.139357872901203 0.124349692805319 0.0915284689619388 0.272685480720561 0.256376485773055 0.219913987879467 0.328568933150668 0.287623149127391 0.466223753512864 0.0677053424159343 0.535067996681399 0.379236429714781 0.223242133021958 0.302740757757319 0.380347152209125 0.0910571777093718 0.266515040691491 0.381257514508906 0.202308145423524 0.283855205233044 0.317173188494111 0.382814754818189 0.159558783094555 0.339616618399027
0.747090645252869 0.334905849917099 0.691890325950065 0.78661432352223 0.529500477558335 0.427499022463734 0.532605897639682 0.275739405382858 0.358837431696507 0.205021904516393 0.345845269465979 0.486407531191576 0.279498166366921 0.479294137848914 0.611524292651981 0.720000743963113 0.740556660782157 0.576535675033494 0.425855726159068 0 0.620431880686368 0.216532425509339 0.407533798892810 0.242212388475981 0.526768635733268 0.475299664856044 0.516498114839373 0.801937318289237 0.378572662947969 0.380456710798603 0.504588191067099 0.325874019461059 0.424303328765061 0.514174566953656 0.289309788562299 0.515085956068572 0.421832646240601 0.457613112958565 0.36064014913904 0.263057758304092 0.389422022339687 0.379973207030629 0.426720276792273 0.698008002272278 0.256334805788339 0.525071887158610 0.58237937789738 0.403690990367071 0.553161531068544 0.444022664198038 0.319551532201208 0.315408835313512 0.335581930877197 0.304075215813158 0.299686531055873 0.488230067956725 0.564140937772067 0.421526529517281 0.455456257621001 0.48344865736411 0.482766589908179 0.529245991217584 0.742415759074796 0.523122276253004 0.287815836158357 0.483514521232399 0.297230214491447 0.446946984888134 0.392536284789799 0.516369988928776 0.72363115585421 0.411048225898278 0.538335740980324 0.35692509519203 0.333599163891031 0.494117156499324 0.523762830213382 0.240043501852385 0.147629786435821 0.293025207555753 0.400909601255039 0.323478140664839 0.257778503718568 0.171468932110209 0.146710865218941 0.41451832522012 0.516618198837953 0.47430275645823 0.441516859562217 0.292260044034599 0.384536786923089 0.167489544110493 0.327101539966367 0.44302747763307 0.412053775615268 0.344490433131781 0.36659601236608 0.479113194597414 0.152506488192158 0.451203195304985
0.442372115452685 0.208386376847135 0.381292832215077 0.328384916976532 0.339205409636956 0.367812785123984 0.369717942302228 0.242118494724537 0.232195051830345 0.386095666878326 0.248263809935273 0.520030610618717 0.306527241392538 0.497555622045433 0.410127051588258 0.489541877101608 0.447229673390834 0.156678120495135 0.220434264896013 0.620431880686368 0 0.139694489186336 0.371168806220911 0.294416353669223 0.399695076984963 0.515078326869547 0.374700481849885 0.608095258568846 0.283521332927095 0.258263902891529 0.423566251529111 0.310481569256010 0.451422426163318 0.630393817205264 0.46738642402891 0.296275200491357 0.267090768573414 0.492629425366606 0.323068169231572 0.134246713503699 0.433203580390287 0.304503318477782 0.391794013811205 0.502886379969438 0.166122973870705 0.496845164435533 0.222350854518330 0.281640163561245 0.435802423519218 0.337076314431644 0.367595024689455 0.343208906612121 0.342528712931116 0.143073399740181 0.102207317398061 0.402578063181498 0.274908942041150 0.330738855839787 0.421404959624531 0.493626772774378 0.236319938307229 0.328653523756997 0.474817408073913 0.743197021832308 0.157737049914688 0.345639610236489 0.294992441396007 0.360652232093155 0.463145828762224 0.285351873667512 0.643901581178845 0.237904628926486 0.362285714083287 0.348572399890219 0.287585152472890 0.488759466372249 0.610322715782334 0.350083794107314 0.0113001035978217 0.318388966319949 0.408190965873265 0.276708165069381 0.221877248168496 0.302969028173567 0.0543296128393315 0.50185224789494 0.330493727526586 0.303858631900292 0.423590226877215 0.284061521199494 0.332176377217386 0.199849389984539 0.20775523744544 0.318437433844741 0.265309138045479 0.312048262644199 0.263511798444117 0.417933050120503 0.202416748624873 0.364769653807215
0.413407941116976 0.0481277234475109 0.294263914685093 0.30432542760412 0.200347447751138 0.0209546182434358 0.529628341518328 0.34554568047781 0.255919714296371 0.0832711199270134 0.303883361091885 0.155310990244390 0.133102940559732 0.00193104472431477 0.505942336499049 0.34116846391245 0.105380944836140 0.199431414536189 0.214913467092856 0.216532425509339 0.139694489186336 0 0.465165052380073 0.261252055854401 0.378771530276006 0.363331284412849 0.306340375525722 0.403682350553956 0.749437612860428 0.250529527964548 0.530730197708936 0.902381321161047 0.0734591164924747 0.310794796345054 0.700933630385112 0.390916978581755 0.494450218083858 0.588310005995985 0.377393388967 0.396634424611948 0.499413325159485 0.838851263156684 0.68291485016686 0.36476180891328 0.459139895457627 0.154251131675403 0.1842491731897 0.0338358762002398 0.125035299702331 0.466908128171661 0.156597086070976 0.357826463924608 0.0511020829137563 0.138914712314854 0.0824143561612265 0.0092729916642853 0.0154814326975461 0.523400153358964 0.353430937206262 0.325828332084947 0.0879921268836431 0.0685137498020412 0.193398365129200 0.155010373286712 0.77094803759343 0.397668846459743 0.257039203818943 0.102376906508658 0.153593575162329 0.212381249103184 0.298318463697075 0.555974480274548 0.399169373381604 0.467110260390426 0.768741086125807 0.192712302922938 0.323707545982319 0.637244500928682 0.104118078130463 0.467336979235721 0.406862830312497 0.449937540195844 0.426859724751011 0.358856015364941 0.83903486301753 0.671491029845496 0.398453668323748 0.357216221414932 0.516632766489102 0.416025656575723 0.49556133407649 0.188459649014989 0.323154989052138 0.332132103379058 0.116404509241013 0.515288450732869 0.440962636349728 0.44081964327082 0.307959459657660 0.302460734001121
