0 0.316098058133311 0.528405100476264 0.556575811026317 0.482534992163315 0.565395984804157 0.219248753070508 0.104287144919000 0.341629650320139 0.107725664746537 0.253877173904005 0.623813726971356 0.356788115429947 0.460638463983506 0.175195233555228 0.0359425270333565 0.0590157414403561 0.461530363938937 0.620788949614203 0.542958978548868 0.54323673691716 0.394708504621058 0.424031714315037 0.138574965908931 0.664626624314726 0.287119899952120 0.49715664929618 0.594648964514812 0.498619776018671 0.643526684052754 0.444006349084242 0.25538721044642 0.296052015954505 0.0131176220262371 0.115143258727298 0.387229869491189 0.26365666942925 0.340320350521124 0.207146025414321 0.168930101560784 0.380561142656911 0.440251334024513 0.281953850472025 0.715860795990412 0.289685825827197 0.586297855604611 0.638109131099208 0.185409557518185 0.326736695534440 0.326262345254186 0.0291161868897865 0.0856176913319443 0.0573208275052615 0.221633060382495 0.413250183618574 0.245655413926889 0.371741799229920 0.155074434628164 0.0460071928717989 0.234039603573542 0.479621642247855 0.486061949974573 0.423502587825599 0.494479525287852 0.418976724992822 0.165553788244197 0.303863966279247 0.586436570714913 0.115622723191282 0.487510867020895 0.431051964971539 0.41468409925206 0.423820651107138 0.213803418153718 0.278667996553905 0.273343475236650 0.0970974614923394 0.0426002257215521 0.239476998121154 0.164117575743136 0.193830496827682 0.128210402696745 0.064278690276801 0.176464227568741 0.407198556864149 0.220295345087603 0.190646788105960 0.156002482666742 0.179909029824105 0.195478941648301 0.338540499104460 0.307107394843792 0.036580310601377 0.125384095375355 0.148381637208605 0.181845090121150 0.117470687404971 0.282333219178143 0.301284240766636 0.147917298605788
0.316098058133311 0 0.540245741081308 0.335023852583322 0.129144678964772 0.319686841382353 0.596403453199847 0.51936515892701 0.584953362228087 0.400538904194521 0.53082023396787 0.280800699319514 0.4061341132798 0.244221814722872 0.455594422588836 0.320124162833059 0.293395674115948 0.349622039371278 0.391785202952018 0.448524554078079 0.212257402209381 0.137003545914594 0.570840019765603 0.0624703271086715 0.269929315140886 0.401267900808972 0.402533771024241 0.500746243586364 0.429959524160526 0.440396728974646 0.463975599864695 0.169657865196910 0.674805630434778 0.393859098340535 0.390916026928504 0.497623758471881 0.519354107102306 0.443627648016106 0.697211368474084 0.645377580224105 0.637166966205562 0.169884822226321 0.30429374593598 0.420232420150597 0.654767808404058 0.518473744950149 0.304850096943049 0.281678876449741 0.408990974751905 0.587938282080202 0.551033197665235 0.593064794876851 0.419514263254128 0.490212778493963 0.604479331634335 0.416613606085177 0.29663868401293 0.313511611811937 0.293845791953651 0.30882336797525 0.405892173431591 0.282897081225194 0.306371189495096 0.300713080316255 0.125614728324015 0.545155333350745 0.0466526009002016 0.399616943165317 0.344875510707435 0.407585250494599 0.428995937663091 0.366434739282172 0.2616822470663 0.521932340548416 0.164154117351853 0.528166821705165 0.327071409615710 0.164287659753771 0.481671761114883 0.546458403984108 0.485878020660288 0.61066081222542 0.583772539545968 0.459007746623438 0.065255331363248 0.134018173065018 0.275563885571512 0.38806967646703 0.524582971683368 0.23641798070578 0.5315843321745 0.392978955438681 0.306788935867402 0.212771500740048 0.311158278212483 0.495851727819731 0.275033943395892 0.502205859917538 0.396960450912572 0.279227685105507
0.528405100476264 0.540245741081308 0 0.492260693979793 0.299709355027552 0.443927371304156 0.619535806798393 0.433946776686282 0.410784436952566 0.278459108931323 0.429255580510847 0.630217594743531 0.562786192894376 0.372260098021145 0.592081313112818 0.41531259626358 0.231359246673193 0.371419608760325 0.524885558128092 0.577242293181006 0.313748485935328 0.185326841558406 0.660080150374798 0.328583672327123 0.475852012770319 0.324859527470959 0.43749410462749 0.597933118404803 0.441661661614237 0.441804488952315 0.50180287330936 0.143900643059923 0.465163449610708 0.120545931237797 0.342566826813751 0.481218021743391 0.364664105053686 0.171572024174832 0.515652934973355 0.297271556037708 0.412039729574336 0.229953926513036 0.424514886698879 0.651246226813592 0.57165285220751 0.73470345997637 0.452943220669726 0.233355331984517 0.259905116845351 0.653417392015909 0.313326437735749 0.136031654042547 0.257510331205754 0.444330057933923 0.618407246455569 0.48448264149753 0.486398119519754 0.409985761904127 0.485900474762396 0.23309752001682 0.352063132194499 0.311568325524566 0.358601965352996 0.378436845145171 0.262183747889877 0.53708433430478 0.347642085753723 0.482489834745868 0.124380370082121 0.437235208902158 0.455507140006774 0.370318766651465 0.343357422201085 0.58591207905254 0.285024453748277 0.52090649063946 0.294968733402395 0.259180126792973 0.533645390467324 0.31400781620336 0.205417295669406 0.280668338839496 0.414942529677574 0.160720513494462 0.177563702628926 0.274213486753456 0.0411899050400086 0.201219537909935 0.388241478413895 0.237338440641332 0.481500366809997 0.572509478319536 0.160700668920393 0.0245048057030648 0.215635341599396 0.4474790116578 0.351527116670841 0.531331626532631 0.476045331345767 0.195083700036442
0.556575811026317 0.335023852583322 0.492260693979793 0 0.629364457249646 0.791675451985181 0.115107232210207 0.0810064693176342 0.162700930728527 0.0495522535956204 0.122347916988618 0.61455768601004 0.422563270911279 0.458643120496863 0.227767851948519 0.119615862166489 0.0793055605104845 0.708210098203292 0.86045881746768 0.560495681306437 0.721669374467264 0.197583965932652 0.0624996768186156 0.176048339423514 0.556273815653395 0.114884934688748 0.448970798293364 0.520314253624853 0.431600557223854 0.489916492625341 0.296471484054299 0.169803563002436 0.280172999331857 0.0962677870542783 0.0184888889318444 0.431818211263692 0.232853219532828 0.168730597339010 0.206395858173435 0.169278768022571 0.271730048675824 0.22122129487996 0.113039730672016 0.638066785101147 0.227951812086826 0.579733763176671 0.831554400876587 0.29632291731534 0.552160574030142 0.301703911792861 0.0484305225006566 0.018659484314955 0.284047455716656 0.323058017772273 0.414388109667939 0.393680298216931 0.520016355745714 0.0160433689476410 0.0040600654097555 0.198677373651305 0.46583158864756 0.680005462366241 0.400275047928961 0.608190111286366 0.272089151485144 0.133238776116798 0.188622705245099 0.570404644527544 0.0724218779448992 0.377476010110426 0.237795380933580 0.203306795100124 0.482298703320556 0.346987130201577 0.137325165196616 0.523303743609104 0.277094215457208 0.0473782697529824 0.135421486602103 0.0688492590538211 0.00131466288127891 0.0563606668304898 0.109866702949678 0.021088213692387 0.214175296944473 0.0716394948370391 0.160861507560117 0.000619973440477671 0.148497690430672 0.0219800002925692 0.304762389490493 0.350297966014776 0.0567219594038313 0.148496040909513 0.0753065345699808 0.076990642096866 0.052695886912381 0.273265391889158 0.355280498448466 0.142417673333156
0.482534992163315 0.129144678964772 0.299709355027552 0.629364457249646 0 0.722960293287129 0.114897741399990 0.118664033928097 0.265886610500696 0.331296993455473 0.303506727500070 0.658321638200471 0.599007875832849 0.731131204405964 0.0289106573556409 0.135429398200578 0.00595544665479418 0.403240698962759 0.502502542635695 0.356647239799799 0.785799794677883 0.471134958412664 0.0838816915473764 0.0079718186193247 0.506630276182658 0.0977517792318049 0.50489738279758 0.497966374696791 0.381756395180176 0.643525380678039 0.308363748676489 0.358778801369165 0.366218070293361 0.0374548136201522 0.079247586283353 0.470086709670883 0.196336442112856 0.251338941688488 0.184687535460645 0.244241473309749 0.274201607456108 0.399459404834069 0.0615943947265449 0.479120578148543 0.117321317139575 0.481316894088332 0.710313200654801 0.526152826389865 0.509177087086104 0.237682430208282 0.00222343161196406 0.046298472856629 0.136417287402666 0.322770214838024 0.409130620288558 0.373210882589413 0.541809041128799 0.0212809134445896 0.0636199297821599 0.0353670409419462 0.245692342386731 0.42450154697127 0.261924490468635 0.6262366631187 0.517197868719522 0.0224952079653739 0.165313564911241 0.436817869533536 0.0252171006366093 0.490249797622535 0.207804673034370 0.218724626415874 0.396423470664007 0.265712534160759 0.308144116549747 0.379521742662708 0.112565705436717 0.0166617166185148 0.138757928961837 0.00893134869570983 0.0272651900784640 0.0286638736509785 0.0562369868513466 0.0467417117382415 0.487647156912938 0.0529723194229933 0.0671244017281292 0.181242908661660 0.0697138180682881 0.109539712824141 0.246661409931117 0.294304106198162 0.196325484139893 0.0673526778861967 0.0310812782113357 0.0287430493637603 0.122862785189741 0.204842941858254 0.301511639890024 0.0631789867388529
0.565395984804157 0.319686841382353 0.443927371304156 0.791675451985181 0.722960293287129 0 0.172961034314586 0.210991814701421 0.403031668417065 0.162652128522808 0.325565497141588 0.712693231489237 0.474776700924371 0.670542061390725 0.0903348633796072 0.0241882365984202 0.128560667859837 0.713259491247959 0.793184011062358 0.553272861466365 0.737952833222928 0.140321395417207 0.0753371713150748 0.0966607244602789 0.5412441554984 0.126129946076615 0.431947751848214 0.512772337664239 0.260517941686023 0.586862200093783 0.251087830733457 0.0285386825895713 0.310009808915634 0.155769912569875 0.0388625825368190 0.483899922749985 0.364546967572589 0.421083542299285 0.275504665010363 0.157911170745331 0.495242190496362 0.108706906850252 0.0254572119980478 0.546276968310442 0.269357732616728 0.558725121350231 0.757585385369128 0.427640858402457 0.611581098688185 0.331488927281941 0.0609137146047488 0.110507127065369 0.0810958227154613 0.278247884214751 0.455252614434998 0.356479482587899 0.479652593944116 0.0317586079534045 0.0685861674114042 0.238317325177159 0.522496284666732 0.707582108716135 0.446167056249989 0.579981560566749 0.216834862891750 0.136135214552954 0.229685455482605 0.519039796499432 0.0232649394223326 0.422758864673555 0.299779220538255 0.239192357308849 0.371773724401324 0.237605277165255 0.0246672408119452 0.487789235589535 0.0597841320997347 0.0814149809180755 0.157970173394360 0.138760453937076 0.150244599035006 0.0426469165803801 0.0183145333164604 0.137374068696008 0.144566275350044 0.0125747237809485 0.00922245008526781 0.117950023478968 0.120239118335913 0.165074353453058 0.274310956927011 0.282234463214955 0.102772526317402 0.00474911948204626 0.098801389417003 0.114674450627380 0.122318026984371 0.264227581574555 0.330618923156898 0.0739878640563103
0.219248753070508 0.596403453199847 0.619535806798393 0.115107232210207 0.114897741399990 0.172961034314586 0 0.574336822700437 0.544208487013317 0.550975101656191 0.617099478491176 0.324816399125101 0.509840595419522 0.156474717297741 0.693179970240982 0.49693662722552 0.54996253009189 0.249078179753479 0.167969248431039 0.447697910257533 0.0197325298582256 0.224075965936661 0.650045176236171 0.0816415614456507 0.0739149295671731 0.294152156098912 0.315379457126814 0.534901762436676 0.364320697645153 0.284170577030326 0.352399552901598 0.138823170711434 0.534916051205565 0.264940532271421 0.438059053521856 0.345601487791741 0.576941872651164 0.425148708888305 0.616177812539485 0.523653968187071 0.591517151972986 0.184299815423023 0.359193366307127 0.301189514780875 0.444256758683759 0.539792221178811 0.11550180784942 0.0848020346933732 0.127729539473001 0.808396134102973 0.547912634986293 0.403173574113917 0.154795722018869 0.295820969762599 0.476084832256832 0.328332332030489 0.252073634326655 0.642055467530662 0.47632068645893 0.260098773606661 0.187227199219258 0.0733350699343266 0.321008831720333 0.201386375842536 0.220215641442784 0.621420509983042 0.0513484597472675 0.243788481873478 0.283734732105797 0.39467210440842 0.569042284786334 0.542313127465288 0.064084879189695 0.502917393910606 0.237508918894332 0.301599857208621 0.310126217340042 0.329319177752855 0.384264107005033 0.366220248499404 0.373599326030986 0.465745415375686 0.423838764077743 0.333833607435642 0.0568165111434375 0.308475688128104 0.26246491889433 0.391697249204043 0.486279304858026 0.224760844663148 0.393379617504008 0.407599646936805 0.369467548970750 0.240797688249765 0.397515114503189 0.343716668417484 0.278027566857048 0.460582599241779 0.212902530559433 0.483492650432662
0.104287144919000 0.51936515892701 0.433946776686282 0.0810064693176342 0.118664033928097 0.210991814701421 0.574336822700437 0 0.731350383958366 0.522269144985118 0.766585038423371 0.385066542285743 0.356932987879982 0.164480238402352 0.343015583261039 0.109466213752334 0.34120088276933 0.161991065908365 0.188381982721455 0.104927486999670 0.027868015721703 0.150613340767542 0.463655384984836 0.121629304556356 0.210535482430292 0.250440856202336 0.131893332516121 0.288628297251547 0.14024033030587 0.176003305469765 0.341457265232048 0.12517059914994 0.443565831800674 0.109494512278514 0.302450425108962 0.300473889908658 0.687073243750878 0.304478907322038 0.750889008930337 0.520260535738977 0.563695040921293 0.151660839941503 0.206325494903158 0.169124266620790 0.534699672584736 0.396493177441818 0.0667734109467362 0.158417358512931 0.228124330291971 0.496925781187861 0.451935669353342 0.522579002216637 0.099865216922179 0.343478187710178 0.463325424412913 0.2975328770563 0.040098545375944 0.40556097658416 0.281669435888733 0.0671942098723702 0.106916113108022 0.0033864481311282 0.0538503835217767 0.0448838759069812 0.0833691759496835 0.537861404300912 0.194174716932891 0.301961673281443 0.169738236468706 0.217277173599426 0.270971066499378 0.158769129777490 0.0451858836002714 0.416509546360375 0.0132183991239438 0.326524595003361 0.00927351897639715 0.162830568530132 0.43383451701193 0.58285318588156 0.410322881482783 0.600273890486731 0.433647095670759 0.521478294209879 0.105712695729066 0.0961121739476106 0.154676800617884 0.276389956801759 0.404108163305891 0.329274054790212 0.390744842390724 0.353670702028742 0.329578719176444 0.141545363463359 0.328348824069615 0.400123944233079 0.351399816874745 0.430121768121652 0.349555287360269 0.274417959617638
0.341629650320139 0.584953362228087 0.410784436952566 0.162700930728527 0.265886610500696 0.403031668417065 0.544208487013317 0.731350383958366 0 0.442235714924289 0.810735295296689 0.457084969322508 0.428029996076047 0.391195548258698 0.345145131565269 0.180532508416321 0.460484698912861 0.389373493866418 0.357234614295073 0.382027839004728 0.242764783507565 0.193104253892392 0.437953731802736 0.0466063569773892 0.30135756043053 0.304854827856457 0.240503894558435 0.432086808125695 0.248986768817065 0.43946388011787 0.429516470218752 0.0507784870912164 0.594662331743443 0.103441401765755 0.335235798065523 0.368832681743936 0.623068850798065 0.637464312059284 0.711015776077322 0.543284994600701 0.759115890680156 0.142231021557768 0.248662082359411 0.364285433380394 0.503284858332406 0.440317847687488 0.263923471661512 0.310516816856072 0.418590316840815 0.516683166174833 0.415300756229713 0.632866263160233 0.0770680478791858 0.34945995064673 0.590061610553349 0.325651992917836 0.235564217307986 0.369597349725516 0.198728319095262 0.393101979095787 0.409375771665775 0.292391121044542 0.292321675406234 0.212270985995891 0.180023960202074 0.472561727994392 0.205790385133916 0.344160635496023 0.168343103625894 0.315636656161457 0.406396754327018 0.371559055939707 0.228959733690747 0.425518801503963 0.0462855203678599 0.421859281677317 0.0872680558667716 0.116871579108268 0.411956011094310 0.530003200423004 0.623476667071601 0.542173844831926 0.306619063625087 0.66288867689811 0.133591882474448 0.170771730395981 0.235642381210530 0.30010042470403 0.433483225570409 0.340700288824335 0.469759030237047 0.372814291662676 0.241663631440949 0.148356526734311 0.249219515128213 0.403830206245837 0.289100682748299 0.499883402224141 0.33062028743266 0.239178207532576
0.107725664746537 0.400538904194521 0.278459108931323 0.0495522535956204 0.331296993455473 0.162652128522808 0.550975101656191 0.522269144985118 0.442235714924289 0 0.682765365268754 0.257628316865349 0.611098954775382 0.228670442574663 0.369372334843671 0.244110346722524 0.259605974270787 0.0846109275596446 0.0413449177048618 0.240907017467701 0.101099402171185 0.191040873168866 0.384830802342975 0.0914351695598036 0.101626940851078 0.121405892293463 0.239821791100790 0.338160924689937 0.110382222702947 0.345330996195072 0.344488426143498 0.247399143961894 0.555057709052734 0.326553640497283 0.36429151451721 0.434613838218785 0.412799510083532 0.222909682400608 0.520272039928333 0.592066503258895 0.392029530215256 0.168270298687561 0.314152750815041 0.229868834310880 0.347835718734257 0.358515363579499 0.130266690980172 0.232232757208874 0.131956013180568 0.479922575711649 0.428025713380403 0.398664870563052 0.244495788790071 0.433357803322588 0.390317805079212 0.361693410047707 0.169944859076952 0.359532643293216 0.193787292034261 0.00213400341437572 0.0589318912388773 0.0296968633558916 0.201417974404447 0.138960122307904 0.143784935426202 0.296175772966447 0.121933132540085 0.117956516526104 0.0560907515527856 0.260493801192732 0.3565099306758 0.235336546812415 0.19566293299241 0.437205462238093 0.231661601350389 0.347608913946568 0.238398671292838 0.297373503124191 0.294809793889603 0.184179086376161 0.18424555286832 0.350078341533523 0.273186356493772 0.254334313226799 0.107237919245392 0.151608071618372 0.301467652372607 0.500042515543898 0.357891329204475 0.170691629445690 0.391127411656563 0.382215451902732 0.482791900497271 0.151129810334511 0.377044320300951 0.269936527155089 0.179581693303388 0.379710653355406 0.268069863390283 0.476226131035732
0.253877173904005 0.53082023396787 0.429255580510847 0.122347916988618 0.303506727500070 0.325565497141588 0.617099478491176 0.766585038423371 0.810735295296689 0.682765365268754 0 0.48398641194372 0.625464326373495 0.364022597222874 0.348234420341425 0.251440173902693 0.360399994214277 0.23766286580269 0.241249660428861 0.290703759717709 0.183641082568459 0.250583914628820 0.455898404897879 0.120223152169083 0.215567772286114 0.213704895232801 0.185112989824132 0.485966940158424 0.249047459037702 0.432395886897116 0.51602775750475 0.158834601890969 0.621537836292989 0.115940423712222 0.389334040508727 0.420164635934995 0.537025338201405 0.4913482874475 0.668243055685837 0.55338877892305 0.654492364474445 0.200498140870059 0.305228979160648 0.318762361806208 0.384968488768869 0.49781222853709 0.206180044055511 0.253015958060864 0.373788616280257 0.582110815540672 0.520354430074060 0.592441475269074 0.190936790341168 0.479141344424693 0.621546732278535 0.419762663969095 0.190412781299384 0.358825353118527 0.281251185648658 0.235679248176491 0.275676980050066 0.128294675782890 0.255278734666948 0.170394297015196 0.26240738489642 0.493334927045975 0.260007614597651 0.256227933190139 0.0915415435238364 0.318388504860488 0.458172088653369 0.355688615801234 0.126170852973236 0.514659376302486 0.138628821063716 0.361799838863684 0.0362270694233159 0.178660525233735 0.375849028519049 0.380049974226496 0.48540885128003 0.485969316451540 0.248851310010341 0.542591253535598 0.178370052698326 0.182801455204328 0.205305453055009 0.345099481859275 0.473646102045675 0.361603084029047 0.539644946273444 0.462632612024119 0.291850074716671 0.0903628773468137 0.275710329872319 0.318846239028628 0.223033694236742 0.454232800687811 0.300023292345777 0.279506114941167
0.623813726971356 0.280800699319514 0.630217594743531 0.61455768601004 0.658321638200471 0.712693231489237 0.324816399125101 0.385066542285743 0.457084969322508 0.257628316865349 0.48398641194372 0 0.70067177352287 0.685249934068788 0.287061978702409 0.0761399848422394 0.182177199835264 0.479653194815649 0.655803157443615 0.396277295536949 0.522789770618529 0.3262834462253 0.204955072544618 0.321119084716054 0.500795802200299 0.0352725936227545 0.342790506274611 0.60972845002846 0.443661004912652 0.582426371150356 0.377393090924626 0.155257113272175 0.264953158196620 0.0578180195720363 0.0779246637521604 0.375528750608608 0.359164599696927 0.189906082369793 0.368304891707575 0.199223978875805 0.385827359327058 0.374416202620838 0.099166888083842 0.577878363900385 0.308627942079868 0.642504623886868 0.613288956756825 0.206644837867898 0.337274070062681 0.388972222587437 0.092491342682521 0.058479850837033 0.00150150682376771 0.317423734953852 0.516307089335366 0.360458137632046 0.448403237610833 0.151751623728166 0.0880872284441211 0.114247762898912 0.382195714221454 0.364427855933196 0.206362422449251 0.416427033720127 0.437384943274288 0.203637182912874 0.472666968560237 0.535427847335662 0.0930653475778538 0.462172758835745 0.352516244178607 0.305323336299841 0.280203610589870 0.336317258276596 0.149704741251313 0.389452965845267 0.0538807540706245 0.00551066931414291 0.317709119084419 0.238820051942079 0.101853137935901 0.0772567270636262 0.0877536658794223 0.192923762371391 0.385210427762939 0.0908796449338478 0.0298936114799263 0.128771141132158 0.183664639295429 0.23202994631312 0.389162383240017 0.406917709154041 0.140030994852301 0.104106716963041 0.165620745042726 0.175826960902681 0.177630080895791 0.359887647941664 0.361687557968622 0.163277988281079
0.356788115429947 0.4061341132798 0.562786192894376 0.422563270911279 0.599007875832849 0.474776700924371 0.509840595419522 0.356932987879982 0.428029996076047 0.611098954775382 0.625464326373495 0.70067177352287 0 0.627293779721255 0.474786353653934 0.413819313027073 0.326717240232009 0.33248808884255 0.400996252681984 0.387172683962127 0.386956805214272 0.320764994162942 0.313176971299017 0.135331550838992 0.34573803245446 0.146608691472268 0.408005310430159 0.590488081477371 0.383379374170329 0.632946749857968 0.510892245343238 0.318147038172027 0.555361100822069 0.169986448822547 0.257858548316106 0.424008314007471 0.391833429455704 0.236605808350168 0.47463238362457 0.420660260904462 0.435616810795621 0.348757905732224 0.123473900924026 0.454554876628456 0.30505103728478 0.57906038000665 0.479484515080978 0.257949801557626 0.311449081841063 0.543075840411251 0.396386942876007 0.189533558414554 0.30629851170299 0.540420845042052 0.586144980950449 0.572031138718193 0.55905136266647 0.357426375491255 0.276622633600785 0.172140743073963 0.301398218775662 0.213539656918223 0.165679419141667 0.394917717687145 0.393150633234144 0.295041198391518 0.267715999494285 0.346210758237324 0.0148098636171424 0.457217988175511 0.384705663418784 0.329814579508019 0.295245582703411 0.565608691381302 0.307541630663370 0.519967384207622 0.350178884575017 0.118119973550156 0.311271993408874 0.170034942433004 0.185446312352904 0.112845548923542 0.238042171556503 0.198815012853041 0.302433188786895 0.0689398559892443 0.200807476984754 0.412938063715564 0.376742984606271 0.271758934044556 0.500353965076245 0.547701805274266 0.341748879819208 0.139944664712314 0.230299706054064 0.298621627697202 0.245517044355447 0.498328756600182 0.429183745884082 0.260881201233226
0.460638463983506 0.244221814722872 0.372260098021145 0.458643120496863 0.731131204405964 0.670542061390725 0.156474717297741 0.164480238402352 0.391195548258698 0.228670442574663 0.364022597222874 0.685249934068788 0.627293779721255 0 0.0288566060740517 0.0119278719505820 0.0345230576368406 0.315718759602078 0.413931623057298 0.270732490495685 0.584970053685097 0.397405530290456 0.128842265428039 0.0427385733188239 0.437489523063680 0.173069460807531 0.461831887353857 0.515474684312401 0.303838266708612 0.598451774900469 0.294664714297106 0.154674540290412 0.333164380160409 0.104890508877414 0.00353975312996257 0.306878480048861 0.263115899431596 0.309599468447110 0.217533712402189 0.117562355134874 0.291033702751678 0.319193357735284 0.0524696011537521 0.423195487109044 0.134775359910482 0.457146387657817 0.561436732959779 0.519985678586836 0.444601949883645 0.218449513210466 0.0180672519510585 0.0147722703983151 0.0889449875789854 0.33951216530511 0.437827999322674 0.382024958057808 0.528631948500826 0.0294903577159619 0.0178087174239779 0.111004635733164 0.259805876785571 0.356139787553391 0.177204460352520 0.549198033605091 0.472349803234266 0.0228125762708869 0.159114050693354 0.394609934932557 0.0168153015086033 0.459935716867223 0.285196018944807 0.332262183673693 0.26521689706956 0.223667912879608 0.150749555603282 0.339869626842831 0.00339985708761787 0.182594635232611 0.229479939522974 0.087259308479129 0.168890612762612 0.0635021945653429 2.54566719459752e-05 0.181173646442343 0.456656299995957 0.0590486410789016 0.186597497948392 0.198817833036520 0.0227228564963439 0.182824653250849 0.226186062166258 0.195377021198703 0.193288795633435 0.117156551982141 0.104404464358559 0.0511570525742989 0.103091989026312 0.200558554814982 0.224989228122232 0.0088388697701627
0.175195233555228 0.455594422588836 0.592081313112818 0.227767851948519 0.0289106573556409 0.0903348633796072 0.693179970240982 0.343015583261039 0.345145131565269 0.369372334843671 0.348234420341425 0.287061978702409 0.474786353653934 0.0288566060740517 0 0.754265979376644 0.655139298174528 0.386839608857573 0.286093712396324 0.484807776973311 0.0516766051261468 0.0261365648661422 0.400119346754432 0.180020748375708 0.11854390403986 0.165139436709935 0.179815016185536 0.420756526108501 0.330428344985602 0.145033452769095 0.437933502534981 0.0404270450000053 0.432040590802309 0.310751390275513 0.326574695293036 0.323965852371513 0.501583360983223 0.165647488095684 0.501577654380764 0.478547312661565 0.379495538744872 0.0407591624657343 0.306260035223623 0.336721357920732 0.44321837035952 0.43408743311871 0.166551767843236 0.099355104346093 0.0250481473064413 0.612167136492172 0.439107978965125 0.226259119585415 0.210509006023632 0.276136535553977 0.369950181343147 0.326367926198038 0.302824031660391 0.707290524644323 0.506644247510571 0.309761940887785 0.210541779731672 0.0993162212184476 0.162149805252781 0.105431170194114 0.023502785169504 0.395541733886001 0.151173936722451 0.194606025896320 0.100047264029427 0.230376442374373 0.430700786694304 0.305013466953374 0.182908486112419 0.557008484999902 0.201495830211928 0.427791024038636 0.550640376453783 0.349010029565522 0.312953573442677 0.339727785558203 0.269128506841535 0.325562239858899 0.555633970191904 0.257377436063913 0.0938669311945471 0.207778388808642 0.158838649833822 0.382834807271646 0.494379362912619 0.131867430154095 0.497733001375442 0.494522733474171 0.219697932691739 0.145567655754994 0.421108195029484 0.451858599979854 0.296677717206808 0.574530247007452 0.389294635602516 0.456076369394457
0.0359425270333565 0.320124162833059 0.41531259626358 0.119615862166489 0.135429398200578 0.0241882365984202 0.49693662722552 0.109466213752334 0.180532508416321 0.244110346722524 0.251440173902693 0.0761399848422394 0.413819313027073 0.0119278719505820 0.754265979376644 0 0.440287783008085 0.179234870874188 0.103098373267017 0.351348818330782 0.207884865907243 0.113397256938449 0.183844562708082 0.13488301623822 0.0350350768341389 0.203422371750108 0.00340925022797546 0.197098348058661 0.159102458596929 0.0447953008398623 0.370563486612463 0.0544208270611759 0.385144035637863 0.210508528478791 0.258627059479201 0.159254238644897 0.196493970882096 0.0934929133452878 0.300499255161284 0.216043772754488 0.191257335106513 0.0722798950576561 0.171271320988365 0.166352890835649 0.242177117362048 0.254142203963181 0.0866646258625804 0.0341770865760415 0.0501598357687572 0.421224565029492 0.445282174891584 0.128839261382651 0.267496068237537 0.310526316011585 0.326891120722318 0.383063015039576 0.340632831211056 0.486674801117094 0.525518182803961 0.367972271510233 0.180839698749207 0.0455985760656600 0.108935350107159 0.0557113304442298 0.0325084619058878 0.219906212380331 0.0429070105317139 0.0189382732453910 0.08505721509888 0.0263536305315122 0.232123589371820 0.161805227242453 0.129602253327508 0.503915989999651 0.0699052800397347 0.381947448659297 0.471565713804895 0.165764344977521 0.250351304995242 0.0791892373314786 0.152836757414476 0.101818776329999 0.388823180600971 0.0783093130315815 0.167337395378189 0.148614104754394 0.00121307592656429 0.193782506855896 0.339819100158852 0.0325408747043406 0.414773278805976 0.397773149587884 0.0381756421843607 0.126082357316671 0.120082398704559 0.224903637470629 0.0624095152164877 0.412355480672476 0.216578338154996 0.153013012682476
0.0590157414403561 0.293395674115948 0.231359246673193 0.0793055605104845 0.00595544665479418 0.128560667859837 0.54996253009189 0.34120088276933 0.460484698912861 0.259605974270787 0.360399994214277 0.182177199835264 0.326717240232009 0.0345230576368406 0.655139298174528 0.440287783008085 0 0.499493858016605 0.185101858080741 0.264089907777884 0.0598245979413384 0.153702533431468 0.181429251820504 0.0579626003919989 0.0591706217972827 0.143615865957837 0.0468864153881004 0.151828663224046 0.0364745912438240 0.133904502738670 0.172677075016561 0.182951373197397 0.257595404332868 0.0910457374747022 0.0922206535228137 0.123683986576032 0.514117922971028 0.475542447175642 0.493098097622126 0.394234956222441 0.530953097714563 0.145432678337195 0.0875166670761948 0.109502435635550 0.290318499540504 0.233973588808814 0.0621867665906395 0.1147118428939 0.0731709214616224 0.490086488488806 0.347254100053877 0.256001642917955 0.0757179480012105 0.151345847288968 0.217186957705573 0.175447738652686 0.138721524081199 0.560552898576802 0.357078764946877 0.492736694459654 0.295689544461972 0.161638045855434 0.0869340485690657 0.00914609577309397 0.143635999982655 0.261155506727999 0.0285469698996857 0.0718245114951518 0.0779904605448726 0.0540225398322334 0.172925734452312 0.174182249828404 0.0919953055829389 0.330027802138183 0.0706956521773847 0.248918653588177 0.333867197240624 0.139933372687909 0.218763115449492 0.273871550964792 0.299559015416346 0.2494391632905 0.269991876091756 0.255672819958202 0.230405863317854 0.0634507331066284 0.196118112508309 0.262307368158449 0.321676884514764 0.186118702225158 0.194499846362368 0.313254807593405 0.220483739795544 0.166610811107453 0.269233120047834 0.3121640085892 0.321203659356863 0.381012106066838 0.220984685277766 0.352186900849059
0.461530363938937 0.349622039371278 0.371419608760325 0.708210098203292 0.403240698962759 0.713259491247959 0.249078179753479 0.161991065908365 0.389373493866418 0.0846109275596446 0.23766286580269 0.479653194815649 0.33248808884255 0.315718759602078 0.386839608857573 0.179234870874188 0.499493858016605 0 0.811878273268555 0.677801775151302 0.558581716732772 0.0937906605004551 0.0635580146607734 0.0879344570907194 0.416192203291292 0.122983137177192 0.307805919706003 0.485597065826788 0.212767520759809 0.366552622212909 0.259956997122387 0.122550132486988 0.327282804661541 0.0254257393620545 0.0438375434605584 0.454378286540407 0.386874449049032 0.51760332916895 0.325193229598783 0.222085655008928 0.551621531651196 0.084466352556639 0.144334821121509 0.530326286659806 0.212309130489410 0.507505986179656 0.663831380830626 0.130103480108544 0.497493548065531 0.420200748111404 0.151193759091339 0.162165898368829 0.206805177038204 0.207115020238965 0.376981256669136 0.272113122253423 0.38113019463049 0.216332785370070 0.0329682342960463 0.496881706570901 0.63173538258535 0.767936275718677 0.521789847389012 0.499141400668584 0.0179319686756474 0.175257070758044 0.0899798153153352 0.468554579639451 0.102275658663682 0.281614783525469 0.345396792327844 0.221864000321461 0.350278519087017 0.22933930349638 0.095388738611067 0.465310793855687 0.226724383917605 0.0464008306645169 0.0586919977246259 0.139593171189442 0.227127755171197 0.0787037837962125 0.0474323492161057 0.174389647088383 0.08578004665754 0.00962383998065923 0.0101767390984942 0.137776225140237 0.244242380731525 0.0178826064724786 0.295854424952284 0.287642159679308 0.0314561903015572 0.0659876248706256 0.0783044378683792 0.195828809161830 0.0893544324182148 0.319357993446687 0.294507158760173 0.0231132774746920
0.620788949614203 0.391785202952018 0.524885558128092 0.86045881746768 0.502502542635695 0.793184011062358 0.167969248431039 0.188381982721455 0.357234614295073 0.0413449177048618 0.241249660428861 0.655803157443615 0.400996252681984 0.413931623057298 0.286093712396324 0.103098373267017 0.185101858080741 0.811878273268555 0 0.693872291321905 0.661706089541323 0.13070109898206 0.111691338035776 0.261639657298103 0.514262617061513 0.0914378936751478 0.401155750080287 0.548609769745133 0.454457353576585 0.480656599997614 0.337192940719488 0.0107450354246740 0.283671035055299 0.127771552254722 0.0276652645837221 0.374800412171363 0.316836207319838 0.335581654615014 0.31448388583035 0.200477966330364 0.437409609212516 0.175500904347454 0.163907476241032 0.672489976064301 0.292842499762985 0.554895023876676 0.756597015512616 0.126974554809716 0.472710481709019 0.311557872011189 0.0728166034471033 0.0855986532257189 0.152121186329915 0.233909424810538 0.400548169974354 0.283127492445281 0.365556000363885 0.0532887683541844 0.0231396782843246 0.255022698885194 0.528882300893189 0.698204212816895 0.46190629034138 0.488776017072156 0.191841533764205 0.183329911560390 0.300855721342566 0.569108587071353 0.0360737000396674 0.364203619719276 0.313270372765084 0.223345244130832 0.421285827502825 0.329676477071667 0.0273956651216934 0.502553784973362 0.200148056638939 0.0136013584003055 0.108397019711304 0.121300897959635 0.077252779327115 0.0415840577678279 0.0717646398318494 0.0891707825190485 0.136353716502225 0.073711432745525 0.122259244968099 0.000170946534182328 0.163951414309886 0.0394382857752573 0.340675191525858 0.356438533658985 0.129898479025535 0.0789057361869994 0.0271280933806336 0.146557538767739 0.0389273209282287 0.351750159862918 0.356234332816677 0.139451773752132
0.542958978548868 0.448524554078079 0.577242293181006 0.560495681306437 0.356647239799799 0.553272861466365 0.447697910257533 0.104927486999670 0.382027839004728 0.240907017467701 0.290703759717709 0.396277295536949 0.387172683962127 0.270732490495685 0.484807776973311 0.351348818330782 0.264089907777884 0.677801775151302 0.693872291321905 0 0.4955925286428 0.113270351222107 0.359090367725182 0.134182661524669 0.274510951932898 0.171285278227260 0.425298435384289 0.64796813753125 0.429288061919508 0.519208798663162 0.456199965257871 0.0429666043971152 0.509915413606187 0.0599637416683365 0.303632114747654 0.498694466330379 0.268717430340789 0.49156587210555 0.358959338665701 0.31600220150153 0.544832788317320 0.0817707297949956 0.445898504376254 0.701774498684348 0.3159759951181 0.585519022703638 0.621216328920404 0.207839649911079 0.440563005867242 0.547857360384429 0.239663665615089 0.124671119036888 0.242033771834442 0.290800413822293 0.49019700109002 0.396083755760494 0.471424515918549 0.282431194397007 0.237660824244316 0.406960607807474 0.541056179389553 0.68060513318565 0.760105986184045 0.587963517551515 0.251625199798092 0.317248429676569 0.147586808368964 0.365419209890989 0.162680904042185 0.444521117708431 0.635504509128315 0.485480070513973 0.467178500337806 0.40957165993613 0.216016428056658 0.538614980841526 0.349810801226265 0.191850943938866 0.170891173040744 0.0748832115146624 0.25035460252659 0.116572019428099 0.194726109915825 0.150740360311026 0.0737530540720547 0.282423141818894 0.070026618471905 0.163979786288708 0.297532936443822 0.0135151560382344 0.45286253680696 0.406078713371448 0.0267768615081968 0.102364025708833 0.169057377222374 0.267570410970241 0.0752039231503964 0.516668687790618 0.329861945640207 0.116508744806596
0.54323673691716 0.212257402209381 0.313748485935328 0.721669374467264 0.785799794677883 0.737952833222928 0.0197325298582256 0.027868015721703 0.242764783507565 0.101099402171185 0.183641082568459 0.522789770618529 0.386956805214272 0.584970053685097 0.0516766051261468 0.207884865907243 0.0598245979413384 0.558581716732772 0.661706089541323 0.4955925286428 0 0.429865084922942 0.136964651181431 0.0312562612879344 0.473392916919786 0.094344729914933 0.637460858064137 0.620341456489558 0.394546227253379 0.657253062801562 0.253414458885489 0.355954040227526 0.31725388712473 0.0640746891868914 0.105239386747563 0.380284019182652 0.183505853464054 0.362484209731645 0.178076102270153 0.226708003487379 0.307367968315926 0.409478220478689 0.169402285801041 0.585005044342638 0.169549239198104 0.449537422679763 0.780115578439222 0.46186904750944 0.503755868661476 0.209235161515376 0.0770152747471953 0.0239572078757805 0.214046998428837 0.238825652095535 0.393677528151384 0.316431469181737 0.467753444629994 0.110868585599850 0.108379695673367 0.071955600903632 0.336510096610763 0.615133437622709 0.465663803813691 0.748440573942392 0.544739767700283 0.0618584152713653 0.114150800915883 0.450256483847662 0.0554296184439258 0.605918487248967 0.343721244511587 0.325349269908927 0.505678488573559 0.214768646149327 0.398373208414971 0.428215663297028 0.135076576007555 0.0682534362195638 0.000201762058929737 0.0414825282656475 0.0697687503330197 0.0940285176395972 0.0177617671084785 0.0535968672729213 0.527290086657119 0.133609711498551 0.00495484337738033 0.0301290795037669 0.0115099175539845 0.0350541778569164 0.208691784337345 0.178063173107888 0.0295101563749893 0.0154072889052995 0.0976190779095605 0.0184277175597285 0.0209585177841243 0.192335272207684 0.287187327212637 0.114572964429717
0.394708504621058 0.137003545914594 0.185326841558406 0.197583965932652 0.471134958412664 0.140321395417207 0.224075965936661 0.150613340767542 0.193104253892392 0.191040873168866 0.250583914628820 0.3262834462253 0.320764994162942 0.397405530290456 0.0261365648661422 0.113397256938449 0.153702533431468 0.0937906605004551 0.13070109898206 0.113270351222107 0.429865084922942 0 0.289545315463496 0.0628618722899841 0.287089251698230 0.237273982387007 0.546392584541247 0.515453382293321 0.6533890280196 0.386371450306037 0.368171087821092 0.758600974846731 0.240681712988255 0.00588073675829092 0.37488418911202 0.0533753912690544 0.167534028899668 0.175845570678804 0.132927479039163 0.272503321808231 0.0233660595752364 0.865822914646039 0.335084435745679 0.335740436188349 0.0320127822567688 0.352692085797865 0.274354464160442 0.29716239058159 0.0935951648393962 0.147987194581815 0.0148614793069474 0.0738492388142516 0.110739399687547 0.223299611798171 0.283933602119175 0.302513407791957 0.291180907168901 0.0306681999744467 0.0191323623048146 0.274988292550403 0.134688780665262 0.00643112893555481 0.0779970090232576 0.38258344782826 0.83451486094444 0.182869957469138 0.0306846122874518 0.393584156366417 0.279784776315611 0.576086772489888 0.232375193236314 0.455488099989635 0.209890762656389 0.199091960211011 0.640333020571368 0.114927304787076 0.0480095267748006 0.279923098388539 0.112963933953664 0.0507133323807703 0.0704354451749324 0.0565778549582664 0.0443681936198224 0.143504369623867 0.812991109439064 0.494001639224989 0.0412822254170729 0.0368282240158494 0.113793924996761 0.178401080180049 0.294687453977587 0.218430228882216 0.0437359346105804 0.0845198565626287 0.0608834727881372 0.00638708061950862 0.0156353559472981 0.191277524120587 0.124905402407159 0.06861679592487
