0 0.56541972421566 0.852758059034884 0.864613818137 0.473543010393504 0.577180471639165 0.660381954717105 0.462750230969149 0.551210750354262 0.456724338439413 0.660668160161249 0.631823136890566 0.572114753441294 0.645184047434481 0.557871276764427 0.568458796627849 0.539903256551924 0.747865558076927 0.739786538338387 0.768464951760618 0.563049761340612 0.544065324331949 0.679322785771054 0.504570386692082 0.78491488203334 0.700041047974313 0.630402803124715 0.694020046682882 0.503252025995954 0.659805960269614 0.624817572903264 0.526474857207693 0.489837892956434 0.549085737329925 0.523588874885913 0.186872238908589 0.493095352269728 0.48263884083128 0.428259796915602 0.389843086436439 0.504184162725 0.410618737788084 0.499528770027168 0.816901967539665 0.499115655833729 0.798984181677544 0.573055122775113 0.303519671392473 0.562359162198826 0.621273522505111 0.504907598699571 0.597369837394489 0.312099118846467 0.664083279570545 0.66139818287579 0.624147777826281 0.666199523099647 0.627007190126955 0.57062148653226 0.469311401462838 0.629716469695337 0.658403342536356 0.725604386776174 0.681123298095919 0.587863205875185 0.582135391114876 0.510099555562293 0.696407213169887 0.562819548358573 0.655646047003702 0.624080850599406 0.636028062206921 0.650081418353525 0.536237464290934 0.618482870375486 0.55490585521427 0.679434361425595 0.607692250994676 0.346533955533036 0.495023186407115 0.333719035150767 0.3804889996481 0.440328611171603 0.552230028195083 0.6222727180672 0.623740132954048 0.686364585263919 0.637059003612917 0.699673118618886 0.697891485326766 0.699794250221532 0.491765014616394 0.541048582619017 0.670897717516188 0.624700866173012 0.730266867238383 0.759281507029897 0.711243860735989 0.523381838387475 0.577587900483667
0.56541972421566 0 0.41527033325549 0.473574071420726 0.293894416710098 0.494327387313482 0.672290828273153 0.77423061169498 0.761273211409279 0.330480811908397 0.415861837418540 0.614782484197052 0.160983591199543 0.520355267513125 0.613156863632061 0.599753377321926 0.560000008326698 0.441854808951704 0.235742248262005 0.513992579992365 0.411588881036669 0.422657145673825 0.559603129685889 0.34352935875987 0.371757207307338 0.611486826787264 0.242784537677320 0.349387856801901 0.567475803266844 0.581514523640285 0.500945579747717 0.459519006466054 0.432948617251178 0.629697607443956 0.293968563777666 0.701530587442695 0.814597205016886 0.633177084070538 0.355062940351234 0.799838262454554 0.801583592922347 0.444213670163483 0.234855676423947 0.500866009260995 0.864961386055267 0.370271753298926 0.415813931249421 0.37472128245669 0.691677470392643 0.758054344764884 0.662550982174877 0.726678802234774 0.147134502639202 0.344196610973243 0.680193781178244 0.077837655157126 0.50702361081826 0.751027727951777 0.659919344501188 0.824466993169994 0.739819057478246 0.593419922532505 0.615660856670534 0.58935311455789 0.428964517220827 0.639466482924898 0.414174606723617 0.406432607496629 0.525326880720157 0.410660235098328 0.408930577515035 0.553508131872449 0.619268012182411 0.467320613249962 0.447554730492688 0.399704669508729 0.703277074742586 0.42259857850861 0.58599559232579 0.737583322389078 0.597689193629075 0.701965918337982 0.61982637760778 0.743861041230124 0.446056436833531 0.291073187875588 0.562343253515271 0.571023774348144 0.762038574782463 0.667450631831365 0.653990458175134 0.65875151755797 0.425936422050792 0.67763449021271 0.587709759416595 0.723660895988326 0.7693721556174 0.732279314165499 0.671072161980715 0.725119285793352
0.852758059034884 0.41527033325549 0 0.79999061787433 0.330210848363150 0.559296798658354 0.684918116155776 0.347791858278839 0.420324711515856 0.367184540487183 0.646693578425714 0.523096987488771 0.683620281461839 0.707019533651305 0.569276316820243 0.548679947276718 0.334094256724804 0.593916489745265 0.651672142920976 0.66638871694415 0.37573535713987 0.441254171520796 0.819855157032568 0.6139185169063 0.738468963718474 0.690058135993308 0.578529512073394 0.685621568106637 0.361463890221185 0.602178260939958 0.556924815622357 0.469206753172276 0.409706635941738 0.383613697973451 0.356021832009007 0.109251755451628 0.355477269674976 0.327947103636021 0.338197000838157 0.304277503525654 0.38336562776283 0.263674184646173 0.304696905333286 0.702405439538645 0.354760561592493 0.868450236760725 0.488376441730072 0.28090899074166 0.521614803790277 0.631163367098807 0.2605798092333 0.44059220066892 0.179114584453167 0.486544213774781 0.545707563243887 0.563563037103307 0.743617708388167 0.564328170602882 0.48568613493147 0.33261715363268 0.469904258570106 0.426535044974842 0.573289044416866 0.658566442655971 0.606811930867545 0.678887644458845 0.597155834943142 0.670628033235208 0.540687067310607 0.591187274179795 0.558936446261068 0.467639544085899 0.546436156922122 0.589244397968594 0.670429412589541 0.371219403561024 0.576332516834161 0.667175079565126 0.307588037956539 0.355041641464237 0.197648326984678 0.256168084941944 0.366596879163096 0.440313524839385 0.597568111904023 0.716283225062593 0.758437943910989 0.697792344156616 0.57422989970139 0.551456591619923 0.565675134712620 0.376981146273084 0.635255718084636 0.711615826213108 0.654329585103052 0.579245254634575 0.585076812219956 0.620885401035704 0.479296299116214 0.421879958122982
0.864613818137 0.473574071420726 0.79999061787433 0 0.463120463616977 0.652613354744096 0.602482515021909 0.374183174824602 0.454687990918535 0.394035693453672 0.637702080702378 0.572077051023761 0.622050648107839 0.596659058836122 0.463966969078244 0.465571760585576 0.39540180673185 0.70027334936674 0.797082868728428 0.75071269579082 0.380388523435563 0.439091549925922 0.578827807397834 0.322179255565832 0.73162148830621 0.563422389033142 0.592691627947481 0.660045444867314 0.450391592502114 0.531838148658518 0.535048789843351 0.384615649798923 0.405155652292039 0.364703567284623 0.341712644508307 0.154763304775569 0.364485258177823 0.318513376707225 0.356584167336277 0.281640699401955 0.386300940001321 0.408895260291905 0.307258681457486 0.67995447577008 0.378263108984183 0.755465456566628 0.655673918566619 0.391689766750253 0.461961136666977 0.556091827118076 0.337515629934865 0.489269465708987 0.243050465445075 0.612541629030135 0.514673018538454 0.494986963750068 0.542677582819246 0.541569975705381 0.410778941696415 0.36721555420752 0.595281254008521 0.610477748991084 0.650548637290368 0.496232446364142 0.511204888123768 0.520107341692029 0.351253455656452 0.651716584471394 0.458520261795941 0.611251043134743 0.588879241381796 0.540192105042561 0.501716731446395 0.480418077651958 0.501231962530469 0.361681151131721 0.494287689077369 0.439865924923121 0.275401147412112 0.350399442363196 0.218861619893828 0.286875838908964 0.375665420467566 0.379315720810808 0.515749245447794 0.467460061709882 0.572778317718281 0.510442597688002 0.554238851660396 0.580940590219098 0.544234519572552 0.334126681481468 0.484850236009557 0.568690715289458 0.474827237199447 0.574580186410682 0.634099923420799 0.560371729067823 0.421572254634017 0.464873191517663
0.473543010393504 0.293894416710098 0.330210848363150 0.463120463616977 0 0.641262256497243 0.387871266396924 0.165295820236382 0.297205159040980 0.442440101500112 0.473355852054114 0.438968905343961 0.392480400818225 0.262891732369694 0.291029763118812 0.297708180369014 0.41534737084166 0.672680538616123 0.434634879365962 0.412695055275321 0.279521452120758 0.334120443723586 0.344144635519565 0.114956181348045 0.478571398453251 0.273599308509537 0.301756894249099 0.283065986778446 0.103831375135635 0.419578369587241 0.426674703730115 0.293966608566865 0.300203371965553 0.264161373975222 0.262056226962128 0.0177055136112563 0.232739567814200 0.114445562468253 0.327416023215283 0.0614980343686759 0.165359039385167 0.151861962881739 0.375619996982087 0.339549443000722 0.147118361811739 0.345749917222569 0.360107648315533 0.51635720536863 0.417323844890373 0.350429451454032 0.321474886320467 0.353397749414329 0.445374995807655 0.536878048390788 0.498040348851272 0.387998549489020 0.172620822275149 0.355341509900830 0.193790071075563 0.212677428184098 0.363866050647456 0.379605392672063 0.427294819866068 0.177830437482004 0.347709358697178 0.269630345735409 0.153399617023083 0.393812645984604 0.270845811877653 0.284320898084405 0.297045387771991 0.243050364815687 0.312046247480016 0.198105021873493 0.191277860340691 0.382743581251888 0.196228178985720 0.0375481359921296 0.0500853241653669 0.272994494635277 0.0153803380927434 0.169788034919402 0.271777917080613 0.189393006820922 0.381803985055567 0.250495003419277 0.247949394043399 0.286431520782632 0.295362676003430 0.371764083827576 0.391457953918742 0.230997999497828 0.229361757024556 0.296862131832237 0.260425940011631 0.321106301953587 0.437284473330726 0.402620599031012 0.214688072088904 0.393403349918646
0.577180471639165 0.494327387313482 0.559296798658354 0.652613354744096 0.641262256497243 0 0.561382028335904 0.335692204642308 0.443481999764148 0.402953730072489 0.752390290815842 0.613935515571607 0.442186990550139 0.445097726722007 0.478921621179810 0.484545289873625 0.272459036891788 0.614765702979384 0.536942794138750 0.519348354991257 0.227361200911692 0.407684290367329 0.563426491961622 0.246894650307625 0.579340721410293 0.466860324157866 0.486087381284497 0.478790203426823 0.301651875848752 0.42412376491837 0.478754864389163 0.365448269413210 0.393447014590555 0.346907492359749 0.148482054326611 0.268984828820283 0.324870419933167 0.209982701109209 0.142735694899963 0.356095751124084 0.388140473868953 0.337473323046825 0.156112535909080 0.439434188474442 0.311868736040569 0.528857429355015 0.508093185253973 0.647380652678335 0.665749553374779 0.565634245470048 0.281346177949010 0.337315678857517 0.350889994222496 0.445523784390139 0.594716205226412 0.275273920024302 0.441691431420716 0.593879017066853 0.369905127248301 0.396071780252187 0.394258672924137 0.448287704346971 0.526553861474962 0.400744293057332 0.537196461476097 0.458748740504843 0.330805683713335 0.446758534474997 0.237925142415180 0.281990537404927 0.361545123782121 0.38918854814308 0.435340437011663 0.451090905648743 0.420145065407446 0.186412015386373 0.444390688616865 0.274126530422193 0.144288073067501 0.318336961418218 0.283495960062523 0.341568197432585 0.228354273938023 0.294728807582992 0.453904631309227 0.316298545615429 0.446476116209668 0.429782468175497 0.438092586834428 0.547819588093517 0.564990341667698 0.331654052182356 0.483778119329363 0.506498114260351 0.435437130567141 0.472182482565135 0.585088291629081 0.538301954822461 0.472702486310687 0.601609938787743
0.660381954717105 0.672290828273153 0.684918116155776 0.602482515021909 0.387871266396924 0.561382028335904 0 0.703536975802417 0.765655500421668 0.57390507280755 0.490430269495974 0.780565065890214 0.502717356546096 0.850697360858185 0.9210886163246 0.849239867435868 0.607260118410236 0.564641594493362 0.280415573790681 0.782257184575486 0.54211426798082 0.470820095288498 0.830904348369332 0.592714023844748 0.50948817742651 0.753341422279092 0.380047399963331 0.616317426283716 0.499666467001485 0.592198388750215 0.625023622211714 0.509152536478217 0.440158027391501 0.518876342404246 0.445817274305341 0.390169122643939 0.739243085651294 0.65544168692595 0.523068523825786 0.549559384658153 0.716634892928342 0.442175601048696 0.387698022486989 0.592811084241673 0.608920696816631 0.564132428105369 0.325203934545143 0.3106954135615 0.692991523339776 0.917020348831085 0.605243586043692 0.710478726277988 0.289223790071835 0.457079315554517 0.750024861294598 0.494402490238262 0.792799650000941 0.838348899170896 0.788307705130412 0.660228672533487 0.611599838468313 0.509875017535179 0.735960140041558 0.684305949887932 0.491270172799603 0.828489327696013 0.717512181300325 0.587201449640553 0.654596942243993 0.544865947674283 0.632452968925478 0.526720895404398 0.585944566490711 0.728541754924265 0.708202751679669 0.603497697496331 0.638026120164443 0.561857667770136 0.411612198254376 0.726471229645415 0.457130900930323 0.637898648594092 0.573561153942677 0.711646330959485 0.504279402013668 0.648036931233274 0.838556755492075 0.81537566547753 0.634927283897218 0.570601024436297 0.780312293748001 0.570530773816377 0.559107254448338 0.856092638301438 0.759856426285745 0.629079239912164 0.644204731519294 0.797378491750147 0.57836408300476 0.602101242006235
0.462750230969149 0.77423061169498 0.347791858278839 0.374183174824602 0.165295820236382 0.335692204642308 0.703536975802417 0 0.857142432084324 0.403807448278105 0.23906892453345 0.615209235265138 0.136269568268938 0.562641216548477 0.64884622886051 0.620562919878217 0.645092067872892 0.360877959926684 0.0807220375993176 0.498178647065207 0.505124414801423 0.363712242262876 0.496080189401158 0.389782711568025 0.263052982393533 0.604719776516462 0.120007155872056 0.282236512267307 0.51258318557556 0.465665473225603 0.424887893076192 0.358330485767752 0.396719032750685 0.525554368121948 0.373931639765153 0.493674445862708 0.840959815122399 0.761764350187694 0.533087845480251 0.793234150669826 0.883761268302233 0.364713606267806 0.307999601242180 0.510140774431452 0.78247434173928 0.309733935074259 0.326270224056593 0.237753238300236 0.575100986313215 0.733720669067682 0.754017930447421 0.750784181227243 0.0783613757409692 0.315176517237696 0.65505278004795 0.115337084938522 0.578778765159738 0.685069389504026 0.722293964629939 0.821904451639954 0.702375076669336 0.532515175545199 0.560126782519309 0.675938701360326 0.234829987261523 0.621922615381832 0.502103435436108 0.374219000720446 0.559154683685537 0.393730007291825 0.399889226032641 0.497899613764137 0.540779025919927 0.470426833314672 0.450012467125413 0.43810750907449 0.668828206652433 0.544788693937448 0.63400228981945 0.747405710379816 0.601267794961682 0.763373874812793 0.613057284057838 0.764934465922302 0.322338697269599 0.333260114937323 0.596191194314402 0.618092216413875 0.645295154250826 0.550602097568706 0.630608136005015 0.66700090133615 0.390580035898295 0.633162439533302 0.591595215093972 0.61576721167548 0.608281874347411 0.652591088340213 0.558353161554186 0.599836606329397
0.551210750354262 0.761273211409279 0.420324711515856 0.454687990918535 0.297205159040980 0.443481999764148 0.765655500421668 0.857142432084324 0 0.544620062302160 0.384639213116919 0.720062538467906 0.181591692171277 0.625019948035609 0.77129680603804 0.74654258917361 0.67808515188125 0.521671495987031 0.188676340598224 0.619420560502181 0.638380270890138 0.410096468082395 0.564690257511196 0.399641848127041 0.324886793779045 0.56876396508995 0.172863212938040 0.377795742836675 0.496196756519939 0.525096210636899 0.502816026229065 0.452346612466968 0.458463363604162 0.631971969095985 0.510922199146393 0.462550124937388 0.795190916877933 0.767750363641943 0.444744403850532 0.705161779211773 0.888363702807042 0.386488583762461 0.469882129095056 0.5762349762644 0.726993867239822 0.390367707556489 0.343444246453719 0.246798563623011 0.675440891297397 0.783634317002046 0.73716255929781 0.834436430803895 0.268765613392267 0.458775450138335 0.817093741478467 0.317124827412134 0.617970262540774 0.789625367447539 0.778469338485 0.803314044084796 0.73531852422024 0.623961060863181 0.688216292524285 0.681399803665223 0.361458558289329 0.663950184080476 0.544055710757646 0.470939629574673 0.546346480022535 0.417939735125536 0.476404677304041 0.553484270310412 0.607921771999994 0.56789456485539 0.513305409694367 0.583182670755993 0.680466226598578 0.4572647998772 0.44888900928511 0.723042745010906 0.544139616766662 0.741895967468477 0.5619520599969 0.759661813209935 0.403177576352583 0.399972061785477 0.60034590397768 0.638749794721635 0.669740243339181 0.548589954952547 0.76141810789736 0.583898526887659 0.381492028649636 0.67405800541662 0.611683162193851 0.648279334364067 0.667078444424581 0.703965418459483 0.561782155325571 0.657785239533065
0.456724338439413 0.330480811908397 0.367184540487183 0.394035693453672 0.442440101500112 0.402953730072489 0.57390507280755 0.403807448278105 0.544620062302160 0 0.513739929732217 0.679737885374391 0.0849083844097534 0.353265209007388 0.57296551128908 0.553336342695749 0.549440379813772 0.657429861221828 0.367133468766481 0.475852098641779 0.649939290091802 0.310623599845571 0.479094027414540 0.281005406256795 0.427363908384081 0.452266926929437 0.18575912623838 0.324984243233732 0.214877438328592 0.526296603861417 0.44538467471507 0.341204469517302 0.138963648047443 0.477046678842041 0.593511485897974 0.256539381265288 0.459649730910757 0.472590238774275 0.277810716484684 0.116290973937942 0.367417669408913 0.221919316846833 0.53379189426551 0.314297789392585 0.298907402739402 0.216924164926228 0.0658863698916434 0.119664499158371 0.457744638206795 0.429720040564975 0.393081973374041 0.535383161383478 0.668891541784967 0.594076065931279 0.618510549301697 0.519239567280031 0.341933824956445 0.540950073555227 0.476446325578971 0.318118697269839 0.362776316042353 0.540390798137701 0.49808662134493 0.443699043799061 0.221448853934008 0.463713855437381 0.368232138080011 0.58573671236996 0.556579632077704 0.304981873258210 0.374410767087142 0.309057632993886 0.392857351216093 0.387643661634046 0.311637837783207 0.681802094914853 0.383057436946694 0.183335741482671 0.117183734238354 0.566078558866073 0.247488504480273 0.34363860056239 0.297049928548886 0.398729369654805 0.245191014567853 0.294920845248463 0.454700574569611 0.465509383431282 0.317965958196254 0.300801922478945 0.569853406946052 0.181497432369913 0.121844183998968 0.470873969564725 0.468913012659842 0.272246414138232 0.387233366585883 0.430685737346154 0.089694409767697 0.377586497414102
0.660668160161249 0.415861837418540 0.646693578425714 0.637702080702378 0.473355852054114 0.752390290815842 0.490430269495974 0.23906892453345 0.384639213116919 0.513739929732217 0 0.586254463360116 0.446308345069455 0.366189968973227 0.468339856407592 0.519989707606796 0.165810147107787 0.657651440495888 0.710141197001995 0.52415983221764 0.388769205070771 0.57686178014758 0.582690796686193 0.431346666364554 0.6235931586611 0.434741261479448 0.578142516814612 0.592392634940712 0.411718618587386 0.549802776922424 0.585265522730058 0.552586704118907 0.435494473536973 0.435953429858065 0.334228908869747 0.131235654821405 0.21637498576364 0.170625065115066 0.137447144398798 0.279914788055751 0.317801861515833 0.413526643092299 0.390698033467146 0.554279731076571 0.273685056336961 0.630024825205814 0.522383219344289 0.557647835548682 0.61011867859823 0.505662433399844 0.205297026092715 0.283002402517556 0.507393227710854 0.604073931900601 0.61708754665085 0.47041128230001 0.480387344158667 0.608244334931889 0.420199733291631 0.243007694278618 0.352413509034951 0.565386923995031 0.554817723998359 0.537752577647031 0.637326950600252 0.429578355215657 0.360576893603568 0.516277472533474 0.302906841811572 0.396973615909682 0.466617547550289 0.532781827596426 0.572708560770004 0.452066737559112 0.527613360706863 0.286173949537526 0.509663986199085 0.442804667643827 0.140654443570175 0.325347165387458 0.196449713035857 0.210867597712331 0.245593734168951 0.33410308844961 0.599979637744113 0.479261782922292 0.523789238014362 0.451521081610621 0.502052109780874 0.601366777397331 0.579719003080238 0.357738034016510 0.521579223190717 0.558179786700778 0.531485181948497 0.446979506405241 0.55747618948483 0.511469525896891 0.437604593903301 0.551556515436875
0.631823136890566 0.614782484197052 0.523096987488771 0.572077051023761 0.438968905343961 0.613935515571607 0.780565065890214 0.615209235265138 0.720062538467906 0.679737885374391 0.586254463360116 0 0.326066388000428 0.681316703543032 0.704446451761535 0.66936946853912 0.590224840053837 0.666192127538082 0.415743183027102 0.708730756992752 0.601794574402967 0.413018542429187 0.618552239496627 0.368324653484191 0.456474003999716 0.593396692302543 0.352809436739066 0.504670653644674 0.494514438364344 0.459156301563411 0.493708379229123 0.371858789771132 0.373209112857865 0.497960832795211 0.428971187408915 0.439532870359611 0.615481211739643 0.548943302696153 0.314363235520823 0.474912125832527 0.647069139273036 0.460040201263043 0.417871721103730 0.546637433477191 0.500929266003372 0.402674844234295 0.307374433849478 0.320921623581609 0.708614332016424 0.670215975601557 0.520913042494297 0.623768911814212 0.415340795534648 0.524499614886383 0.802598709939569 0.460389464791708 0.617662258313298 0.707483152225307 0.60373070481778 0.598499727520395 0.569628008865279 0.644075415778164 0.633849198561885 0.544946972290534 0.300389256535743 0.631580316027801 0.487297461626093 0.483862176310237 0.47191654625895 0.417210404524785 0.502523294877929 0.480739674213982 0.53698991015658 0.577698326018139 0.456873372178461 0.522792164803079 0.529516930912819 0.346915695997089 0.248944676722026 0.59979244975439 0.457939206312626 0.526009946427412 0.342085539600614 0.539882256897133 0.326754813154316 0.379804424842955 0.628476763983645 0.602955783991388 0.588683062449228 0.581019494552107 0.671541334247696 0.524635003301108 0.400262735960370 0.65819755733154 0.613039113707946 0.594557348261739 0.611102478570482 0.639573532863646 0.51829136476229 0.632531698438072
0.572114753441294 0.160983591199543 0.683620281461839 0.622050648107839 0.392480400818225 0.442186990550139 0.502717356546096 0.136269568268938 0.181591692171277 0.0849083844097534 0.446308345069455 0.326066388000428 0 0.697585184782682 0.391268504771379 0.410139260615695 0.201093184257053 0.381790667142028 0.487794971517016 0.668742352294122 0.161165924824153 0.35007050437643 0.553966428839768 0.449868641114397 0.548749458596705 0.390845137149598 0.606330535112372 0.687970522950255 0.32685392282158 0.336009781458159 0.479977816589116 0.354698641558289 0.44441244373753 0.101200570884167 0.204024549082486 0.0727489344393605 0.095799954124432 0.111690076930213 0.26930179729996 0.129011578189364 0.186266009503651 0.368623189861248 0.18182497516247 0.537534729771709 0.0832357456255297 0.710534139180293 0.52059851010545 0.336255067242991 0.271419806881457 0.46111647965811 0.119915843296026 0.120158529476414 0.0565685527386168 0.327479025303961 0.300037096656952 0.487905091625439 0.609969203217768 0.33908149476814 0.349042788324059 0.165031577978693 0.293582882873886 0.228567054671944 0.505176118884026 0.343442726144562 0.50262323773779 0.383241311103210 0.458177971021625 0.405484636415531 0.255094943683278 0.53470163367051 0.561887539739714 0.365693257491907 0.339830127396258 0.488217002411007 0.571175601530204 0.131310914545969 0.220377771586431 0.490666568475238 0.122619793422204 0.166548408326441 0.0553282088264312 0.126165974388565 0.199803887666720 0.254359580180122 0.488805908361933 0.641146022277515 0.552000297629743 0.43122670329733 0.335413119341233 0.341508140489974 0.342104595010686 0.274800055131319 0.49665614274346 0.540974276862001 0.408846497533856 0.377149425953156 0.358699942064458 0.43726584328246 0.397395979053136 0.266994949392470
0.645184047434481 0.520355267513125 0.707019533651305 0.596659058836122 0.262891732369694 0.445097726722007 0.850697360858185 0.562641216548477 0.625019948035609 0.353265209007388 0.366189968973227 0.681316703543032 0.697585184782682 0 0.751560362206989 0.726506128079988 0.543405368590588 0.453202346101616 0.267084148137402 0.826381344980993 0.433291039591265 0.301716179029253 0.783501512295983 0.595128195538382 0.459363611318826 0.658706705507409 0.449981383538896 0.67370827446843 0.537084756081349 0.515550356271841 0.5847202966405 0.408131253463437 0.525366079344557 0.425918578542006 0.383728941030159 0.344508053172666 0.583036979369989 0.595405505846097 0.437030305048996 0.442801860645773 0.593767780877573 0.462635851583887 0.232803038278826 0.624805697929343 0.45196839985514 0.638803370509613 0.398037441366089 0.192202201593422 0.516829554759874 0.771584030466938 0.416396383592331 0.532537951548689 0.08582363642089 0.34035996704934 0.595997503877278 0.459422658311078 0.856918668900882 0.639214518667232 0.699927730105935 0.558577309200852 0.53362547347168 0.410078937171427 0.690377002911602 0.588464678144022 0.416065687488511 0.748163575705347 0.727551512775929 0.510383350228265 0.560387229609777 0.613852155706163 0.663934508302354 0.515442321099249 0.480224740404212 0.693547705190762 0.690973755350113 0.433373136162080 0.52193425584496 0.58717409861894 0.343437590775755 0.529140072428577 0.336031640147133 0.459084845028417 0.443048469995543 0.579565838540277 0.423195141951627 0.647759612365059 0.775138727439521 0.72650471324012 0.557952966850295 0.448119703317461 0.656212916074969 0.467911109868478 0.519704110011034 0.787566007597811 0.681472983776747 0.554257434651489 0.537052591314463 0.698467701800831 0.539131189880417 0.487141655274809
0.557871276764427 0.613156863632061 0.569276316820243 0.463966969078244 0.291029763118812 0.478921621179810 0.9210886163246 0.64884622886051 0.77129680603804 0.57296551128908 0.468339856407592 0.704446451761535 0.391268504771379 0.751560362206989 0 0.946512658628424 0.566722385993304 0.500470962076823 0.188938886210531 0.730104212747925 0.579919918602963 0.531537374517582 0.736734341675643 0.660274444360499 0.420620610139496 0.649644459113851 0.349233288058248 0.607474725372305 0.527989577179975 0.579595851861944 0.66672944024811 0.630401488352068 0.453905371402157 0.574337068289514 0.539219939625596 0.406118928743257 0.731560764353561 0.654457136304005 0.490565499622155 0.538896832580166 0.711721152280794 0.489083194887044 0.431937801497564 0.510705598381275 0.574853897410373 0.487529655524523 0.248947890323906 0.243621798113559 0.636814094606916 0.885077088526419 0.591477637094977 0.70613694116987 0.346697024511293 0.477166891955366 0.736721819568551 0.513253877459928 0.752498922118027 0.884864536202125 0.85076728893655 0.570733155166818 0.521828682124665 0.488237370977606 0.763140785576045 0.704520830238572 0.541461868588324 0.738847275622305 0.756336012459745 0.534549740293201 0.627026865913583 0.533891972235984 0.671980130634293 0.58251228780553 0.598732308329215 0.750214233983746 0.750412387156014 0.66968195069963 0.640621742364453 0.561325280859597 0.382956189064299 0.713977391163285 0.368410644007516 0.602163777897755 0.580801874314306 0.731782158299683 0.563886541764094 0.646348214453947 0.786642408995436 0.76633593814635 0.573403484290343 0.499977952607110 0.811169875440902 0.56211360948417 0.471190755055977 0.816034791535065 0.748622423264226 0.554840849055664 0.586574475705224 0.788013860172137 0.536046787084534 0.569592564280467
0.568458796627849 0.599753377321926 0.548679947276718 0.465571760585576 0.297708180369014 0.484545289873625 0.849239867435868 0.620562919878217 0.74654258917361 0.553336342695749 0.519989707606796 0.66936946853912 0.410139260615695 0.726506128079988 0.946512658628424 0 0.550755787022081 0.525102602952943 0.239968621721857 0.746964871909756 0.597631900951285 0.552876348855376 0.704870540284826 0.690181234189731 0.473021009059239 0.620883628798204 0.438904180990425 0.653528851779941 0.571581668318246 0.61056709464257 0.735615455084358 0.678285143557788 0.519606593685931 0.616377549506495 0.604873268942796 0.39543733774879 0.689761337241759 0.649657439647569 0.482629152729909 0.526083888237867 0.688809343600287 0.572929254896012 0.430631579101945 0.543413862943314 0.574831337272369 0.522814611553611 0.334040574067195 0.268690091730372 0.593327676750974 0.84832020233325 0.55823386203529 0.672418761434941 0.35076320480726 0.502210606133949 0.72262373375591 0.488075033889382 0.710829001498824 0.87602964351431 0.87521184674912 0.512997226283839 0.510437819240643 0.531217603094409 0.814815787955176 0.711704306453963 0.591511197948245 0.689156714400047 0.767455473388003 0.579341212248592 0.644149453488733 0.617801042142177 0.736457687410232 0.666377491995897 0.630675703078155 0.746641208994252 0.784445804512902 0.643021816883841 0.648732363967567 0.603824468396041 0.39199834846033 0.694180839368009 0.339816144261858 0.560397990589391 0.572390052055587 0.72275025125998 0.620320788316113 0.625830116924861 0.783545482159188 0.739699706898472 0.559012038701598 0.512636240536481 0.845706651782516 0.540057417835087 0.473338019584304 0.824146954208157 0.748276236112822 0.547623939633046 0.583526074179439 0.782315240581996 0.529019839568698 0.583852952985331
0.539903256551924 0.560000008326698 0.334094256724804 0.39540180673185 0.41534737084166 0.272459036891788 0.607260118410236 0.645092067872892 0.67808515188125 0.549440379813772 0.165810147107787 0.590224840053837 0.201093184257053 0.543405368590588 0.566722385993304 0.550755787022081 0 0.651473940740827 0.248249237379101 0.611499449401809 0.582272534296463 0.29262315216434 0.430951489089134 0.323293244553905 0.396166443075281 0.520942120846323 0.170420947726322 0.324886081260377 0.403686491723786 0.509762093796531 0.424399375031034 0.342557680733738 0.310396024032960 0.5028474871695 0.520876502939302 0.386503743492783 0.746049504624383 0.827484538779709 0.485897489454692 0.462917429729688 0.635554116104251 0.308750239966734 0.490437211960797 0.508696781161836 0.578476789562065 0.259794711087733 0.241422904645599 0.0684457307029704 0.411624278482845 0.549937655113933 0.646214785583868 0.662710819030309 0.291012336612772 0.473458230102278 0.587711877804349 0.351651206227227 0.466070311492892 0.485185273098637 0.622832281220125 0.611356667212221 0.642533151717998 0.555399235418025 0.558270963873096 0.462643222901264 0.231381161358219 0.488581610304569 0.471233457199384 0.4983484605204 0.566569743415208 0.459080762439015 0.429996215760744 0.427571052577466 0.485753296445038 0.362923898420803 0.376696452510116 0.603315351053624 0.4510367711329 0.307682614772624 0.388199308510243 0.614038638726159 0.403260569079041 0.572610874697872 0.48663545591946 0.610699680828074 0.305971630826864 0.342289718836134 0.472230169221574 0.505508558261313 0.496602391232054 0.380806455446452 0.547503512610178 0.445203910035966 0.140720984655187 0.482733740706955 0.455469916641949 0.547861776067178 0.5644615822146 0.602181505729006 0.380068792278894 0.490857032694081
0.747865558076927 0.441854808951704 0.593916489745265 0.70027334936674 0.672680538616123 0.614765702979384 0.564641594493362 0.360877959926684 0.521671495987031 0.657429861221828 0.657651440495888 0.666192127538082 0.381790667142028 0.453202346101616 0.500470962076823 0.525102602952943 0.651473940740827 0 0.763772594925865 0.692305397048407 0.613069982002328 0.492567451727485 0.500664982034609 0.320716548345461 0.70790090117879 0.516505677828136 0.490535800665752 0.525347639133207 0.359231687598161 0.595879122814828 0.510248871627609 0.420803349261888 0.305975242219801 0.459462044454265 0.529834408777614 0.138774942260815 0.432431472378919 0.469875714426284 0.419631600671116 0.218904950854847 0.396871587525629 0.326508042007425 0.554452057473227 0.637460343784133 0.345681201088961 0.581466450284038 0.483081025659023 0.307373319940618 0.484836288183156 0.475642441470166 0.436242280199061 0.509824235682769 0.524475586902534 0.779767307648365 0.660398359252167 0.620488616037608 0.406043897272605 0.527590762293682 0.459501986326139 0.302061153628507 0.597222351236846 0.740191789899534 0.654824856954794 0.475555270343724 0.462013950689279 0.439532418168344 0.367737257486476 0.725267069258882 0.50159039303367 0.551444755464736 0.530355886005265 0.50574817069162 0.524291217014277 0.352397388483752 0.436054379952952 0.562821363127581 0.407977584429926 0.313456071752779 0.188178960299618 0.431462663470548 0.167881486167402 0.296243614470087 0.343001769066694 0.363571070830194 0.503452419523959 0.396802590130367 0.510970429488965 0.509825412524026 0.49610777279855 0.527340289313951 0.580290063159134 0.343867966678329 0.328965574209866 0.499766000943142 0.495912949818807 0.513528371120962 0.609290807171304 0.557411982153991 0.306987110099872 0.504778167214668
0.739786538338387 0.235742248262005 0.651672142920976 0.797082868728428 0.434634879365962 0.536942794138750 0.280415573790681 0.0807220375993176 0.188676340598224 0.367133468766481 0.710141197001995 0.415743183027102 0.487794971517016 0.267084148137402 0.188938886210531 0.239968621721857 0.248249237379101 0.763772594925865 0 0.56188735780213 0.395308788345749 0.462967813381895 0.379310823933698 0.207202196287027 0.739246788123886 0.363054511168798 0.646647314504675 0.582273509795826 0.305301483295029 0.42686432926061 0.397820886233181 0.341936814002551 0.215645612909237 0.259760589952674 0.326120046351365 0.0307246179827091 0.0602227495496584 0.0982632421321927 0.108682802390689 0.0803378216216151 0.134626779433645 0.323311570154531 0.402025335989091 0.607910732312644 0.106825357655308 0.673104087820602 0.579987664539438 0.320431475293986 0.2981561708156 0.229903952336498 0.109509761072341 0.186979063400729 0.382975330888305 0.655894226168296 0.383505457354204 0.546984422274105 0.310416114699505 0.316381798144725 0.198267430084041 0.0571140060739403 0.388627806337549 0.599929547823647 0.481036102123983 0.377641451158499 0.481004953070194 0.205997196694905 0.134654863837149 0.595590617624471 0.247832075830222 0.477304208736858 0.427240270173595 0.438771349123362 0.417079379542885 0.264711584169915 0.35827840614282 0.220353399617662 0.302512647014849 0.317734987000742 0.00436842265789597 0.130554745894546 0.0866317167287901 0.0373539457960843 0.0589154711082578 0.132291762679391 0.464619115431082 0.377566082152396 0.361396437366293 0.263608335840102 0.366403718891122 0.488320428468689 0.337314078336398 0.179613218517905 0.320667727015236 0.342584830782745 0.303369170087412 0.381365975166384 0.457589838328314 0.315917399011358 0.259520447479111 0.332872193274930
0.768464951760618 0.513992579992365 0.66638871694415 0.75071269579082 0.412695055275321 0.519348354991257 0.782257184575486 0.498178647065207 0.619420560502181 0.475852098641779 0.52415983221764 0.708730756992752 0.668742352294122 0.826381344980993 0.730104212747925 0.746964871909756 0.611499449401809 0.692305397048407 0.56188735780213 0 0.60969535293737 0.512385801273607 0.667172902508502 0.515615366326749 0.647625584637666 0.631660435828294 0.616895929327995 0.826691672762755 0.634314797763898 0.581456202386465 0.691025540007621 0.538997823607043 0.531215778997935 0.5368704115409 0.543700963772258 0.25447216690679 0.54634760983327 0.588270785789502 0.440889416284550 0.409929173358063 0.560661148166108 0.623305227588293 0.480656400855723 0.735532447428344 0.447565648667799 0.691698622455182 0.556291616075258 0.262593077733845 0.49237235356317 0.709410389749649 0.509247334108243 0.555130450587178 0.347087691161399 0.645911017392592 0.662804632784572 0.661391573133125 0.744843536130533 0.677021406748152 0.722925353751126 0.451281178602122 0.620142129831259 0.64370958647961 0.868598163049273 0.594032243180326 0.539653862699463 0.598389471115645 0.61024484996573 0.665054441845636 0.569187250890738 0.722519831037284 0.816494181663078 0.689213502773168 0.563914007140249 0.664717826716086 0.720800003157564 0.594760833987751 0.564653413178771 0.52866805393384 0.254749741223633 0.53779194890507 0.307883864961531 0.434424615728886 0.417172087642461 0.547504114595226 0.550722123557821 0.626092734146035 0.700221785150879 0.608701603638999 0.58230568976751 0.547724562474953 0.716153245616971 0.472495631710515 0.436207101357490 0.711276863132396 0.598047429151516 0.599153305143098 0.620933696429103 0.717549687318545 0.474140602919488 0.512143759704646
0.563049761340612 0.411588881036669 0.37573535713987 0.380388523435563 0.279521452120758 0.227361200911692 0.54211426798082 0.505124414801423 0.638380270890138 0.649939290091802 0.388769205070771 0.601794574402967 0.161165924824153 0.433291039591265 0.579919918602963 0.597631900951285 0.582272534296463 0.613069982002328 0.395308788345749 0.60969535293737 0 0.463144597726920 0.430545520778613 0.373733342307137 0.431132479362106 0.451546137005219 0.25404785898789 0.409058156030602 0.342315555419637 0.56793459740658 0.475891576256361 0.5104749508943 0.333729843580693 0.688084475290612 0.858210139590779 0.141076836163798 0.482444403233971 0.566922800917934 0.332681677444116 0.313809882831491 0.518142218089115 0.274403046514528 0.807281659463002 0.642666695213281 0.389349044871422 0.425007816902448 0.343824429952017 0.0788463819927232 0.442939774760454 0.452753439924935 0.571357228840896 0.564201607996776 0.567988918265044 0.633241932105288 0.647334758416887 0.638215851874769 0.432529537075216 0.541701334534868 0.615055891101187 0.399572744171888 0.525880824870547 0.655420321296398 0.655160040063568 0.688046423052456 0.295845794569643 0.389719119952144 0.395477301388854 0.553599768593492 0.504500058841314 0.432110546168982 0.493032628378225 0.512122133035961 0.640462888925872 0.437519236826500 0.470828103297921 0.702256962624954 0.566223913729035 0.486092511343667 0.210588580435874 0.47600083462206 0.236227139295839 0.372306555669515 0.250200556949576 0.459729468442251 0.382161745369924 0.463958108217900 0.503017587223141 0.490758687679922 0.487610788567006 0.467343698685319 0.630542745596957 0.390600343249997 0.230620356907901 0.492122449727646 0.516721114900362 0.451040864982575 0.525208898165661 0.508173654905035 0.288105417594419 0.39056321708049
0.544065324331949 0.422657145673825 0.441254171520796 0.439091549925922 0.334120443723586 0.407684290367329 0.470820095288498 0.363712242262876 0.410096468082395 0.310623599845571 0.57686178014758 0.413018542429187 0.35007050437643 0.301716179029253 0.531537374517582 0.552876348855376 0.29262315216434 0.492567451727485 0.462967813381895 0.512385801273607 0.463144597726920 0 0.422953690855889 0.52251943351898 0.595194127634425 0.469371269564391 0.593871791473509 0.620295638598053 0.546862427143694 0.445756581621796 0.646078735141963 0.835513433483486 0.455369959935439 0.47761735216081 0.376722656746549 0.0675808849551492 0.367599860320207 0.309382625260056 0.295353234752753 0.399078286699737 0.457218026004089 0.630791250588442 0.554743842849596 0.533434641486557 0.346928311176754 0.512206866866954 0.41124564219659 0.403239891037268 0.427496859139942 0.475778766274224 0.401580612153711 0.378086398722504 0.441711253054878 0.530929395877788 0.507823154875992 0.435700757583843 0.371922827149857 0.57827698507666 0.505122769934018 0.249305471906562 0.336374473242856 0.516988429697343 0.654621496722532 0.560331673684416 0.790812803051799 0.333399191173918 0.410346845085247 0.501936374324191 0.368010821436905 0.511494284405089 0.613732155979045 0.681920594989126 0.571012597537247 0.453142289436943 0.7129279991231 0.481477401951387 0.572223625813026 0.501174068497961 0.236506838276117 0.373165595027631 0.203269574168261 0.298204958852798 0.370859930388373 0.479462720631349 0.793825560624763 0.541086487640497 0.533241285977693 0.423311877739728 0.488859639853723 0.581603079760138 0.556900183359842 0.479843851181278 0.440322906483017 0.568185672048514 0.508432307329423 0.508571937284375 0.533302249148884 0.551321364473069 0.464066760505759 0.461822590064857
