0 0.40463954442719 0.350645286384277 0.168622992613222 0.181542553189575 0.223328122037415 0.164708621787414 0.00243134477806648 0.403369292740305 0.307168759507053 0.25591700467741 0.226534438130083 0.257022125407844 0.267111684153348 0.341276572628420 0.0755778016520396 0.761887549708586 0.58466857334491 0.455526495974888 0.181504493770785 0.47582744729173 0.376011626827216 0.0466311850370766 0.665384139040602 0.190482317327795 0.234868512621945 0.243463002738209 0.073308587591068 0.064780538943288 0.869468415561959 0.53766600044139 0.377946002310009 0.685971325189016 0.638625745756698 0.505376914857977 0.151645797081359 0.187235367998056 0.390069553838514 0.32046346921274 0.00203539327407389 0.205522492806726 0.382834787224599 0.0471904955205449 0.485050530113752 0.417079339916032 0.377912318778602 0.849905144449635 0.742128546368964 0.855005298568967 0.792089968275807 0.00840108237972382 0.102349693689903 0.00440631688926299 0.214165069164340 0.313741749970244 0.194190253646205 0.0362560964588426 0.730502764755483 0.510871552503101 0.741006503002345 0.740818089043935 0.753817271465572 0.517644296962664 0.547856816440668 0.56550811331655 0.0226464018673841 0.561141681689535 0.133465495733556 0.0673570112060851 0.257155620531792 0.0654568049897017 0.207217925175013 0.383317627297193 0.126749680368952 0.675745632569749 0.156860147931907 0.127083765474197 0.472805200339927 0.450453230822368 0.709189591964748 0.735612070967675 0.258607591844437 0.47216974576363 0.631118865939614 0.136521587106859 0.240121320680451 0.319882095442371 0.416068271304921 0.547343905745879 0.760625289420547 0.512109992561046 0.214563227276426 0.44125806390134 0.424795745250612 0.315029185985415 0.559842822335657 0.567383704015007 0.263407006510865 0.273235932343038 0.232403911557984
0.40463954442719 0 0.0729299172143103 0.0535567334019677 0.487932980323929 0.535040810895564 0.108042180983074 0.591855190050864 0.524621476111206 0.428741247272194 0.448187628749231 0.439152408748153 0.087779498908939 0.111489940522758 0.135527021168893 0.0804109660299564 0.306659381082844 0.3259149812555 0.349564247049925 0.166047770809322 0.43984990749922 0.454029146633972 0.124717332726632 0.0193398053450038 0.54559972177929 0.596250256692268 0.438567883009798 0.0747914033269999 0.258026122305749 0.541776497097939 0.70030961578246 0.503971615218188 0.723160916020793 0.505005299691558 0.466438098148892 0.795051359920538 0.622021295577465 0.668478856810888 0.696989977501162 0.421891617951292 0.612233609476247 0.252316837710767 0.173081087752910 0.532632146066332 0.800931043674165 0.311049518239131 0.454583243561163 0.606630702426713 0.518050460336635 0.419753097437377 0.352083121726157 0.641689209892073 0.135817290657397 0.399774946772736 0.576055717471184 0.373712290831085 0.404550442425528 0.315747629976343 0.416336918964307 0.318705360145408 0.507374114108422 0.57300991596905 0.560173639120167 0.593716486751717 0.39867421553469 0.0556170110763037 0.0122706090162624 0.522374364207655 0.422055588034376 0.404813253375264 0.0693815203774806 0.388950250068427 0.0667727221352976 0.665462913584394 0.565104464307138 0.480635749527823 0.16887276196414 0.145678264285962 0.737527761778802 0.614408217835758 0.306028842427889 0.720226398111424 0.737854700451283 0.605673173510015 0.492720628232017 0.263836013755577 0.289923677444474 0.409798499226743 0.769739587285947 0.626354765911487 0.735716392643846 0.394359696857437 0.00173776939641915 0.387151744763616 0.481195296323755 0.71851027627934 0.687493387111521 0.777545051163149 0.58623296103546 0.388919305224881
0.350645286384277 0.0729299172143103 0 0.649407831044986 0.421999802803764 0.171850334467019 0.659624334114799 0.19481733950815 0.0709047797587207 0.160221688182167 0.150641838117141 0.319177135781858 0.465821934905449 0.465096582399499 0.449313933360265 0.674723261605695 0.187618475435700 0.157685300692868 0.348255546171285 0.782420061507523 0.221273076690887 0.107459898499853 0.605650408178894 0.38605176689777 0.0370793547859630 0.165657424026666 0.487237408005796 0.686601794121973 0.603526303443084 0.493184126529739 0.144813989087767 0.292206095705525 0.399179272843184 0.241112213294438 0.0502712872712366 0.249671921582500 0.434948319496853 0.319408315047249 0.0809693951922476 0.393835724209667 0.301962410300017 0.372052424336896 0.682643887886537 0.184261775398558 0.0958795004341628 0.513132581076164 0.368833257066009 0.0348654607515076 0.322469187029114 0.0844225533626494 0.581395196466514 0.366194727879346 0.338434550391939 0.698273463741037 0.347940457121443 0.506563471375549 0.6693583825055 0.136898960043104 0.229479166295100 0.56539053035321 0.273501528614686 0.0985199643377567 0.240849976567826 0.241955479420162 0.0520819920763211 0.67867990984731 0.174852156852805 0.392053372073478 0.470337650519266 0.51692886871434 0.64980667432852 0.546678056663594 0.188116270115633 0.445671006657433 0.0832357022690782 0.427211494121872 0.433482095167937 0.0841653639944996 0.094090781316624 0.309458482383965 0.517121772098224 0.141139702397539 0.129908745362201 0.279628865947378 0.249421707027195 0.679953625726538 0.433830125976067 0.265283746708603 0.0476796417999986 0.118699666862559 0.158589599985548 0.325121484020933 0.064368173176167 0.347529499253485 0.188335617869634 0.0365265752188461 0.0104194808029776 0.302818417596517 0.298374661106729 0.337504015221827
0.168622992613222 0.0535567334019677 0.649407831044986 0 0.575406667098499 0.481618462609537 0.673508804508527 0.145450037144308 0.374199624480526 0.216534300515929 0.338726330401118 0.438873297381771 0.390767343682361 0.496821264593166 0.564161356359994 0.464189859676959 0.382169822078847 0.508444103796507 0.563867853018688 0.403368602099761 0.237449571109993 0.394190330871962 0.617333739292161 0.0859963969042007 0.202208946690879 0.323746393947905 0.5350475990917 0.479187661787269 0.585828710865972 0.0435711193511574 0.421127195486431 0.586757830465729 0.116957980632548 0.0465470546707873 0.326473434742982 0.206705806337425 0.4650214819898 0.501656386144771 0.225850943781541 0.347389334164062 0.437891163824046 0.307019396659371 0.455564559497350 0.355066447099253 0.0744115205399355 0.594334885103647 0.0784193621900315 0.329312474959793 0.157275402596044 0.326592971534213 0.539974239818711 0.360107078788087 0.306970032099132 0.471467452727512 0.451965095029076 0.244401020977624 0.504980585805077 0.239481974631085 0.433933156428136 0.0379207489868387 0.225061302375002 0.337559470291942 0.372459218473311 0.457882466718072 0.256477788139625 0.619595845867454 0.272274717978741 0.324965670783828 0.414891276888039 0.512322715135245 0.566796693056152 0.59437460873284 0.338083534674581 0.364973625598885 0.331534917832253 0.181398012601398 0.308551376506631 0.203278759943183 0.076179290438526 0.0981383584996035 0.0541398461625768 0.180217418858669 0.113994558297607 0.0952072230855192 0.336936836854217 0.356753085551551 0.564979503946023 0.455830477058179 0.358473602490744 0.357286113415426 0.356167212911049 0.235878798237036 0.394330267542202 0.529371686030416 0.326172114148991 0.340617862841311 0.356432206829757 0.355792177476503 0.322406139249064 0.37604879844128
0.181542553189575 0.487932980323929 0.421999802803764 0.575406667098499 0 0.80367216326889 0.299351605983609 0.565409073998012 0.503899080328298 0.217976798928165 0.73291864595897 0.717944483203858 0.440735057090078 0.185998485293340 0.114401018837501 0.139169570256761 0.211917946714629 0.343460610610329 0.453410247186768 0.338410305190238 0.262029152182012 0.627645198739038 0.642390761090382 0.253959962150791 0.714788308965215 0.77228877573907 0.680647002788644 0.451440402734969 0.652399253898673 0.152102017177349 0.547334260658296 0.691077547191378 0.208329246867039 0.123116798533643 0.367854746251406 0.65815115705082 0.6151058965982 0.646113243733516 0.648918980148645 0.296921875677335 0.544016904312384 0.155717682895736 0.457660207038176 0.613508409865939 0.560497970924538 0.608951235675246 0.0741152885295783 0.55085161575974 0.228435441355839 0.200810077568499 0.734019278179786 0.664984169063552 0.332615263074029 0.660078798620272 0.484132363862924 0.490345226162422 0.506185977134064 0.0463943798448663 0.457557261403321 0.123728516618775 0.242637031850002 0.436073097236074 0.515980612661667 0.677364140128931 0.356794119451380 0.538337758451439 0.148783703737517 0.72265145300062 0.688338513502037 0.639878937215484 0.466286075191965 0.695907411086256 0.0396652857774584 0.578072525433399 0.447750196078154 0.466490902090978 0.0552355418906025 0.0849592662398074 0.590903649178521 0.316707348834217 0.0557048824114897 0.638281178391174 0.443182984495022 0.277266768751311 0.669098375993523 0.607688444627779 0.578486908998529 0.613219347064296 0.646498686510282 0.493915556452242 0.60478746417921 0.457773865302539 0.0546504684500852 0.611304886662238 0.69454726187243 0.672357152939363 0.673252737938068 0.73151007161737 0.551991743800291 0.500927634654449
0.223328122037415 0.535040810895564 0.171850334467019 0.481618462609537 0.80367216326889 0 0.198636981478050 0.621850818744532 0.585193613331698 0.206619018978996 0.670950186512116 0.668820478462167 0.349616690995929 0.168277205284247 0.0228750291630236 0.0379025787667158 0.334922671806442 0.332617155639778 0.371831471888178 0.155525847957928 0.231701962478496 0.575627800529568 0.627952765080804 0.187929316440876 0.761326574822606 0.805121392963279 0.647765453764887 0.355766120458576 0.577378680507432 0.189900674581840 0.505548613036291 0.66698511406388 0.3135881749804 0.175681648034884 0.400471634937390 0.632975427228027 0.578811727518595 0.651216568013058 0.676845271717112 0.215701942851218 0.549618295650119 0.0488450637312451 0.273735335959433 0.614059629934317 0.601462376219342 0.460228995709081 0.125691980162411 0.494647031777544 0.256200515458672 0.182757926081378 0.65770455968197 0.613795468566431 0.280952536047445 0.509728530133882 0.38006863991667 0.40531829638272 0.384545426474262 0.0444887778651634 0.370078540646216 0.00231596875184072 0.313134916085955 0.482163603403823 0.417949002104849 0.628319803256693 0.240067997143252 0.467929346456061 0.131300933678186 0.640735227116119 0.618248336967243 0.589296777196075 0.34021243623832 0.572705815129347 0.0305783957205828 0.499300238413975 0.42753893082643 0.424184078056291 0.0182688353153127 0.1793123604323 0.608390010611492 0.36479474520776 0.176839949759654 0.63479223604783 0.438216238367243 0.301341295867105 0.596565994853879 0.417049874327182 0.580288938948376 0.665578568900843 0.666876601630237 0.517781743630073 0.574434039375114 0.369572111592624 0.0290675706698775 0.609383911686547 0.73251190604497 0.637557168513182 0.671647544785088 0.674274714680054 0.410565123603969 0.434545550931043
0.164708621787414 0.108042180983074 0.659624334114799 0.673508804508527 0.299351605983609 0.198636981478050 0 0.0934768395372294 0.284732951889697 0.0374403926325413 0.136223561193108 0.313922075077003 0.198055139507088 0.745960741988369 0.855671948555903 0.815136707613642 0.273342277742523 0.501881967305826 0.559366349507265 0.64978985331705 0.55415462043807 0.221343096867259 0.499104088848946 0.177046957726812 0.127435580313184 0.0948146126930886 0.526074988220131 0.624342546203459 0.553900275782142 0.00979932493967266 0.405625555429814 0.454087258771388 0.00785563927731777 0.145552032392777 0.454687481688543 0.171081230616750 0.633652182781453 0.573136709634405 0.140656249231056 0.544154868666086 0.517220181059725 0.647309905898374 0.709342424247778 0.281279817498748 0.0632040619844773 0.584435614246383 0.092973778679613 0.257697215032523 0.0937883557261568 0.425409533169281 0.460916934182948 0.322414919766713 0.326832372264472 0.429734291251409 0.470036033028825 0.258278683750404 0.598542053998169 0.409309242515315 0.513054340959009 0.0601698592879866 0.132668690712269 0.259549362629474 0.369727032134357 0.365485576376881 0.366620871817235 0.681079890502646 0.307659668928790 0.22334252233888 0.376717798746973 0.548062399742912 0.653649008365188 0.553860330517091 0.479682287275777 0.436432413059133 0.279478182828664 0.24335717700531 0.626586115031155 0.307711483949492 0.0181494107780617 0.0106191523049991 0.017881158815771 0.072462834121493 0.0287522928891319 0.0723668130001613 0.242481100538087 0.410508988999999 0.546304193948557 0.377020395170554 0.195857867318222 0.20036506327595 0.37083110813503 0.376227599802981 0.385829702931745 0.481781303335603 0.175142315906689 0.133321212975075 0.0746458405999176 0.304140115100519 0.343448336586335 0.398701129629448
0.00243134477806648 0.591855190050864 0.19481733950815 0.145450037144308 0.565409073998012 0.621850818744532 0.0934768395372294 0 0.695554477205592 0.570866332298221 0.773021765816958 0.73781888696841 0.332569832678757 0.055082614037374 0.0158001313847086 0.145093983683926 0.0523290229209001 0.297648650160898 0.488734630035911 0.464642068456171 0.395481931761707 0.430262250671405 0.461729044586256 0.549362183135159 0.751850951759269 0.70865524877176 0.564693602521485 0.339800701347863 0.47936594826936 0.0692476883306298 0.540745665131973 0.475543766613314 0.443211433832642 0.281113255051687 0.221368213942937 0.745435834467112 0.555772667404652 0.553659173731459 0.778856073387547 0.303706914455797 0.555354201405057 0.0655243956314046 0.428004062785181 0.659155878607179 0.631246882483503 0.306397303912296 0.0755583158603208 0.33790260178404 0.0560571317229044 0.150587153497332 0.66558824989425 0.65973921371607 0.527641995787037 0.74609052426535 0.338752295038187 0.809052135126739 0.62783339681801 0.284848755848693 0.0447666610756781 0.270911243750567 0.0409885138764342 0.114992998318529 0.279349610863706 0.539833371847355 0.0415405649813759 0.260515075063417 0.495631084740999 0.781195156936688 0.598629966106076 0.494326033781709 0.248221037915031 0.476210864608348 0.357596835216052 0.731725397992008 0.162055125008426 0.817918616174242 0.109873412255243 0.068660885741589 0.58025329594698 0.141028435481508 0.215101440354186 0.705225874105158 0.382902987650731 0.108182355849882 0.456868587143244 0.587617364979341 0.288721798712169 0.402145728847478 0.513838398467608 0.34617920531424 0.638774355039049 0.399679187836178 0.43510966479965 0.289643018134828 0.566785196157046 0.479770382062611 0.451405303819414 0.721474352715291 0.345842775664435 0.172768506439686
0.403369292740305 0.524621476111206 0.0709047797587207 0.374199624480526 0.503899080328298 0.585193613331698 0.284732951889697 0.695554477205592 0 0.374543437226466 0.677234755294726 0.64382008261368 0.0641701696312775 0.227176433085843 0.401100785820753 0.294430975332264 0.647402295128237 0.76537508821302 0.73895039752231 0.330538019064627 0.508556038141572 0.567095485610665 0.311337314061231 0.00334514180625664 0.502893104758346 0.502956826220552 0.468688446460729 0.170301011672025 0.314969796245478 0.395642376571743 0.669889437133673 0.588021634378884 0.545601251705517 0.617133374930311 0.532115653039216 0.580796078247525 0.541373728120553 0.713568164109315 0.653060023747703 0.270334695365459 0.727931621069707 0.268161669020596 0.308164211647538 0.687898056446445 0.532921074431781 0.338499971849105 0.332018618792583 0.535735934105414 0.409996664263144 0.241839523870174 0.537682636304619 0.405663350729524 0.616218093368015 0.469218702495795 0.336969347464303 0.55175388255266 0.600771842478673 0.094349939704835 0.140656421276178 0.167551566488111 0.261315765076037 0.35122295240378 0.240787790036343 0.636921738373764 0.325179317567597 0.163969054814128 0.0325257154057045 0.515946058677313 0.386806354806534 0.423839571922604 0.196132789429501 0.428841058568497 0.0475784466118388 0.610582006120439 0.465826077503561 0.513844184132573 0.242182582196543 0.222993105997859 0.506177993204805 0.327770091672970 0.0902359785454684 0.506587061515402 0.353608110672607 0.249961950639096 0.382689147131072 0.196600649340635 0.335329918901213 0.434023855283104 0.65801581923257 0.655204687889657 0.691206043791531 0.298677049748527 0.0277780835022588 0.352797756658838 0.420757126303446 0.625114708558203 0.591654303483277 0.583732569117607 0.342913972951692 0.114066447806761
0.307168759507053 0.428741247272194 0.160221688182167 0.216534300515929 0.217976798928165 0.206619018978996 0.0374403926325413 0.570866332298221 0.374543437226466 0 0.585212614710496 0.429189981348463 0.231254222010339 0.228099362913814 0.0462695078655248 0.162947789970395 0.150210266930665 0.278832882335761 0.337838689720918 0.258337423808000 0.580806231581054 0.221430769523599 0.106358698481841 0.157456421442488 0.336296176386295 0.299166755813907 0.271656090027758 0.201394580338354 0.229169621266674 0.434630802249919 0.457038104593880 0.217087254145207 0.647647667452511 0.433878364578547 0.307189088899243 0.285889059880535 0.234708295896594 0.217444896439110 0.415905493393946 0.206213619120192 0.189042102729789 0.212882831676984 0.367214304129843 0.529237032259099 0.389646818891429 0.122777655490939 0.0927266792401647 0.435629741104405 0.327088231603729 0.0232739921883980 0.229731006008221 0.267158348997924 0.346755026071408 0.239856149262434 0.153229354138100 0.432422851261702 0.239916482707747 0.0257933111492923 0.0199584141937212 0.00577407606981253 0.059512246659638 0.134349553754357 0.156246735274943 0.356377560307833 0.122648225352618 0.0249794663896487 0.240938222437851 0.422995158800911 0.27573925166965 0.283426945432445 0.272799107253455 0.275956769715314 0.0803049303762631 0.474892046253927 0.168580716664250 0.511649289419599 0.250660525881687 0.271358519078929 0.361857411535562 0.224784071230039 0.0914684363461383 0.422816320748113 0.223092848523318 0.197249620829834 0.222796867742906 0.270045142094136 0.14925024055093 0.238872659766979 0.222447897368005 0.259687491125585 0.542409141699537 0.336534560786617 0.211001943229939 0.175078032331597 0.359534114326174 0.219732310993809 0.174867392080747 0.426195085039198 0.287830106423817 0.152440145999111
0.25591700467741 0.448187628749231 0.150641838117141 0.338726330401118 0.73291864595897 0.670950186512116 0.136223561193108 0.773021765816958 0.677234755294726 0.585212614710496 0 0.83118449812224 0.560976860116063 0.187454381301429 0.0123776802201907 0.0778442992724838 0.254201183660151 0.397119417101572 0.545838516864566 0.321743623629572 0.415716710550148 0.55673908393013 0.551337570063019 0.296957568728956 0.777164124768641 0.732439833452635 0.631396616428372 0.436260159309284 0.578748755486178 0.256982722178784 0.569299090678436 0.586403159992261 0.415749549123098 0.216796919779687 0.294181453636479 0.552599950558526 0.455845350987383 0.504463049664587 0.67198489233074 0.197067121683922 0.428502206724745 0.0452783368780978 0.436230416957254 0.791353897387875 0.549002149467326 0.45592079480361 0.0732818790956234 0.503971696437377 0.251964082568923 0.017166766586928 0.653111167355146 0.550427299798885 0.536254633135891 0.589484354987595 0.256849189463587 0.589924198566974 0.456267765071130 0.102069887586875 0.190532491572988 0.134484943920993 0.096629612511096 0.270388154355517 0.296013768358108 0.642630313066315 0.125836855361602 0.38965817959812 0.279184133447126 0.775820148770347 0.649022473513912 0.590711789802732 0.441660523696816 0.560385840416966 0.109853548362450 0.577195173736148 0.284701781083570 0.559577833282228 0.0142756264050610 0.138653256384302 0.57856020268184 0.238986583108227 0.0164757044779016 0.595275915171092 0.305565307747408 0.162210893528272 0.471465965072211 0.494247233777305 0.504436962376611 0.602832030460833 0.534943687810635 0.47171718930414 0.649115411877607 0.452692016614094 0.162944348273596 0.519656959306617 0.713587632170048 0.56405456116026 0.547807718486811 0.621975148655565 0.354238000511758 0.307294718746862
0.226534438130083 0.439152408748153 0.319177135781858 0.438873297381771 0.717944483203858 0.668820478462167 0.313922075077003 0.73781888696841 0.64382008261368 0.429189981348463 0.83118449812224 0 0.401608553121233 0.284153117579310 0.202058401709735 0.272435234703849 0.245115391299445 0.49468384008212 0.657895354961721 0.489226127094771 0.446611829892612 0.612806050335386 0.563251764351022 0.226345904286053 0.688186832000118 0.688674668553144 0.732520505514522 0.573211105184044 0.708214957741031 0.196282507665905 0.587071153024142 0.65795019445894 0.390915871874073 0.230334403223869 0.274290844692702 0.603451139212355 0.58842619871113 0.587023700241471 0.676302769102004 0.243462534870731 0.464232969421854 0.231753652031003 0.531358007886987 0.781704823513539 0.516840380797908 0.564157065595718 0.127947193456140 0.5183170107947 0.252248744893918 0.143224561265640 0.666895959551428 0.614871200081826 0.468058289780639 0.664785331938702 0.400618196066912 0.597963291916443 0.603343898123886 0.00730421603154365 0.32374803830666 0.115933405106238 0.177930841197222 0.348242984802852 0.435452241006457 0.747033951059609 0.226432073328248 0.491556671241212 0.138310110274084 0.770880536328238 0.665602902503606 0.669456991426327 0.517583804109054 0.615253921678916 0.0211649780801264 0.672726417471999 0.300957172748475 0.586339141472225 0.173270557810187 0.159676446914206 0.56834324112949 0.238791997770720 0.0188055626906893 0.575945227676644 0.333022054990913 0.192952598672841 0.452810878919540 0.540071115013944 0.623081525303266 0.646146299573106 0.596598097195051 0.488364327810235 0.710763082450671 0.589868651240862 0.0309264817568916 0.610823251262236 0.671829383085527 0.580420188435005 0.558834920635276 0.688794666009075 0.452309070363480 0.422860976278595
0.257022125407844 0.087779498908939 0.465821934905449 0.390767343682361 0.440735057090078 0.349616690995929 0.198055139507088 0.332569832678757 0.0641701696312775 0.231254222010339 0.560976860116063 0.401608553121233 0 0.29289564549835 0.0858165700941685 0.0675611099722964 0.201356063159255 0.142186035178413 0.0493934600248415 0.292413002177969 0.0594384774957515 0.160238219907956 0.599439782291305 0.454410514589835 0.348010895806355 0.342540587942118 0.397193580144717 0.54792693834244 0.510921334215085 0.301838808730268 0.108331343647161 0.265105064066219 0.191730792013035 0.312504914697374 0.0742588105704821 0.0661822486414463 0.133353014356496 0.016591842085255 0.0819790984158057 0.114369674788041 0.0450245578502281 0.0562773153053779 0.360585136532878 0.292422997704903 0.00530328692586932 0.230459150027154 0.504565844019343 0.060394354852126 0.286103927804491 0.363114553118305 0.504079665713242 0.249216169535571 0.408220504451675 0.49039795081691 0.00582876844359446 0.410335341161149 0.227368585970496 0.409994073576335 0.0903095040478585 0.592182925261981 0.375323251328844 0.238685908879618 0.101823071866536 0.118299834172283 0.191326876862668 0.535604667070366 0.418418977822578 0.428393659616553 0.50192202966068 0.397020894729547 0.557833325109527 0.374975062295185 0.019169753048541 0.254795392536219 0.123582518788806 0.376450937924596 0.00187067597243927 0.0315848703429433 0.0400410607019248 0.237260520478642 0.329856403345439 0.165752441163439 0.206741326505155 0.323825827832378 0.211912264610965 0.501358028163945 0.361932202717359 0.337367199232198 0.0434374213849321 0.0967393956387917 0.129068196104144 0.134295546812741 0.132250583488145 0.307436024130773 0.43061325969279 0.0105255157726503 0.00967659182149256 0.164109371079210 0.0172203823610586 0.209858492938336
0.267111684153348 0.111489940522758 0.465096582399499 0.496821264593166 0.185998485293340 0.168277205284247 0.745960741988369 0.055082614037374 0.227176433085843 0.228099362913814 0.187454381301429 0.284153117579310 0.29289564549835 0 0.677361485749937 0.714837869565443 0.284384771864378 0.457584555446976 0.476944979583759 0.551841667628704 0.705903623610332 0.0904721745890215 0.386519662370496 0.244560391361666 0.125390709083821 0.0570512409881872 0.542817719704953 0.697050005986614 0.594793553985348 0.132027610366977 0.461369515894494 0.440294334655876 0.219487607947582 0.210876308501250 0.380797951382117 0.0723824337644048 0.403463684693426 0.423424340619610 0.0780289095773121 0.477282422937449 0.328117729977805 0.533695888786241 0.678307206980159 0.410173138314615 0.0876269881945275 0.517268621841225 0.142733395167063 0.254415728804894 0.161422574556225 0.316174198738458 0.346162831570853 0.151547791785377 0.331614718417169 0.298603388805425 0.29389662848735 0.234199932842552 0.520688347431928 0.351007045815249 0.440720702226864 0.0162592090498260 0.108223181975093 0.242044617037617 0.281887010907924 0.373873277841221 0.199007228872409 0.581146398630692 0.345070466256941 0.196066288223978 0.345812907011216 0.609984318440197 0.766502954714513 0.52875878914625 0.619604222906616 0.467938287604228 0.214191851890258 0.287807355629212 0.74968585881042 0.492890113170528 0.0359755236430817 0.0357987462271715 0.0447420043826773 0.00574514085863698 0.153215649809726 0.0364412932789409 0.059131584882183 0.290006061552932 0.670478968732832 0.55319879163715 0.13858550317386 0.199651235371174 0.45144871533804 0.320807468562818 0.473704059346552 0.619847392600136 0.346718596789921 0.124382474841345 0.0771555704051565 0.264022912576654 0.272369258878748 0.479821575885981
0.341276572628420 0.135527021168893 0.449313933360265 0.564161356359994 0.114401018837501 0.0228750291630236 0.855671948555903 0.0158001313847086 0.401100785820753 0.0462695078655248 0.0123776802201907 0.202058401709735 0.0858165700941685 0.677361485749937 0 0.854610310631419 0.560088861003558 0.729018611624126 0.661354062937261 0.557378598366361 0.612795020629823 0.192915053266921 0.173356584423283 0.392683826530099 0.300572707069751 0.134767480317124 0.284138067455792 0.337869180104104 0.288187840343141 0.220963598343847 0.422648957054617 0.355917592309763 0.162610333743737 0.436136942028171 0.522567587605585 0.0922853470674373 0.522163895650241 0.52069787472328 0.0815647843858259 0.472675104303226 0.483209838024757 0.723097005689749 0.528589507979148 0.246874954595098 0.058273018665817 0.394966087526289 0.315623189142686 0.360085131006642 0.317404803578514 0.540462944725578 0.256156294822106 0.0963615914878126 0.360463032826138 0.214463419482760 0.392568060381958 0.160529753310904 0.543636462874694 0.500773148734201 0.39647060933301 0.201914108647145 0.274188215303447 0.288544572721878 0.285554328402865 0.351152732815194 0.440732759403158 0.334347929281959 0.50467694827676 0.0278522762592023 0.111330393016687 0.334565672237454 0.443656756980915 0.377557279648138 0.586923067618483 0.39028725928059 0.36125376817201 0.152216001752402 0.690893341721376 0.423953912997515 0.0496886904923728 0.128641728024849 0.0787844093947797 0.00169489429502589 0.0416583581096941 0.143436504090853 0.08802748847629 0.110398617232738 0.359159141581108 0.218610905304664 0.236796564580114 0.316912657312811 0.377295060459124 0.268389614656981 0.50269638980897 0.328772557625555 0.0173547252470821 0.174589027954623 0.103534861355282 0.210750734162022 0.336140751354361 0.224777734604652
0.0755778016520396 0.0804109660299564 0.674723261605695 0.464189859676959 0.139169570256761 0.0379025787667158 0.815136707613642 0.145093983683926 0.294430975332264 0.162947789970395 0.0778442992724838 0.272435234703849 0.0675611099722964 0.714837869565443 0.854610310631419 0 0.222420205601522 0.574149521209095 0.66007024823316 0.847390119716694 0.670835901802735 0.0665127019009446 0.262013059707832 0.0522895264283672 0.248029930526305 0.0737285528178483 0.376436656984819 0.549290807449407 0.429805214230404 0.0412475256686539 0.34813350463337 0.266053254327983 0.0533126824527442 0.270558828460918 0.329980113170339 0.196349491144410 0.496099242799858 0.438665057295017 0.105021280495875 0.505089891548684 0.398451405152281 0.714878965833828 0.752294336425103 0.286390681846655 0.0694642605040899 0.439529851004043 0.0623780101674753 0.216912662376153 0.0602701150035244 0.255237453729454 0.369142178056564 0.163849210087007 0.449851774057648 0.451315345690254 0.334366434932518 0.43808297689996 0.711133574974486 0.229131717916194 0.315554045190005 0.148524156409055 0.0357023258644417 0.066899214521702 0.293690473307822 0.313690579396068 0.243439575772777 0.414566820033629 0.210370063180108 0.202646611138965 0.228995347299243 0.439802929316999 0.587723449492652 0.466311389007443 0.459976323597426 0.5362253042975 0.100530360118774 0.416949808319823 0.812627333648756 0.270654321888748 0.0708534492868289 0.115071235812625 0.264536537387559 0.0704790552354524 0.080261853318986 0.094017801476054 0.0480099417236938 0.400005876582519 0.392584298196795 0.240412212741460 0.121074405960993 0.108085649684628 0.356571007950616 0.407637854563346 0.220418233986232 0.324779355675762 0.0514749351530347 0.0830587956646335 0.00431835583477086 0.281776573842323 0.364008344279549 0.248168527821049
0.761887549708586 0.306659381082844 0.187618475435700 0.382169822078847 0.211917946714629 0.334922671806442 0.273342277742523 0.0523290229209001 0.647402295128237 0.150210266930665 0.254201183660151 0.245115391299445 0.201356063159255 0.284384771864378 0.560088861003558 0.222420205601522 0 0.828414689469379 0.586952613822983 0.0498906830710612 0.433461644537747 0.427708920129325 0.0275326747450567 0.584200614312898 0.109699927464686 0.134336616449450 0.165425080837459 0.0958938727212492 0.0345409560953516 0.681989428626951 0.471501157248579 0.408169205798560 0.497189268246537 0.670103354783853 0.566166446882016 0.132016348974838 0.271100627039643 0.474491023948165 0.259709425008400 0.0916903123900516 0.384165147776294 0.312901741498154 0.0278042166198308 0.436652547922582 0.291414198162161 0.229740072556222 0.656272857198434 0.607511939967049 0.720335307316469 0.617396829092685 0.128100939839297 0.00852128644029861 0.304107533677446 0.122575786164481 0.19546559745315 0.0539842149234515 0.148077111743795 0.518406640920814 0.27438644634471 0.613178670741595 0.586923596134677 0.56655172601592 0.228835585153575 0.484220826554591 0.454644562562043 0.0298534710971351 0.554121374869805 0.0572854956799577 0.0203820841982183 0.190437303848705 0.086912685601551 0.183458471891689 0.389576902417598 0.16599215966037 0.608134848471938 0.0596517577447051 0.199525825373632 0.549873776158774 0.27772281286529 0.518078755774812 0.527142522396011 0.160325289794039 0.271842794600811 0.407284629552651 0.137703467250667 0.286177449900268 0.264658488279433 0.319598266304493 0.511979905811077 0.676657472482092 0.428278104197344 0.0965090036747913 0.481748993546145 0.318257382934269 0.178355075886321 0.502040304428621 0.496448518076121 0.198898613422044 0.223728250134832 0.0555876775389278
0.58466857334491 0.3259149812555 0.157685300692868 0.508444103796507 0.343460610610329 0.332617155639778 0.501881967305826 0.297648650160898 0.76537508821302 0.278832882335761 0.397119417101572 0.49468384008212 0.142186035178413 0.457584555446976 0.729018611624126 0.574149521209095 0.828414689469379 0 0.888700241052128 0.413317309374015 0.658538100383263 0.433690946824484 0.171473017483910 0.354720527602269 0.142947229464854 0.191520634838623 0.376979541537647 0.208683756621802 0.302810761127517 0.485712744068556 0.594202760232667 0.495314908416436 0.472421331372372 0.660509567233007 0.556488379850597 0.317882881144963 0.478462258577093 0.623975382427646 0.391393179782591 0.308599664129189 0.532090989809579 0.492876904361168 0.417420219152916 0.587766180896954 0.292562325912648 0.393286323001785 0.509248307353885 0.637123725239928 0.588745127817081 0.505232654777136 0.36553490837663 0.198038644294620 0.482270661481753 0.233603208635155 0.341094608318405 0.293832710481737 0.533341116910273 0.401600183076531 0.311893984919703 0.368392711181324 0.420888728108714 0.482531808907015 0.347828850648174 0.620851299716905 0.436153523648863 0.152312138063452 0.42043122544855 0.300328797242820 0.199544041288303 0.392576256059609 0.329106516902181 0.416252043858456 0.379083749525853 0.474808237996071 0.481141479724582 0.273249576606779 0.483539592379752 0.490795640338115 0.26968473951933 0.354685967262257 0.249463365533810 0.281369614154872 0.243479599581244 0.292678606755765 0.208552194518681 0.0456412344591494 0.416054038516165 0.410446019720945 0.539995499784077 0.632703398283342 0.595468468572204 0.368695502355265 0.366892404769798 0.419848235452303 0.245928038042015 0.508709089484247 0.478319717700344 0.423515694242536 0.432636997274088 0.182276630244836
0.455526495974888 0.349564247049925 0.348255546171285 0.563867853018688 0.453410247186768 0.371831471888178 0.559366349507265 0.488734630035911 0.73895039752231 0.337838689720918 0.545838516864566 0.657895354961721 0.0493934600248415 0.476944979583759 0.661354062937261 0.66007024823316 0.586952613822983 0.888700241052128 0 0.643251494089481 0.707727090486254 0.434840539485301 0.342403367627106 0.113808803360334 0.272987938765993 0.335893777699097 0.551653565313278 0.417340088627458 0.50891092302435 0.311916248297148 0.635020034934566 0.545771144051879 0.420978614636701 0.54024040861007 0.45503549946955 0.450016250340556 0.537747648471806 0.629283304972766 0.519924338318490 0.361837852060515 0.536210282396615 0.520874227029668 0.616996465812701 0.69015482632829 0.360230015910719 0.533654533470766 0.377862973736165 0.631122054276913 0.431803908384512 0.387702512458898 0.528380664956878 0.3433843640889 0.56137705201963 0.48482441362007 0.357966047382255 0.506201971039515 0.66722340495146 0.274023495046573 0.354624943197846 0.122067386077411 0.247350976816038 0.381828086014107 0.464308566953915 0.63706546118385 0.366781132068586 0.317001096504931 0.237794069697652 0.513232068191295 0.382624713519108 0.54495087699877 0.464349388937036 0.583552190195853 0.278799470777675 0.615329743648139 0.366464649517127 0.474712623106977 0.505305333457074 0.334828673215604 0.352168508462378 0.260606876498191 0.0442361809196669 0.394021339143368 0.241930460433636 0.183170031676486 0.242547725615801 0.324145017553204 0.505865486102973 0.486597954599601 0.5354560859854 0.582207758255356 0.669044038789462 0.516642610159716 0.174670631335336 0.487222553285725 0.365503173950242 0.502769714757787 0.470586056667026 0.548789221222915 0.463963639156608 0.269024063855523
0.181504493770785 0.166047770809322 0.782420061507523 0.403368602099761 0.338410305190238 0.155525847957928 0.64978985331705 0.464642068456171 0.330538019064627 0.258337423808000 0.321743623629572 0.489226127094771 0.292413002177969 0.551841667628704 0.557378598366361 0.847390119716694 0.0498906830710612 0.413317309374015 0.643251494089481 0 0.584740319054864 0.105925381517463 0.458081465569442 0.371044407878395 0.0747385481401823 0.195669146760779 0.545589285059931 0.704574210306945 0.616353584084977 0.273839037371558 0.327884946298181 0.299583608796762 0.0170708812325676 0.08405087404174 0.152935405074132 0.434310234113889 0.57642917072056 0.456214815869102 0.312846258403156 0.482886535039287 0.413168959621633 0.511104095313205 0.844586268015445 0.441058490775848 0.100932957526299 0.463193607185578 0.207276102883326 0.146999050900846 0.169589633509037 0.0788417175691295 0.626255617380842 0.396153039314395 0.59560253959598 0.757269843400765 0.291676531706769 0.74436415147323 0.811653409673638 0.139151980934859 0.169337489682863 0.488876138389553 0.276194629931053 0.0838522753031631 0.263351903518664 0.355916568958517 0.0758504003085156 0.529179763396033 0.190396254423915 0.527572043922783 0.499905035184638 0.582846627833593 0.640693190075514 0.590549869164406 0.201307759874295 0.674364213905651 0.0858921400369608 0.700300043425937 0.641157862632902 0.0424663063394931 0.0904652301192025 0.229310631106473 0.534534199674871 0.302233109905408 0.072728394008124 0.247050822055317 0.178316010190149 0.683026025231084 0.434060330551683 0.302616965904336 0.134522800879134 0.00294335934035656 0.399945519514093 0.503505017592573 0.102939036354219 0.34183942387787 0.238634309364816 0.108218937185623 0.0340407080875196 0.463113198201615 0.412365744803191 0.289586383876655
0.47582744729173 0.43984990749922 0.221273076690887 0.237449571109993 0.262029152182012 0.231701962478496 0.55415462043807 0.395481931761707 0.508556038141572 0.580806231581054 0.415716710550148 0.446611829892612 0.0594384774957515 0.705903623610332 0.612795020629823 0.670835901802735 0.433461644537747 0.658538100383263 0.707727090486254 0.584740319054864 0 0.222852568682674 0.246554986823673 0.183647914497795 0.123911371805001 0.215977619768191 0.519977834301843 0.530224045024364 0.493836484498881 0.415240474123612 0.60405711549875 0.437976485551916 0.587120723854658 0.524284740881663 0.508510873532442 0.319546061873561 0.487703247356066 0.546686592877583 0.371866031002431 0.535211014876761 0.464660936531326 0.559251808303477 0.718948276907155 0.614018960205971 0.269969478372321 0.456374894775435 0.357535034112551 0.54458480248661 0.40982084510043 0.398798272642001 0.39585459632877 0.262637964666844 0.39690910805212 0.330712739859667 0.325816475741960 0.392027388528507 0.588601047762963 0.389811839814883 0.461852140220451 0.133875896472717 0.215029703810968 0.360937879132542 0.486905982780873 0.579986395344361 0.316881411318825 0.320002319825893 0.210550611672693 0.395414941792609 0.346705820521836 0.591758841166698 0.60442046706485 0.506047375630327 0.382131166120541 0.589776907767949 0.339244522662480 0.448634671744633 0.654729387153619 0.522484399313065 0.271179425288159 0.211693618483173 0.112019932278272 0.307946174930652 0.146087922235515 0.172573156886366 0.176746118527225 0.36623563735513 0.502273294071781 0.517339485464225 0.368644454281893 0.410360636195713 0.646998061431592 0.458212645412216 0.200009807643534 0.524145979512185 0.406757673415953 0.34170863226427 0.277616340492857 0.460514591564217 0.377924340614387 0.32693805690854
0.376011626827216 0.454029146633972 0.107459898499853 0.394190330871962 0.627645198739038 0.575627800529568 0.221343096867259 0.430262250671405 0.567095485610665 0.221430769523599 0.55673908393013 0.612806050335386 0.160238219907956 0.0904721745890215 0.192915053266921 0.0665127019009446 0.427708920129325 0.433690946824484 0.434840539485301 0.105925381517463 0.222852568682674 0 0.372333782132315 0.0951489063185964 0.589200928379727 0.625793745834318 0.594988937503156 0.230354335518243 0.514142978127338 0.409925366696781 0.666267047018779 0.849316685830884 0.445991692310989 0.468753444221916 0.570919829792324 0.491649017807157 0.503952426305742 0.543457278945837 0.542510589921003 0.153063149020014 0.41988264862088 0.409470644002602 0.230153649688783 0.545897901978567 0.500623512296084 0.496454214559261 0.335234191115712 0.608368187278029 0.445622125544987 0.393033424732854 0.357441894112338 0.477752074105758 0.232088592458342 0.368279452487271 0.471881388060222 0.285148100974704 0.303222127234055 0.2533712388952 0.431117947993211 0.178391952760956 0.425649381411252 0.466442840388031 0.447667465681655 0.689943627898145 0.635076976649596 0.311694664516732 0.111932274514941 0.520742765096964 0.492885689947731 0.535881918777223 0.277191601914025 0.634656777294505 0.0102150865389377 0.483324259824628 0.726902384589892 0.272491847386375 0.000824767904619502 0.163513478784105 0.509210507908319 0.444125416798066 0.265633548403882 0.426332046781595 0.465545164025973 0.405411715177607 0.782454117349303 0.355018479639065 0.449400302471618 0.519684330914132 0.739493456759538 0.685797549998498 0.647005011868421 0.297302636719226 0.232644777083001 0.488362353772415 0.520466417054291 0.701871492953904 0.681626915139942 0.581538472346299 0.409953112474069 0.455670353814627
