0 53.4342328527322 60.8031417362623 50.7350216221497 35.0026973389195 46.8791093132111 77.4177385681085 66.6050026049845 88.0813110495637 72.2063943221097 90.1722547710214 111.252030842992 92.7708069006624 112.459023533018 93.1116940024184 114.225655318759 96.2708304670215 106.802399834273 113.847218437694 129.709392158008 130.541532005478 128.797140205053 76.3895713497595 44.0965855140735 27.9373701160292 43.8162810608112 95.1811627996233 118.076438686979 135.739540952517 38.1043420754118 88.9536869538863 119.705174683846 89.3900647251136 109.595964934846 131.389482706950 37.6486150364127 65.607181230411 88.7756228265395 64.5273295756147 75.982550437584 87.3148004029672 126.215676593678 149.738620065099 50.8154626822388 80.7017678285302 70.9572128609911 81.0523691476073 81.2069999027793 86.4081646605227 96.9265970435984 100.027848122610 114.565005883167 104.181392129305 116.487162751953 131.987418905137 115.297868848474 132.065073732611 110.6587010217 125.511292333798 119.633689281072 125.956614227122 132.419734016498 140.551419446821 145.575368635673 131.882593559575 80.8057922738216 48.926194660938 38.0946642589221 48.1578029606833 96.5940006340456 120.585485403509 137.547185652779 66.3062943136623 99.2937539324604 123.650999240807 104.796199607858 121.620387805499 139.909857222034 74.6325720664242 94.6740605445863 110.029043184061 93.5376756380016 99.9975460329402 111.857992767616 132.121292852439 154.033247615572 73.6150828787824 45.4249163895763 53.1692250013107 58.9698443410537 79.1141298884087 63.1283317219773 46.5527222006404 79.862149525041 57.4827797344561 72.1678192340603 72.9006003843761 92.7269666772293 78.7550349374565 55.3192651813995
53.4342328527322 0 63.5267161779987 45.8658778391954 31.5122330208445 24.8823318955439 51.210677952552 21.7272746309794 37.5420396394495 30.9730173467165 39.4987216857711 58.4783252103718 43.0976740481432 59.3129038183092 59.695687138687 77.4461676027936 54.6359270441163 61.0741724702022 66.0249674574702 83.6789986732633 77.54520491443 81.2618705024687 64.5566982145153 39.7556492609541 51.0727842863496 43.7472031078559 58.0279998201592 77.5382489121337 90.7128489628674 28.5638696321069 40.6476774668615 71.2360933909911 39.7026391027095 57.4556820180563 79.926642580306 17.8842500385115 19.0422168341819 40.6851262895914 14.3192293088699 24.3948590231631 36.7178474555631 79.7517065231836 100.183736322619 81.0453003546165 74.2785680417306 78.2285576932107 89.1855604018946 93.230363960729 91.6742727691908 87.7553685721398 94.9323603307112 100.132158257225 97.7766450588278 101.834319769712 107.748687843704 97.7863987943108 105.727663270121 95.394820220859 101.430256564104 106.483312346865 106.653560666862 108.512139945538 107.987791802111 111.668629758425 89.6811891388601 71.6883341859748 47.5681681606513 59.7995076932913 50.682530755281 64.0342230596265 84.4472974568162 96.2333727433472 71.23275510585 69.7476935572783 82.3088736371116 82.2068275474124 89.8135808957643 100.652495833188 79.9391465178982 87.0508930302269 92.826291438148 85.2397445444318 85.1531677581639 96.2079354406901 89.1150641853553 110.917647766079 34.2868292002921 26.8417527512642 11.6815981594986 18.9097521845237 30.3932223721013 23.0886989014106 29.9801707168255 51.980168849668 51.8881831379747 62.2082362453719 56.8450778249313 68.5361516173764 62.6122322342847 47.8150134293613
60.8031417362623 63.5267161779987 0 28.0487290621162 60.5444660889829 55.442713957742 37.0832641227819 80.548346911715 85.0539101653181 92.9905299479469 94.829412004346 100.917135112378 103.126495528550 109.597374735894 52.7408385314454 70.0200714938224 69.726421809885 80.1115159197478 86.9922754099466 95.2510138686198 115.378465932049 105.649116560433 23.025393503695 72.2839267403204 40.7870042783238 33.3689043721846 62.9378717591277 81.3135290711208 103.512771506708 74.9342244104788 90.0659895825833 104.583717053325 97.3809162462543 104.462822788780 119.184202699015 57.9716922847695 62.331819931717 70.9345127172944 75.9741603044088 70.3169912467819 76.9346741450823 100.095814782637 125.638817624172 71.2573170741784 78.6592640497608 28.1123145258444 55.2655991683796 83.0469474996523 78.0137890952619 56.7989800810904 100.051253688497 101.754767666238 110.539584090949 110.654494436512 113.687520698800 116.565411241929 121.615416132166 68.8663489580361 79.5474502526637 88.0270694843353 94.1282640175628 99.8277507409638 103.080288854446 124.855845028305 107.506787455490 28.8610630088360 73.9479816965953 42.9424539354704 37.3506793914113 63.6632873302188 82.5733513731882 104.274670203267 84.9558495373332 96.0765400032703 106.727449638085 107.382494193653 111.965465948032 123.78260547787 75.9373271602971 81.8870188308257 85.732883382049 91.913494926262 86.0323151984764 93.246516465764 105.270165545609 127.660785654797 63.0801318027317 47.9314058212358 60.2679492918085 62.7801887981241 82.8544366766198 78.561750419654 64.5073047870549 67.2314381741161 54.3850706995955 70.9934896029206 70.8539764021928 90.9399798447306 86.280505660317 67.8824517530856
50.7350216221497 45.8658778391954 28.0487290621162 0 36.8853905225361 30.0685202329613 31.1609923782924 58.1423686446467 64.8660176657239 71.2005688039077 74.4042419307528 85.0790282707202 84.4607014533978 94.0845219417094 47.308259268335 70.4075031086886 54.8775584552556 67.4594818432517 76.2493804105974 91.7674135246276 104.340346811385 103.482405915209 41.3697290781557 66.2792709751699 42.505285388996 37.9509623725143 65.9885097274397 84.3767294341278 104.380634147336 59.6941438166258 79.9933093970365 99.9732561982953 82.8081795075825 93.0329964313737 111.131890063114 37.8199233045230 41.8479334017822 55.7457309005811 56.1401128922983 52.8921054222651 59.4005131645342 98.939144674896 122.331766258809 80.1465892674791 88.516846935767 54.1595765308408 77.6941035384282 97.4586189087964 94.4823036287748 78.378749857293 111.101690202445 114.643187941587 118.951822705665 121.162695913387 124.941159917139 123.284162754183 129.419169287243 88.8985769976663 96.202243237359 107.194684830919 111.005903831103 115.001185533020 114.668317119665 132.493631767991 110.262104836612 50.7978921413084 71.3707333505829 51.3681638955492 46.3268934097679 70.8239921417171 90.1664050131755 108.966215892817 89.5329229948961 98.4149276736004 108.119502501861 111.014974261358 116.499008290028 126.893994896094 87.987052259125 96.145573434246 100.753491706243 102.014812106674 98.2793675244708 107.353365764656 107.762845888553 131.013491228957 59.2698335348599 42.3716197707853 47.690907278432 53.2152791505231 71.2597314827947 66.2589789311607 57.8373074674989 71.1901957671139 61.2255769511403 78.2443098634016 76.0724225833679 94.7347944936811 88.861818004135 68.7292100682817
35.0026973389195 31.5122330208445 60.5444660889829 36.8853905225361 0 15.3019779440437 59.1179515544982 37.0139420031155 57.3021768243581 45.7453694924415 60.5139326295193 82.4047838810952 67.0356812302225 85.9112969812469 71.819236984251 94.4151788750093 68.0113170068776 78.8782510997803 86.8711681226861 107.061180345632 104.855305658499 110.882821419731 72.0527204344152 51.3241051846011 45.899851590174 49.0690736513336 82.182858002435 102.115856300577 117.959289193348 32.7805424909351 71.9745618624386 102.122811447247 68.6388651520405 87.4858966748355 110.155523488384 15.1118841565173 37.0790982360683 61.3389071604638 38.2978914244636 49.0476517072938 58.4488072864622 108.572069276587 129.394478576174 79.4717822048178 91.7905268731474 80.3204713756088 96.1951751068628 102.309893288039 103.49357168926 101.634614512144 113.136432619382 122.099647454077 116.864273039283 124.468501915143 133.585759358698 121.693032520354 132.927672096520 112.364145235969 121.001899810292 125.413069390714 128.359705481744 132.033331216023 133.196492234954 140.608329452320 119.34011637752 80.1301690126759 59.6631990845278 58.0789421735624 57.3173247892816 87.6629646880026 108.976954091221 123.696703893030 83.2710178177858 97.339819051609 112.807264084588 107.640126050883 118.545719138904 131.166311747682 91.8459444790569 105.057266388385 114.289831818058 104.442623201258 106.482300087902 117.931291492123 118.271735617602 140.760938296105 62.2381391130069 41.7657434508234 38.6053086639648 46.8132736130267 61.6480716081209 50.4234689901439 46.7818798905089 76.90222794796 65.9352788497933 80.5166281832517 77.6675595741394 94.025014317255 84.3521942631014 63.6054030850367
46.8791093132111 24.8823318955439 55.442713957742 30.0685202329613 15.3019779440437 0 46.0817356118452 30.4142127468393 45.1198236389505 42.6227099443477 50.9522501317655 69.6956906393071 59.9538437383292 75.3286188775554 57.4161740801318 79.9510257282544 52.7262735797818 63.7163391694783 71.945317804566 92.4436677333824 92.1906070678881 98.7480272461177 63.4870566414919 55.1716874311453 49.9327261122403 47.2274859800943 70.4890172901311 89.003641773806 104.774549591015 39.2985825062432 64.1644206791427 91.230817945966 61.7012804466812 77.2587092954574 98.9779152639618 16.0515200576145 23.5536311213367 46.7404173049407 31.0854215052651 36.3705306670112 44.7822574755896 96.104202769702 116.648133551292 85.7654546598454 90.684011680395 77.0399263953439 94.5415754852858 104.356952639534 103.338956284646 95.3125236971097 112.602718271097 118.360866539621 117.061043767771 121.685638889723 127.390111528486 119.507032901834 127.533732204464 104.587426731945 110.723590651225 119.363565584311 121.134442561808 123.810588194225 122.405046602565 132.232249712058 108.482211435793 72.516919798072 63.15398931184 61.2219223889613 56.0716561553161 77.2205831245141 97.033882030969 111.457000610101 86.5483231276609 92.476715555863 103.423971506851 104.853308299023 112.284305129257 122.429026125711 92.831818231951 102.386079043979 108.484933857195 103.178106213285 102.486239269523 113.180885868595 106.750796723022 129.452473166796 53.8255229445103 38.7507245222589 33.1770926580374 41.0684655558021 54.2909755115894 47.4332433426178 47.3427480327241 70.6691005656645 64.5751394268723 78.9470396215083 75.0496781199127 90.268833888336 83.250403422446 64.3094248241267
77.4177385681085 51.210677952552 37.0832641227819 31.1609923782924 59.1179515544982 46.0817356118452 0 62.1638882005461 56.134228260572 75.74222023416 68.4366721509017 68.0657311375556 79.6371154048161 80.1077422537922 16.9825329382869 39.2479794384373 33.3283945279397 43.3589237108118 50.8389082003144 62.4258204030992 82.8322505577549 79.3629283103893 30.8186968900374 77.596951132116 62.5863882006303 48.5343008706214 43.095744853621 56.4300044302674 76.6992301591092 74.8308155107239 70.660044591622 79.8122703266233 76.5180381646053 77.790404298988 90.9516166046541 54.1360118992894 40.0748571301259 37.9874720038067 58.391638870304 44.5060130544177 46.269267299256 73.8424205656884 96.5827936332347 96.8508281224792 88.4427551111452 57.827111582717 79.8655174918437 103.842800978258 96.6462375729133 68.0915617775955 110.091923185309 106.592174266266 118.649754272818 114.648108004450 110.851208773924 117.811876718776 116.941346225362 73.5874360024182 73.8224116410457 94.8007372228718 95.3852736147462 96.7671080274697 90.4902204084845 113.515055790552 87.40574983947 41.3328204941303 81.5486712399411 67.8678348556958 54.9849884695814 50.2560739760877 64.197632191538 82.4456621660594 97.6077662238513 89.655832788503 89.053210847504 105.269765432673 103.173995567488 107.955067565585 92.6994039638336 92.1124493486087 89.0900057301603 100.176624297088 90.9362374106714 97.6087863514346 83.510904090424 106.351005195062 49.8873727936238 49.5283342542428 51.2305414946983 53.2330835000951 64.9334212020282 68.3184085075172 66.0217733697755 62.5691623482367 65.1161459009975 78.4789208259135 74.4665191411718 88.4713869257174 88.5772138024221 74.819551535745
66.6050026049845 21.7272746309794 80.548346911715 58.1423686446467 37.0139420031155 30.4142127468393 62.1638882005461 0 26.3886469907042 14.1074561494977 24.3952263084399 50.2886908403868 30.6867878118580 50.686053853205 67.1971727798871 84.726168756825 54.1391428489591 59.6364602283704 64.8650745918788 86.6970394108703 73.0754354204144 86.3754030381914 82.0410746346609 56.846343298492 70.4407415194502 64.8482770149678 71.6147316603113 87.1428374005001 97.031371517721 39.0210603932031 45.6277395243288 75.6499497028253 36.7715165688063 55.4543387699285 79.024865361543 30.4750392821732 22.2286410877948 40.8395124511789 9.92072356685741 25.1170462198484 32.661920586824 85.9047384619149 101.949004899558 100.658326306471 94.3011643620586 98.3646391433934 110.777521733653 114.161573808528 112.951448360833 107.805599137439 113.921517480632 118.556175904252 115.288187662961 119.250726734096 123.695660916663 113.321453738513 120.002049990865 114.249567179136 117.458760695446 125.907443128713 124.736806595207 125.274064510616 121.450920787971 123.921345990915 98.7954283517714 90.269329726159 65.4483067803133 80.2416118246013 72.1850922684871 79.597284056053 96.7736721211405 105.440184872799 89.8553337271639 84.0542828832059 91.8461905424498 96.767571022838 102.670266575918 110.090547544737 100.764986071849 107.305248730945 111.713435415844 104.299763797863 104.265672185240 115.013050523886 97.7360264427094 118.426795665550 50.8399598933752 48.5490841912595 32.5239892985163 37.9171404767830 36.9362530911028 34.4151309108363 49.2084185667453 70.2564844213685 73.3282439869522 82.3274872251668 76.4083207223042 84.6961339906964 79.8950243332462 67.5324914647757
88.0813110495637 37.5420396394495 85.0539101653181 64.8660176657239 57.3021768243581 45.1198236389505 56.134228260572 26.3886469907042 0 34.1172498775912 13.9244566227914 25.9054816600657 29.2580655274746 33.4261814960967 54.2169225409373 67.2793829669238 35.5456398313492 36.7942330151071 40.8574979166615 64.445771954489 50.8574736279223 69.5189119895443 80.9237372555791 75.3579079102519 86.0029694604204 75.4047810686431 62.031194069584 71.2226094187092 78.3696460423932 62.7069284083505 43.6430905814426 61.8132488196503 36.8677279550829 42.0193841293515 62.1145418369161 50.4561346146333 24.7670461866166 22.1793195623761 27.4839896938199 17.5970862079493 12.0479191655655 68.9031581308869 81.9147917302486 117.730239471514 102.706790233363 103.496880155925 117.407643301661 125.909230355999 121.679885548146 107.308020476953 121.979769600086 121.024061473081 124.360687433007 123.175965848903 121.033403750411 118.339334456511 118.623202410869 110.507163576937 108.265361380776 124.379547850159 120.838815168678 119.163095366015 109.686589693299 116.111528290606 85.889308807383 89.596251681697 82.566287530747 94.4741629357466 82.4890110863865 72.3179074234038 83.7485211690929 89.6650102337026 104.731760858013 85.9337987709725 82.5316156291636 101.572686480471 100.167134924435 101.244374509896 111.777156204924 112.445459941298 111.122631955016 111.731754339087 107.219517396041 116.006042829716 83.3262582563864 103.320161284282 51.4443693241544 60.5316860826625 45.1091301899072 47.4390824017086 39.1315672138237 48.1867102198314 65.1130216426791 72.2102125343085 83.3477966500015 91.0082242383072 83.9817674183063 88.9467672440657 89.2746358906605 80.9402428204907
72.2063943221097 30.9730173467165 92.9905299479469 71.2005688039077 45.7453694924415 42.6227099443477 75.74222023416 14.1074561494977 34.1172498775912 0 25.8969387281586 54.2348133369149 25.1364415142637 50.0887461312419 80.2166042724323 96.2761489466628 66.2204639519386 69.9835099188373 73.8700677744376 95.025146119330 75.4404260486421 90.5276073140122 94.2698779356375 58.357972248871 78.4458476530148 74.1148223974125 80.7177345621667 95.7561785056192 103.381128669598 39.8663920614846 45.9530461481064 77.965660383851 33.4527668715160 55.5201569612335 79.5072606055573 39.4123532811732 35.7283522709906 51.6963749371269 18.6104353834079 35.7779728604067 42.3757803256766 91.1551390816777 105.153980476252 105.218596115943 97.9187804542622 109.157827644196 119.170139277589 118.394033972198 118.186741832576 117.150481871190 115.974813261501 121.855378519005 115.575252277466 120.893073560895 126.755526681246 113.041738282813 120.993703608907 123.339121428726 126.868401212043 132.881703322918 131.261247888933 131.547645550956 128.366156220073 126.398101610001 102.782410503938 101.885998674990 66.9876128026667 87.8953836671756 80.6965850764455 88.1594309582928 105.001818465206 111.618363820655 91.1857036525463 84.9984055085741 94.2281281690876 96.2601925785005 103.575846918864 111.305764320138 104.945341469977 112.057828200443 117.447340459459 106.807117257044 108.540170064405 119.581263235509 102.460477892698 121.777780198195 57.5791438304704 56.5214596060647 39.8880830604831 44.0455324500465 38.4480694573863 34.8145588080619 52.8631831172698 75.7065659752178 79.4578603978235 86.339965983315 80.3317351511997 86.179696066765 80.8969524827728 70.7573012996539
90.1722547710214 39.4987216857711 94.829412004346 74.4042419307528 60.5139326295193 50.9522501317655 68.4366721509017 24.3952263084399 13.9244566227914 25.8969387281586 0 28.8136279041706 16.4302954656939 28.2750814692018 67.3784971581439 79.3950241204699 49.3443456487164 49.2215503194485 51.4724584597433 73.3767758782709 51.838355974914 72.5334656864678 91.1660104868585 73.8537220571177 90.3749823119761 81.0371371032442 69.864901951827 79.4781777665417 84.295093275291 60.2876901953459 40.145712219115 62.1920683126072 28.7049815058293 38.5690665130750 60.4951255118129 53.1141681954072 32.9016341279578 34.6993383010397 26.2760257879688 25.5730206837206 24.2535115704922 73.2512883783623 84.2510775627825 119.658431994991 103.895270465407 111.836525607200 123.434262024488 127.825333260508 124.609806977180 114.775527304047 121.968000841409 122.391676029704 122.722700110004 122.911747975082 122.402881719386 116.181594078795 117.851189423315 118.049108573085 116.688297177523 129.662221622530 125.809167112933 124.026968436264 115.653335091497 117.100288097238 88.5460249141089 99.2448232105333 81.2902367058308 98.85710887483 87.6645812850891 79.3324556444587 91.199582882215 95.1086942844344 103.715372134993 84.5669719186516 83.1030743982435 99.0111511999532 99.1351832885278 100.80405225079 113.500490497354 114.994932767014 114.971262164464 112.048952822461 109.362560228627 118.642954392117 86.9246002515398 105.599812165032 54.9374199325014 64.1842983438317 47.0632589952077 48.9467174371489 36.3055533450463 44.7519668985621 65.016083164091 74.956216552665 86.373461717648 92.3480463295786 85.1529947597999 88.0771316395465 87.8264116202524 81.1326226998733
111.252030842992 58.4783252103718 100.917135112378 85.0790282707202 82.4047838810952 69.6956906393071 68.0657311375556 50.2886908403868 25.9054816600657 54.2348133369149 28.8136279041706 0 36.5755693775230 18.4104288459014 60.1503101196494 63.6453557558601 41.7303775096751 33.4518619578941 30.1912433346161 49.3350346760798 26.012008330485 52.8395240392076 91.3848729620499 91.953190243134 105.457397977050 91.9161714068313 61.4187219067476 62.2849474374828 62.252382930214 83.6859250966971 45.1451949157383 47.383434932474 41.2178758192365 29.5846085302814 41.8776409183946 73.8998168122899 47.1199471401444 30.4899569945581 49.1946756042765 35.726270853393 25.9292207036772 53.5972568634814 59.950311731383 134.759268808123 110.455741149476 116.391599001345 128.028482111326 136.946491242967 130.723000711772 112.463744934633 127.394728510445 121.848255284842 129.341343639573 123.969071362538 116.317962579345 118.925269606127 113.507803029968 111.996473958335 104.941787582402 124.880891405731 118.516094516525 114.338710941177 100.199626439354 105.581181163198 72.636813643565 98.8648477179326 97.7049888996974 112.144344856484 97.6718691133225 71.9973858871279 76.153574309352 75.8390137375876 116.931337250970 85.8570744417139 71.8457936600327 102.503289264979 94.591117383452 89.0037649899149 122.330380116061 117.663889457599 111.626306755576 117.223692089995 109.969618869759 116.719576203352 69.4015055246642 86.2645684130513 58.9245709448953 77.2785959246802 62.6398806372586 61.8582674994386 46.5983014700107 62.2938606564885 81.2529717056552 77.2003107875221 95.7076439647848 99.8480443328261 92.047348047418 91.4916961808557 96.4902256308379 93.965618322661
92.7708069006624 43.0976740481432 103.126495528550 84.4607014533978 67.0356812302225 59.9538437383292 79.6371154048161 30.6867878118580 29.2580655274746 25.1364415142637 16.4302954656939 36.5755693775230 0 26.6605456245742 79.3409609785513 89.6043501399346 63.5377607412317 62.0216996265017 62.2855925957199 80.7638568358396 53.4745983077244 72.0629310949811 98.7671728561672 69.9202708304251 93.2949082319073 84.4783646799581 73.9905868800106 84.2578165513444 86.888753248047 58.3997083896829 33.2400942280554 58.8786717639758 17.6244736477434 33.6523035912848 56.6049212436516 57.8269672934696 43.25123887243 46.7936771972454 30.1261403097045 35.1503227012214 36.9736552725045 74.1221314385926 83.9060937357949 118.451396924688 99.758565599401 117.138065973449 125.153921061387 124.786260385549 122.345595298727 117.586025473149 115.890062475779 117.371083844404 114.851351245860 116.069337979503 117.213358703861 107.392365697008 110.345929553382 120.615725699471 120.366951986415 129.141799995199 124.858647395204 122.971585213821 116.393792811456 111.833419783766 86.312849825504 105.711969946643 76.8201629066224 100.912440412468 90.0227675368848 82.0505709967335 94.3428243641243 96.2307342900386 98.1571816109754 77.2164204492801 78.3136908991653 90.0899943126316 91.713835258155 94.4721046727022 110.326523557348 111.847773714992 112.933952826420 106.478410232122 105.585137507179 115.128419432389 85.9996771738127 103.051296634249 55.1558768604942 66.0248221201693 48.4299013403909 48.7117501669577 31.2711313034882 39.5759701460369 62.666984025801 72.9983607415947 85.5775736685728 88.8012954747846 81.467324603196 81.3557599372042 81.0626851825179 77.5443191214547
112.459023533018 59.3129038183092 109.597374735894 94.0845219417094 85.9112969812469 75.3286188775554 80.1077422537922 50.686053853205 33.4261814960967 50.0887461312419 28.2750814692018 18.4104288459014 26.6605456245742 0 74.3540143771673 77.699926158266 57.9415444858868 50.6481832839047 46.6507787073271 61.237522173909 27.3654053057375 52.9626137855752 100.231399017474 87.6274596459352 107.820665964369 95.121996015643 67.2534079714062 69.9837627810909 67.3030871060162 80.422883366614 36.6885883414721 42.6591886431282 29.9617496478427 18.3872853896381 34.596104376071 75.9734218879208 53.4646864855673 43.0876389633965 48.7202835886656 41.363845529641 36.3149688256785 55.8490951582924 60.210479860237 133.606565778071 106.850802891930 122.649939653471 130.810571007239 134.533835929888 129.285286007341 116.929969459126 121.903212450042 117.644854506306 121.870948687536 117.676631843370 111.907777663753 110.342165290518 106.237220040812 116.537702098548 111.163733892399 125.989378540415 119.201886268465 114.954462988611 103.057625365502 100.794533859392 71.007609775291 106.764329525362 93.0684243016932 114.064868425822 100.085648791423 76.2881062727998 81.7305072662589 78.9722881712313 111.576592465490 78.4291215429575 66.7418780320872 93.602080848932 87.0601150031402 82.3308271189474 119.695721645554 115.384419719475 110.804969644867 112.209327190568 107.003749202586 114.217719693575 69.5122297369319 84.4121648164528 58.8794320730932 78.3599501084578 62.4585468358014 60.5982908152375 40.4385418382018 56.5699052854077 78.347067053528 75.5912429449338 95.1171844726283 96.6874030005978 88.6670291765913 84.9243491441648 89.9194342175261 90.3660207545403
93.1116940024184 59.695687138687 52.7408385314454 47.308259268335 71.819236984251 57.4161740801318 16.9825329382869 67.1971727798871 54.2169225409373 80.2166042724323 67.3784971581439 60.1503101196494 79.3409609785513 74.3540143771673 0 24.3389245653952 24.0041099982899 30.7747525475023 37.4132689563476 47.6228443711629 72.3633612650322 70.2892484310367 41.6846176304881 89.05387999408 78.4695397017212 63.1086252900505 40.4951135063034 46.7413796223432 65.3434764150179 86.0825797998643 71.0328152102252 73.3120723134328 76.9629010079532 72.8676250333439 82.6608265262331 66.1455251680716 45.5355633433913 33.232523290295 63.7565662544651 45.9159212800963 43.3154781967139 64.4849930914162 84.9663775560663 111.639379507457 97.1267417071632 70.8301078144033 91.1585711540061 115.347424520923 106.833927083113 74.2752983617845 117.701303207908 110.983459593806 125.940119223383 119.215557080441 111.298223959055 122.169762466005 117.517416904900 76.3021295286704 71.0798465452761 98.0719102852596 96.3776730553296 95.7340554296119 84.6606751709204 109.934596472503 80.6462733918933 50.7890636357868 92.9646084270783 83.259885232926 68.8882905434588 49.6099873058843 57.3550348443796 73.2468366074604 108.697345654850 92.4115913400478 84.8038668060012 109.304762925730 103.014484890039 103.500137620633 103.588011851034 99.3625375078555 92.5139429491577 107.576894982891 96.2549484598584 101.599422252294 75.6669793304847 97.6073098235988 54.379283401402 61.6342626223434 60.2129000799662 61.0088339387674 67.2756190309684 74.9050355183148 76.8196255724408 67.7034437260026 76.4022703458477 87.4250834772264 82.4817290143854 93.0057125576703 95.9647232268191 85.5019379348211
114.225655318759 77.4461676027936 70.0200714938224 70.4075031086886 94.4151788750093 79.9510257282544 39.2479794384373 84.726168756825 67.2793829669238 96.2761489466628 79.3950241204699 63.6453557558601 89.6043501399346 77.699926158266 24.3389245653952 0 38.1325707972856 35.3197425551206 35.2843990029588 30.6121258817482 66.9880422862341 58.8635226434844 52.6771377924048 103.921300766493 96.6330512505944 79.1867597202967 38.2595202443575 31.3045264139230 48.0295330916302 104.310127408608 76.9841727570674 67.1958558148492 85.3516375107121 73.93792721601 76.3548699494669 86.888354354079 64.4054011089132 45.5294761318423 80.2717067089021 60.58858643342 55.7663481017898 52.1461218596359 70.2855369617391 125.99096508643 102.762709678414 81.6106465113468 98.016968005749 123.193855492106 112.429519081956 74.3851715946942 120.800337518734 108.986382198924 129.337805219510 118.139331651233 104.189807786750 122.262256015501 111.969826761499 71.2442580985303 58.7170219689316 92.8650591665132 88.4262064308992 85.300742353159 68.623921701081 98.7029990625011 68.4134150368186 58.3150183914916 106.499607609606 99.2674359596338 83.0299690653923 46.3341705665484 42.8111643032516 56.1179639865881 119.049027899475 93.2107872029842 76.9287089729836 110.632199567983 98.4047675154004 93.6572096919933 111.491557197171 101.469738567713 88.9897824977677 110.990144128026 96.327517129894 98.8833094156946 62.1697923914822 81.6421774697368 62.7125194060165 77.6172674345084 76.1097076846311 74.5866657099518 76.4165009732846 87.904097725874 91.4648479629743 72.1529795016117 87.2623571249368 94.6302078302695 89.3597177535969 95.462986580978 102.535233090875 97.150572298932
96.2708304670215 54.6359270441163 69.726421809885 54.8775584552556 68.0113170068776 52.7262735797818 33.3283945279397 54.1391428489591 35.5456398313492 66.2204639519386 49.3443456487164 41.7303775096751 63.5377607412317 57.9415444858868 24.0041099982899 38.1325707972856 0 14.1024512142393 24.9021295918642 47.1154440370671 59.295148419425 69.3136234503002 62.5083657473942 90.9374095178107 87.5278683700797 73.9658440336484 51.7069092955903 56.0552315400623 68.591638559011 82.6999239830969 64.6522178880199 69.7101339856695 65.8136400185402 61.8749993374545 73.8368984086547 63.2337555943817 36.5072412982685 18.9546988319519 53.2536549127851 34.7475809634282 26.9124952845328 65.3462939011081 81.1394368282773 122.237735010184 107.680989521178 90.2191321616984 109.381883811946 128.457042466421 121.372771849414 94.2697701564086 128.199944217812 122.924680416994 134.244816546524 128.996026303177 121.854810578204 128.843845295808 124.806169220956 96.1427602808449 90.1812845047685 115.614471798344 112.532437596855 110.742304855055 97.799811476332 117.182767957674 84.7585916967124 72.0610406100967 96.6023895274335 94.5845644246988 80.9867464416864 62.8562647121192 69.8741198142059 80.2735622842913 115.813048220052 96.6818368671696 87.4085550656227 113.990420048616 108.044309407622 106.603781379930 115.477524323394 112.771451585984 107.079439171159 117.736679238757 108.395037242579 114.914875659377 79.8796261471597 101.007867584708 57.826826468863 66.7757348983147 58.9711769549328 60.8270370478301 60.9692277399837 70.4063330461827 78.8775315238757 75.8434300540924 86.5972541112592 96.8038210640985 90.685637037033 98.791987436077 101.326878238748 91.3794216014744
106.802399834273 61.0741724702022 80.1115159197478 67.4594818432517 78.8782510997803 63.7163391694783 43.3589237108118 59.6364602283704 36.7942330151071 69.9835099188373 49.2215503194485 33.4518619578941 62.0216996265017 50.6481832839047 30.7747525475023 35.3197425551206 14.1024512142393 0 11.0426184738947 35.3250582499166 47.0647016108045 58.7857159296372 69.6586637035193 96.3635556855391 96.919246855101 81.990014423465 49.7793279556123 49.1128273728972 57.9090431172887 89.6069199635832 61.8485876111169 60.6073436198123 63.656730750487 54.4031733960437 62.8966952801179 72.4417245219908 44.1985963098377 20.5836924471777 58.0306826129075 38.2429702737640 27.9687765247249 55.2185096245815 68.3707294341665 129.838254534517 109.837907043106 97.9922987206648 114.868447765259 132.868626809228 124.950860693154 96.9599584634405 129.084229845477 121.685061998464 134.592663028710 127.457221527695 117.725246471604 126.850375396212 120.18441615767 96.6837355420755 87.9995180417484 115.102861049411 110.313994895661 107.083202950603 91.5409664548944 110.018229349650 76.0254603929499 78.140272826245 101.553109750317 103.143962241907 88.2187057191387 61.322464904878 64.2724150811217 71.1754333275183 119.762939889475 94.1447420282195 79.9274141594109 111.957171313007 103.041053224043 98.4694166066297 119.406170457854 114.049217561367 106.074792447405 118.622225565532 108.183021619707 113.820721050079 70.731067537257 90.561532090397 58.9869175072744 73.4265230809685 64.4090073110897 64.7359313737595 60.4141080937226 73.094133304664 84.1094957876339 76.3040189604715 91.4114056841924 99.3801297954475 92.6687571550547 97.6456846804814 102.394078184043 95.6074328866224
113.847218437694 66.0249674574702 86.9922754099466 76.2493804105974 86.8711681226861 71.945317804566 50.8389082003144 64.8650745918788 40.8574979166615 73.8700677744376 51.4724584597433 30.1912433346161 62.2855925957199 46.6507787073271 37.4132689563476 35.2843990029588 24.9021295918642 11.0426184738947 0 26.3117849261505 38.039604678728 49.5700853438846 74.2801234853578 99.4693028727959 102.801301134762 86.904012508054 47.9610895415065 43.3508384578661 48.683558333384 94.3753735727706 59.6858670280495 52.7527663112561 62.5855747369951 49.0484587525439 54.0281957129793 79.108282619205 50.7970224028929 25.9508353437804 62.4101511082933 42.522794886978 32.2209304336482 46.3398162275165 57.6070873157114 133.968527865354 109.762415826411 102.547508390014 117.342414309746 134.325026288514 125.784544050531 97.5424621607026 127.822986314825 118.783531136307 132.942450443792 124.316609678675 112.641014008397 123.466754403767 114.761721815246 95.6570623582493 85.1984002097457 112.898868413284 106.838074857047 102.545309570940 85.3192585459819 102.734549904071 67.9032940732627 81.765313042879 104.111798245924 108.232657968840 92.3973562933486 59.3098176720347 59.0682824195862 62.9637167343225 121.16000488119 90.7548691696484 72.787526625446 108.759314535584 97.5387329154936 90.6269541929442 120.611581455721 113.178321873051 103.518150862542 117.460518979613 106.218958029205 111.099103551739 62.3648161786756 81.0924027329318 59.3776829309632 77.6134559274357 68.2323799793031 67.31326600001 60.1293062491162 74.8974835758852 87.2003593782159 75.4696603249279 93.6842892591922 99.7974155426883 92.7483490866684 95.2568602566765 101.743891305572 97.532514139696
129.709392158008 83.6789986732633 95.2510138686198 91.7674135246276 107.061180345632 92.4436677333824 62.4258204030992 86.6970394108703 64.445771954489 95.025146119330 73.3767758782709 49.3350346760798 80.7638568358396 61.237522173909 47.6228443711629 30.6121258817482 47.1154440370671 35.3250582499166 26.3117849261505 0 42.1711199962636 37.1151323451769 77.3391556005107 110.865121593764 113.964201611734 95.9354185689519 44.711335062693 27.5023482815559 27.0679388576227 111.023324589926 69.0728314222748 48.2917274477731 76.6352005122972 57.3918361964487 52.1417126492792 97.5493235330722 71.4312379495134 47.7032289917569 82.2314528180063 62.4635106362106 54.8169330719076 32.2015472609625 41.9627586438261 141.157164453704 109.660720275083 105.00339169284 116.362708246414 135.010167449011 124.246769334257 91.3513649638149 125.048803396274 111.078152894302 131.029829550374 117.907672150713 100.485277301901 119.132500825761 104.895301200769 85.3117436863765 69.6497911289043 101.603604114224 93.3638269329187 86.9975442239607 65.2372347959055 87.3363603756883 52.7080191432006 82.0395132420957 113.554418962892 116.815654143612 99.4100774368474 53.397697501765 42.5351528738290 41.9298433696097 126.184872550595 88.7633790704252 62.9059370031955 106.610967349753 89.666382083588 77.9747539969829 121.907720831168 109.05943965563 94.347056371675 115.282183949472 100.725340615011 102.635138164276 45.7460993419111 61.6341667989436 66.223206055355 88.9461766407078 82.6355294654787 79.5175961889449 72.247308115943 88.4584040213252 98.5907019961315 76.2576862510265 98.6216521054073 101.709286955518 94.9680634355703 94.1758084922025 104.441149294710 104.605060927328
130.541532005478 77.54520491443 115.378465932049 104.340346811385 104.855305658499 92.1906070678881 82.8322505577549 73.0754354204144 50.8574736279223 75.4404260486421 51.838355974914 26.012008330485 53.4745983077244 27.3654053057375 72.3633612650322 66.9880422862341 59.295148419425 47.0647016108045 38.039604678728 42.1711199962636 0 36.3154299025682 101.470828721416 105.044446656675 121.096410189339 105.469556809649 63.2393243152269 56.4612811872639 47.1610263027223 101.663466625142 51.3100904314372 34.4164241192917 52.3479650628351 28.5210029283075 22.1094950493770 94.4554408228807 68.7295414047712 49.4486017608112 69.928907113627 56.1356296409678 48.1777244551386 39.4206162370832 36.2040533697920 146.659916508890 113.855990600786 126.494141496431 134.477223119294 142.603973497275 134.724170999188 114.824356986757 127.623498966923 117.805814641640 129.087129747556 119.702846938522 106.970848230066 114.75489340677 103.765862184286 110.916151272016 100.259257928257 121.264403907871 112.307611779149 105.837627421241 88.4190029963329 90.8079686956342 57.5194655404715 107.030029307918 109.048410621619 125.744105420809 109.566723566057 72.1390506074458 69.0665529236497 61.2004084776952 124.423072544679 83.1933364379356 59.3176271946002 99.6552421731111 85.5083118634256 73.2565079214913 128.007662750494 118.346976613881 108.203590959720 117.994929969495 108.539322371297 112.986502396576 54.2170351702996 66.0676998402129 67.0954069576803 91.4975772279573 78.582414808484 75.324033390456 57.3580825270504 75.815267548237 94.4805097737416 80.5797133877622 104.605889078844 104.934944717463 96.9027444502432 90.9496904342271 100.211213293595 103.423010127557
128.797140205053 81.2618705024687 105.649116560433 103.482405915209 110.882821419731 98.7480272461177 79.3629283103893 86.3754030381914 69.5189119895443 90.5276073140122 72.5334656864678 52.8395240392076 72.0629310949811 52.9626137855752 70.2892484310367 58.8635226434844 69.3136234503002 58.7857159296372 49.5700853438846 37.1151323451769 36.3154299025682 0 87.0770150269289 98.52014118443 112.584739614212 94.6683572319706 43.4813575511207 33.007149195288 19.9496584682545 103.623809184955 50.7314710381041 16.7557682631982 61.8824902905499 39.7109339477177 27.1425091139342 97.966779967293 76.5839837955692 59.0086663740166 79.5343314497582 64.9662906898647 61.8923894546817 7.42057497772241 22.6108229394686 132.292906698016 91.5126363878235 109.037780342412 111.680264861076 120.508145555435 110.349834005312 88.5844672414532 102.474043977195 87.741216682982 105.610819620908 91.4066726284247 73.6897220800839 89.7790546062945 73.6019051723527 81.6570974674584 70.0414383511647 88.9892592732404 78.4490534076734 70.8004915378417 53.3573329591735 56.7749277649219 21.7114294554734 89.2039520424964 99.5196353942276 113.694576079952 96.0204483482555 47.7749674776446 39.2154771104471 27.3552765659571 108.484804099975 61.0523285796701 28.7907266884669 77.5732385378489 57.4293800676971 42.8253649475401 106.862808723381 91.526273195187 77.028045340642 93.5136914615181 80.5024449604482 82.1653165940471 17.9201930793170 34.0294943541628 55.9104896888768 84.2506931366146 77.1145456852337 71.1100826177842 58.2803515174711 75.8520740059229 88.0105996360097 60.4512461390169 88.4118678741717 85.166927313365 77.8520923155088 69.0516224585636 82.5779982380295 90.4581174478554
76.3895713497595 64.5566982145153 23.025393503695 41.3697290781557 72.0527204344152 63.4870566414919 30.8186968900374 82.0410746346609 80.9237372555791 94.2698779356375 91.1660104868585 91.3848729620499 98.7671728561672 100.231399017474 41.6846176304881 52.6771377924048 62.5083657473942 69.6586637035193 74.2801234853578 77.3391556005107 101.470828721416 87.0770150269289 0 75.0071095363633 52.955415945869 37.7680958084995 43.8409663804118 60.4542105564203 83.0138281312216 81.0540209860066 80.7995298222087 88.2982101386546 90.9016108710951 92.8604734049962 103.986442967341 65.3657216923366 61.6502005998358 62.9885458987585 75.8508335218539 65.6025542490535 70.6885275685524 80.9854979672287 106.763159301325 79.458072179043 71.3554171275734 29.5518302986465 51.5031621460275 81.4876925677123 72.797455965164 40.6970011631336 91.8145617352716 88.1140821311214 102.904338805514 98.2934726876612 96.2420981516924 105.279152741652 105.62219771904 49.5329751277873 57.1769786111508 71.0913921371638 75.1506660446865 79.511644442811 80.5607610635358 105.275084958560 87.5023902016396 10.8941258483643 75.5763939004766 52.5978095171272 39.6572705187838 43.5173280394144 60.3560591573042 82.6009479969812 84.4324629796502 83.4468779583754 88.7059064733009 96.357569823289 96.0540980477147 105.206029305786 72.7764894540125 71.1869218536663 69.2503433276688 83.0954692601227 72.876044194303 78.2642852711248 84.9035405033265 106.695364435387 52.7357134895319 48.6015459219149 59.3039101058269 59.0944202089174 75.7643306774369 76.0888147956058 65.244765045864 54.7119638009823 51.1168695931196 64.2168706026695 62.8869896043888 79.667220605215 79.3804513151695 66.3012618055645
