0 0.174155772531561 0.505500953931741 0.645809778739434 0.003015334656373 0.445806298839426 0.243053338699368 0.353532142325488 0.252777502447943 0.173919982042368 0.428986690252679 0.361090095767696 0.202440999119513 0.168809998922573 0.143410404787017 0.0682556134996897 0.0131536077108369 0.0525524505664699 0.463480190264271 0.379702061179255 0.151093766119881 0.101044403635583 0.105937580324647 0.111744994260001 0.181087162927913 0.219872851085780 0.466334328633443 0.086899032269503 0.153725262330906 0.266553663043615 0.199290493083872 0.102951040415273 0.0894168327401936 0.146086511636819 0.0840230671569087 0.236912276752254 0.210454072570914 0.0748185990827296 0.335931239208674 0.0234711434531991 0.347982109606069 0.0885655425706049 0.203549576776093 0.447424085363172 0.25741141898199 0.221909925168708 0.288309423745295 0.0420450210859636 0.129086327268202 0.0152866829284715 0.32483885339061 0.229224728332530 0.143968277084080 0.222589172897335 0.387921825359118 0.392566276315137 0.175231816241954 0.0573774517060883 0.0555085756693524 0.235459207164899 0.177732754169481 0.419805206166616 0.305885739056260 0.00585217728985526 0.0144122593694823 0.0685267857441324 0.208941251839158 0.260271549471105 0.138471528057313 0.372544219177207 0.0165223438213933 0.127423897250466 0.0772667761999504 0.141251285466278 0.145114923568967 0.00644436113018216 0.000795156819501193 0.0423145223621436 0.211012149424339 0.236328381055979 0.0865725269232293 0.261365249815968 0.081978088846847 0.145830503813955 0.0088705388762568 0.198219383610009 0.256761985847615 0.257357707580213 0.0514376763918668 0.130796133497376 0.066134547760403 0.0414936004275709 0.0460884972912131 0.0561401340477645 0.143586946618885 0.08140169460012 0.112788505118445 0.107129212292166 0.0989301257184405 0.0104656276201998
0.174155772531561 0 0.0176244064053153 0.0287616191914488 0.341228183608616 0.0661899673861988 0.0852065265635093 0.44053482042769 0.408304745316235 0.0488130180663261 0.127703985320724 0.040304471858683 0.204552639231587 0.408965821988184 0.0610315188758755 0.0982645610570793 0.398972895822959 0.437170738249987 0.0874238607415763 0.222176943632764 0.309855167251909 0.297489956380673 0.296053600537803 0.00619046214813923 0.176717024559089 0.308644724199917 0.238663206697016 0.152176070565470 0.303617481272913 0.347210432282644 0.168772039807356 0.251055208747227 0.199474017922839 0.482667900620178 0.143943220419733 0.770670472356787 0.59460967546878 0.534111657033374 0.279717662495081 0.342573999431245 0.382167551712891 0.137051757381298 0.324609613060642 0.281495711452830 0.571572534803221 0.0285580110758128 0.253066471900025 0.105595894493245 0.0527634048986104 0.0935842614608134 0.382157802209540 0.292027500090916 0.0358069174092351 0.129358531486069 0.122453858705823 0.194923743539404 0.0314008524157481 0.0596877810067039 0.169472257780499 0.342943985521048 0.629224061458931 0.112625475793085 0.117162195339503 0.399930291980766 0.205146976947245 0.282941873435738 0.0593730544157855 0.00367261286675512 0.176177831355456 0.228526063959444 0.182318931390663 0.324270819755377 0.217207022234353 0.0329992710374256 0.151374723534905 0.00420566765158939 0.113399118560252 0.327914201257585 0.576285133666406 0.571277892154106 0.205068525818259 0.31693379055555 0.272127393257281 0.202383643839056 0.198904931347527 0.0313851821806071 0.0984885899724947 0.00471001132453125 0.228815025144524 0.233553211376892 0.2525937991936 0.162720697884121 0.0375821959747159 0.0595901809703534 0.0743337357531773 0.150969416964767 0.0132318038039065 0.106123396970232 0.147271764486608 0.140050798177993
0.505500953931741 0.0176244064053153 0 0.622831996139394 0.0114880472822569 0.54038657843358 0.556023536755752 0.0621527517602736 0.0469279864604011 0.287572840552981 0.53090900853895 0.602525259404628 0.131054309385281 0.169916170883929 0.219017497285012 0.0890961724893667 0.148827060981074 0.155754173936543 0.584045976955986 0.556639391581224 0.019948120849676 0.0134804941824994 0.451390822906233 0.142004428480358 0.220634227781014 0.0392016955306444 0.227078750814456 0.000482006024037893 0.0945420883608831 0.279153028108257 0.280755844259295 0.066124174192643 0.00848695287416562 0.0375238298486782 0.036425295705543 0.133868614106336 0.0646652184600229 0.0492853748485531 0.190868709729124 0.0514273356261741 0.0629197026632672 0.169578684105605 0.213904100610574 0.0855836997819717 0.0882079120180679 0.354736458553316 0.174934345590968 0.172527908669678 0.045551941151416 0.237395542138959 0.0116369716961 0.0344277342401781 0.373261013046283 0.357614543936225 0.325707046235548 0.232884529409439 0.120631299996369 0.258869983325396 0.115277397249734 0.129075683919337 0.0549266896968578 0.21490660371286 0.291980547292929 0.175043954221774 0.0462313070248802 0.249430364856731 0.0807174849112256 0.126545052798475 0.0803153594353074 0.151588565871267 0.0087997679753245 0.127911411811639 0.0616824164661709 0.0113000897473011 0.0423194027423704 0.0263572659551038 0.0493066062899319 0.123653713015448 0.0626511729127745 0.0763504484382613 0.019130662448126 0.182933382536408 0.050267767567141 0.074878069233464 0.0375642672890784 0.188393001880413 0.384399232497114 0.33012156482986 0.295792636664879 0.129966499078308 0.236573133611380 0.0326063367359712 0.0650146480097327 0.149094346647421 0.110153294281198 0.197206138577419 0.158861661776209 0.134966456656260 0.114511802836585 0.168852884380307
0.645809778739434 0.0287616191914488 0.622831996139394 0 0.105208925458912 0.493997350747831 0.464912821437355 0.295411266094133 0.163413551189353 0.101775864936514 0.456732034012346 0.421834179373129 0.262457832996392 0.325150764975333 0.125705708359159 0.0759093974502711 0.0500422206900293 0.254037802040943 0.559782097391745 0.439694854401035 0.050935103167649 0.0614782419928926 0.0477048996376582 0.212157449400249 0.00307936469763246 0.30326422366644 0.233240580732372 0.0297634047563734 0.0696045192613588 0.272249797921977 0.231127599447379 0.0634222984698407 0.149128953241165 0.0184252138140638 0.034554482905636 0.0398471081099677 0.128127702277289 0.0761456669511357 0.215072594020708 0.0422933342683591 0.206751857238979 0.0464491823415035 0.0336643488046346 0.349913056472999 0.0703622669195914 0.348844725548923 0.336056206429283 0.159444487533737 0.154155174464587 0.0349726882940176 0.196142691910666 0.178157050461231 0.0085082989490959 0.155394536333781 0.343244734389905 0.409715670002786 0.264905726710780 0.0600648627890829 0.164486529059177 0.112470019909744 0.0231578791345607 0.335211909029060 0.378972902840749 0.185340361577993 0.0529381319916528 0.0321738011654496 0.0176355640026326 0.0783345920742734 0.301929560927777 0.186755175942773 0.0817965725050612 0.0545160479874228 0.123866868249777 0.0117490611468871 0.0576095098516862 0.0346412813268844 0.00165329702452338 0.0778540430640117 0.0769956296013644 0.0781196906274372 0.0107394333281595 0.227091156969514 0.0220735077893768 0.0918320818280583 0.068869022428557 0.188336127959884 0.206756682595349 0.215679436658408 0.142099619837812 0.140321178238677 0.139685333405335 0.0420759538603019 0.0234272627250204 0.115682443811178 0.216474427445673 0.114997352935966 0.0809919759795288 0.0861716880913341 0.0211284646302038 0.0294337112893277
0.003015334656373 0.341228183608616 0.0114880472822569 0.105208925458912 0 0.466596511953827 0.246513180526931 0.0606289636695533 0.14346149027975 0.2975825967475 0.0446000538999498 0.339011524678201 0.0358742578081912 0.439537190328661 0.183458220028090 0.115338697647409 0.35230238898006 0.214289717097975 0.0350576271180844 0.0350972547940316 0.263648685566154 0.215371884911304 0.201350959909666 0.0999221604181985 0.336574124584218 0.262469654008013 0.00122877923155269 0.272585438104724 0.258191147842030 0.50019203787812 0.260232840523210 0.277878491885076 0.0894724531089679 0.338491681345362 0.140366396112420 0.468670093549571 0.191802734909344 0.102060810875072 0.189988549571452 0.0284877975703098 0.0555578670486202 0.323706758540267 0.0988329192149629 0.309736946843905 0.13974448266759 0.0943318493971019 0.361219544298033 0.473754816122006 0.327387973339107 0.185848939591188 0.198764076028148 0.120973454613469 0.267215532917923 0.143980428040538 0.0364925569184245 0.106888926508692 0.0712635911072493 0.0172785206348086 0.254750687042810 0.0446728290374942 0.200731396000389 0.125728840865292 0.166045465904317 0.318629118402868 0.220982527330590 0.0419938308389077 0.0184411315889175 0.0775460031920547 0.0543495120159317 0.107296967435280 0.123251945590124 0.219704669923346 0.284564974471528 0.0664275814524566 0.172557108155326 0.0506488074642463 0.114974302722108 0.162070742651854 0.180091301788734 0.160358310317582 0.0795887887690791 0.0195340880041755 0.0216490303644132 0.0703538617863035 0.292407560064300 0.0900064488072351 0.305189148031594 0.276595423757666 0.264015952356422 0.244555626081288 0.308838525528287 0.298585354230815 0.153513980318229 0.188123120427092 0.233210459100878 0.0368238052151605 0.0767343888335966 0.202878124240998 0.105921243735236 0.194524138305938
0.445806298839426 0.0661899673861988 0.54038657843358 0.493997350747831 0.466596511953827 0 0.445513862450869 0.210778117997218 0.0125481925219195 0.417039956100665 0.430183174404792 0.61959271104749 0.0558076079240116 0.279113101516355 0.00920554458468876 0.00835593210030015 0.0268131989213369 0.200463592490422 0.475188267089155 0.46551734712692 0.105338320080908 0.0624105507649668 0.176354824002562 0.0908421020404092 0.383248050406076 0.069356193376436 0.273253508444229 0.165937336670579 0.000509059644201938 0.397235088024726 0.311805315326177 0.128741788402814 0.129853963558044 0.0673582039990698 0.0300138490223493 0.0328666149345379 0.0966088568264896 0.0787127461317376 0.118568254624526 0.0931107854589078 0.172335541563902 0.135813961156201 0.206868433242497 0.040482053048508 0.102120415549834 0.272425665558526 0.00175228587001535 0.483701666078077 0.467138481708687 0.31760124078777 0.0192943901393900 0.00446110357541245 0.335771818190032 0.362034935648637 0.350841660644651 0.237132163998208 0.0962355967097072 0.287845618750848 0.0698920452582585 0.180511064798057 0.00251017179217567 0.232682453124828 0.175066658459134 0.202301266688054 0.134882466494958 0.0499433700888357 0.0661705549903402 0.293282115172702 0.121197490516222 0.110633242053187 0.0451949586056797 0.00215724741875507 0.186222537121348 0.134238356872097 0.0940000119072825 0.0113916658266152 0.0670552771692586 0.0784464048633911 0.0127961323804768 0.0678236985863166 0.0443670198802304 0.126396232565566 0.0622544952134226 0.0426358301377570 0.159870485563107 0.0982529157930463 0.484591287661432 0.37268235886615 0.188508206271995 0.149586801379696 0.207983814966007 0.0672087670625303 0.0255542161819673 0.247116101566755 0.25869364455691 0.139219759211685 0.293174343076891 0.190082862355755 0.0105814222622499 0.203878623680142
0.243053338699368 0.0852065265635093 0.556023536755752 0.464912821437355 0.246513180526931 0.445513862450869 0 0.202598092910712 0.142913523767764 0.351049330486942 0.235431989964035 0.363231062846854 0.0549669377379865 0.318793384869292 0.483354775683616 0.507524163031538 0.209521843363439 0.318505353315564 0.299967194202647 0.596283865344527 0.278120918514112 0.139015186261630 0.335143941450738 0.189458751837056 0.119498690952268 0.0436132892400556 0.133955920019593 0.201420073537031 0.21155211376913 0.195481840300132 0.395876809850542 0.218860758710906 0.12584730454284 0.301990319127001 0.0878314918022651 0.0349437360917497 0.205468127226449 0.303390714502286 0.0150518441912285 0.239649240734404 0.161978755175899 0.14797930850001 0.197285956675403 0.00345070575184273 0.0174243978901765 0.159045546869007 0.0395593151895534 0.379807656434375 0.275026203606140 0.380197822648166 0.098995195675539 0.100258819030907 0.257888237339321 0.145951253102498 0.0222183991698683 0.0619172202506401 0.114709956565365 0.323317455036645 0.150024123191408 0.0706903904895053 0.127264372560491 0.0429587899760841 0.26908326030585 0.395795130386453 0.270998527269603 0.165332607821360 0.0169859666415056 0.0857643784987858 0.100223087733793 0.0517253213632177 0.268098630193246 0.207985581075292 0.198924799006910 0.0785492465304995 0.238157299307766 0.0961745430925648 0.137927279090730 0.280220873655663 0.0864860953295467 0.0118075837669102 0.147479112612487 0.147857853074267 0.0542096046304816 0.161250539810053 0.268965446359441 0.205848851940063 0.377495234716606 0.185764134423121 0.344449377492764 0.143079088494729 0.354759017205621 0.161239002612211 0.0903483454115904 0.122983969074144 0.093996330950908 0.09386366685913 0.0628337820203675 0.128635568310872 0.171154862527927 0.149625028348138
0.353532142325488 0.44053482042769 0.0621527517602736 0.295411266094133 0.0606289636695533 0.210778117997218 0.202598092910712 0 0.616236971337864 0.135999187294364 0.105930789667531 0.0699320033408718 0.0625805698745912 0.0892120095445874 0.249288907291512 0.417011861790088 0.145634972510743 0.408220455338587 0.0261679483145543 0.106120112026567 0.315168679907541 0.168270688446142 0.444700085792505 0.0562070535181504 0.0214925169337464 0.367948211223887 0.103216355482584 0.198040740528995 0.353805535088531 0.0671252609582313 0.196343256187975 0.0131409527232323 0.291308710165094 0.282234905049989 0.165646362236984 0.225850384441796 0.532485535870006 0.415206308645176 0.480365571138955 0.25910344414913 0.714048604378861 0.0934895049311156 0.0642086423758375 0.140478513166041 0.316448844958960 0.0653204807313048 0.0485755451079939 0.0276344899320878 0.0151442679209275 0.253366152944854 0.292727674366566 0.492487017463751 0.146915835569153 0.0758210363328365 0.261008747773120 0.236155415292450 0.00784691948955427 0.183485063819740 0.179168102707135 0.338157706629031 0.433911491143627 0.0270643332421091 0.0247055337797339 0.138316592206675 0.216326991666787 0.306820517725673 0.087315007876025 0.0260847156149814 0.339048245143876 0.047066899094440 0.314606912826580 0.367264520041459 0.0552137598968758 0.0496153814457651 0.088877061228621 0.0574394769130654 0.053336445812704 0.0626702324220225 0.320406913487905 0.341994787085032 0.375679243847126 0.24042921462138 0.148676694397669 0.447290012141309 0.260030308559777 0.0889571252364197 0.07458647387992 0.118634767225773 0.150279546312119 0.0823987122704296 0.163509136544093 0.0505806576098142 0.00273303777404373 0.146771433832158 0.0523035428031107 0.0617797348711683 0.0494558886056448 0.0576699047950149 0.113431360540461 0.0716357245157615
0.252777502447943 0.408304745316235 0.0469279864604011 0.163413551189353 0.14346149027975 0.0125481925219195 0.142913523767764 0.616236971337864 0 0.0378464722579724 0.135379688959782 0.0507361692532598 0.0290219633850631 0.199755340914317 0.250337077882678 0.266125965515096 0.137302885054941 0.289462905715133 0.0548479064881972 0.125772391774593 0.310740327609409 0.356115749423287 0.328127571678686 0.0737252367536244 0.0865247550935513 0.231123032525469 0.0102528311660608 0.293211559011619 0.484245575773712 0.018399933237961 0.195425995781 0.186559391551544 0.374171026376801 0.382014199070249 0.068350711456939 0.214212609134878 0.379362421969702 0.281945746870168 0.412913558891277 0.121262593719670 0.46573302662608 0.283068459590487 0.0195753251382303 0.0438422875330612 0.282694440703072 0.142074628139679 0.0886440050948067 0.0113302862312943 0.0581150981764517 0.342360033073479 0.448394038939334 0.580281130703241 0.147233444690883 0.343184745496498 0.0091836039436718 0.148164258011460 0.108339992930258 0.242265018833581 0.180694446890897 0.192543429028337 0.380860410635478 0.22474838428971 0.152889219934655 0.271811593159343 0.316993400382118 0.247287182386462 0.0884400819480445 0.00260662985957408 0.219113331888458 0.00293066540639307 0.343770933719225 0.51699872208108 0.0150734342821918 0.220621957633611 0.202277948677972 0.123557462103101 0.219994041692933 0.235536005182648 0.201655638176409 0.395110221554235 0.333930500300916 0.41571499810982 0.190034794691351 0.482457702764027 0.362000306198298 0.200815620340216 0.278402015718132 0.148052013498197 0.113868003348383 0.100390298807443 0.105691349168958 0.100387761149846 0.0833012353079374 0.35316395103844 0.213014964475584 0.0503285950489538 0.10628766651035 0.0734145873119632 0.0743616240612329 0.108418926559260
0.173919982042368 0.0488130180663261 0.287572840552981 0.101775864936514 0.2975825967475 0.417039956100665 0.351049330486942 0.135999187294364 0.0378464722579724 0 0.380781335321464 0.430546265382898 0.0248664719169568 0.135039768232435 0.0271514088393390 0.177236382766029 0.0997354096703268 0.142692951948556 0.311236004917943 0.384412105626958 0.203628350135536 0.00509871192779332 0.22856933947894 0.0477096339481783 0.315556981489103 0.107790921534289 0.173699403786821 0.107070719278704 0.0810930117179705 0.180388458471121 0.363273228038633 0.0986853137698557 0.106905141536950 0.00645723150676925 0.101801040127177 0.0455624116140246 0.0924476658611456 0.0299919940007839 0.0304177106222675 0.0317266093314326 0.00776186704285207 0.0321640508834977 0.24354930708766 0.0165528585924365 0.176080851052949 0.104447839667703 0.0860222738449582 0.360041365861494 0.352584233489908 0.0304080104237381 0.235291807958069 0.0989004387977414 0.295433494006673 0.320986191639513 0.0759279621364224 0.335601970593862 0.245225580462577 0.0789794671569021 0.152231478133244 0.106030340138200 0.117232513370811 0.0176169416613862 0.0566917974064252 0.235176572655869 0.205265117350367 0.0627620986479211 0.278417315369994 0.198372937391761 0.117055494528714 0.154655764361475 0.0775624724944077 0.0761148433431202 0.202676211395263 0.00653559050148973 0.16765429919826 0.024056006076822 0.0257223509485505 0.0101983511516721 0.0577443258495346 0.203731496576440 0.0443624415826779 0.314045621161331 0.140139320277238 0.0150611744138958 0.205081406915737 0.0119224156996436 0.258300772162744 0.175830241364492 0.182692743398755 0.0922909219915004 0.32875274635156 0.0339486746983737 0.0592822325590245 0.132664489936147 0.0556456954927248 0.0105833639664018 0.107365433583215 0.177987931316421 0.0478982979270877 0.143101545072006
0.428986690252679 0.127703985320724 0.53090900853895 0.456732034012346 0.0446000538999498 0.430183174404792 0.235431989964035 0.105930789667531 0.135379688959782 0.380781335321464 0 0.581574901841418 0.46745225790411 0.145967461210438 0.207755057488929 0.178953694552154 0.34031764001807 0.0516550648871212 0.552249803489278 0.390339608183443 0.0326808759453957 0.0959542842341196 0.122168139372154 0.0444033162148208 0.150871872546933 0.225817993192614 0.451125294703548 0.0444165900667577 0.0170476314283766 0.210192681682242 0.314405692101674 0.137049507721741 0.161349386102320 0.0563757785330808 0.057405432070529 0.267880084789974 0.125021579981135 0.24120629005291 0.110463799886420 0.0575401561301042 0.178784120020737 0.0586698420700111 0.172806857018009 0.349714382604417 0.306476687793405 0.479112457882195 0.334473453132603 0.0290191545879813 0.0603842441560052 0.190530399456991 0.126742479894024 0.126346489806458 0.121804071542606 0.56578780761444 0.497543718919572 0.483946872815494 0.223225385290559 0.193883869315922 0.0821743225236452 0.219942923972312 0.187324749584164 0.374153085789719 0.364860945049568 0.197919137885693 0.171098868998331 0.162010747472892 0.333785919902396 0.321688351601666 0.0500246147371606 0.370517710283847 0.0432675375746849 0.0734988739800954 0.0930107427139242 0.257076928595901 0.176924948190393 0.231280756265203 0.225555966195636 0.119908966899719 0.181077780469101 0.180008195863093 0.0176098187098284 0.218481298304947 0.0804045587265854 0.0664751959282553 0.0268476875016136 0.358406462880192 0.335356401686597 0.236826450257329 0.157835489584895 0.225522312404946 0.269473837359640 0.0302867545996984 0.0856738101726306 0.242364050936045 0.110960955098581 0.0905736166767979 0.112021907261121 0.0729210827132441 0.168954099522810 0.160543002777977
0.361090095767696 0.040304471858683 0.602525259404628 0.421834179373129 0.339011524678201 0.61959271104749 0.363231062846854 0.0699320033408718 0.0507361692532598 0.430546265382898 0.581574901841418 0 0.0568285698661266 0.108154075202752 0.0164956689020326 0.0742381672223937 0.00539560399315924 0.22885861015735 0.505904036278988 0.279675425154711 0.0746604690135028 0.0712841220744601 0.383208580391576 0.149008653724432 0.296677173796962 0.0341695499549928 0.157181853517780 0.164284829216428 0.0498991876308235 0.348147110047772 0.271940268900769 0.0410032821588986 0.0460460253507479 0.0440847766872071 0.0482023253342615 0.0934804059688222 0.0433624415290858 0.0222876920904422 0.186988233396228 0.119477803803090 0.087137842992974 0.0121071422396088 0.105843081603372 0.0601840758557518 0.125141501769389 0.266029451513901 0.0871776797350686 0.212806663561441 0.117843117285736 0.136842987391711 0.0613542335434056 0.0361861742867402 0.433121681118849 0.544572759752733 0.229058872938782 0.331587508178941 0.0248622560473229 0.0747918816823725 0.160111966927806 0.301205346271894 0.0663349581500748 0.234346374318428 0.0349665325583287 0.185129392243543 0.0351405868106336 0.300819579517872 0.317756661260268 0.252082770958207 0.152680424264465 0.154468148168871 0.126973725668805 0.0439793927353234 0.0972814131648312 0.245133425679793 0.0766082580027554 0.213161426303705 0.0193160780931634 0.0853100613529203 0.0697238388551542 0.0651182020292537 0.0465024227992804 0.180147169199232 0.0340056789412932 0.0180693927700843 0.0110555450084446 0.192513000800061 0.431010184318265 0.342412340903459 0.212267534898557 0.118282065676033 0.165542435412427 0.0823845249185864 0.0173672787813558 0.167471361056459 0.160680156562781 0.151043265109459 0.144204904303155 0.223638472690317 0.0285898411158725 0.206194590471486
0.202440999119513 0.204552639231587 0.131054309385281 0.262457832996392 0.0358742578081912 0.0558076079240116 0.0549669377379865 0.0625805698745912 0.0290219633850631 0.0248664719169568 0.46745225790411 0.0568285698661266 0 0.407028681799144 0.0750991926323373 0.195214317312092 0.181717115438616 0.198342732388654 0.0281961106744479 0.0725753014260953 0.0813295312510497 0.261716192342788 0.172561283284467 0.00692081155006973 0.0953212862655564 0.125256938742076 0.412563480937521 0.232420606721906 0.0886762680393911 0.198427847045410 0.400372676346689 0.310352975484816 0.334956332144108 0.193045066589927 0.199273968995273 0.0256650671359791 0.000856797230664753 0.118460918577787 0.119739971513454 0.0255242311441783 0.0166728102638363 0.240930796870831 0.0629651211170904 0.312548535924672 0.0331547865749658 0.303440885318258 0.351476819675409 0.143320619655539 0.142116135404513 0.000539444773530702 0.0497830270911057 0.109149592219320 0.220675694780492 0.247281824883414 0.333545651038589 0.336485349188314 0.331119808587874 0.0762032328669842 0.244806697030410 0.105378907831166 0.083558675644287 0.308510643837767 0.407320180821898 0.241748476367184 0.174028208414699 0.0116121380793107 0.0554069911112273 0.135444095192922 0.100096577448752 0.410746291770181 0.162353358414848 0.164797244042171 0.0448594390797387 0.238462453950260 0.243656310256180 0.335060701188167 0.28269212450167 0.143333280072631 0.103399800381600 0.0357813793411274 0.112334437430092 0.0588354973702491 0.161045235724965 0.027536671598816 0.0255153083274271 0.257115819445433 0.0408302588068698 0.00497976301680769 0.0197141622462994 0.211829052144473 0.203053266998373 0.177291278947596 0.0334193631802477 0.237623957640031 0.189744452007597 0.160818613246106 0.0470991740318736 0.063543215355414 0.158515517218795 0.150358311352823
0.168809998922573 0.408965821988184 0.169916170883929 0.325150764975333 0.439537190328661 0.279113101516355 0.318793384869292 0.0892120095445874 0.199755340914317 0.135039768232435 0.145967461210438 0.108154075202752 0.407028681799144 0 0.00272552727948119 0.0978817464452064 0.336027549596953 0.177675141860512 0.0124903425127739 0.190874307009457 0.219391310040522 0.115056007046059 0.0423350393983714 0.00168137597125394 0.0560181684487203 0.0461678081763036 0.162671612473010 0.214897559745842 0.153260633831073 0.381861805994575 0.415946608595653 0.217087082971526 0.207132845601408 0.414104170073499 0.0950439007606057 0.22716107237858 0.0939719748695435 0.109481161764245 0.190950456369946 0.0764328291574685 0.0124253561168201 0.187773843868476 0.104679563653679 0.154152704618161 0.196155745712036 0.137232040272853 0.121916276157309 0.250341232886170 0.163418335300592 0.177028233754665 0.0482710730358396 0.0627477552744931 0.139123241278879 0.0933647435001596 0.201697032824955 0.0723962044131615 0.464604603399624 0.0598086076356535 0.125426970641529 0.169815632437828 0.137526902083281 0.159249282110381 0.170303941608209 0.40900811880512 0.135001436494438 0.0543345284095341 0.0127610466855217 0.073933671108611 0.110232411810298 0.138148574847047 0.156135365873624 0.20177163493129 0.361808639281197 0.111522744261892 0.136044956891397 0.014727309159596 0.120882252444760 0.174318505394688 0.104425446065927 0.0657975765022302 0.0770373148027539 0.0237951221683553 0.0832406982790236 0.0163075949348765 0.133105405748911 0.104839300296627 0.284308843625144 0.108816370241333 0.210082140189780 0.168280178038316 0.401908646037593 0.281512783528597 0.100038985740721 0.275113357350300 0.339819001644385 0.0668474305413284 0.153422485578214 0.232160628042959 0.143278309761437 0.350189154542733
0.143410404787017 0.0610315188758755 0.219017497285012 0.125705708359159 0.183458220028090 0.00920554458468876 0.483354775683616 0.249288907291512 0.250337077882678 0.0271514088393390 0.207755057488929 0.0164956689020326 0.0750991926323373 0.00272552727948119 0 0.361095131610156 0.133295059809068 0.0603675586801734 0.104570089269344 0.399402591402483 0.190246419262629 0.258333781021912 0.104107681380029 0.1619704442424 0.0375859174430907 0.0594995199898177 0.304040261633105 0.124939361296529 0.323471664877151 0.0406993786987416 0.332214398385477 0.272853705140251 0.282946566742903 0.175817675986149 0.199929653248607 0.227333060888816 0.209794943352386 0.103777120217900 0.00145746110710046 0.284557878312675 0.303618456624545 0.196064305637390 0.307262483463487 0.226570411138257 0.150825236846194 0.125430034159063 0.252038464591611 0.106307719649491 0.0584474945272274 0.331829183727454 0.150116394831205 0.236482344401034 0.102041789844195 0.0515444201848894 0.0237410514734915 0.197850937956516 0.265129269755723 0.394602526782613 0.234163136882325 0.0332494048842476 0.0946784476920508 0.123082839497544 0.405528004212019 0.318334628041429 0.422493617795710 0.180475135352183 0.164722767608942 0.00865872120868613 0.085011336955877 0.223379857431266 0.269693719594515 0.337417612733178 0.00530048009121284 0.187930865280057 0.425635317277922 0.283124839711725 0.386779395679351 0.263862189567898 0.0973530799004876 0.103639769530906 0.296701572569926 0.0484696580820948 0.17881907272709 0.34987155370093 0.379224419680445 0.38272762758659 0.284119208268612 0.101599000468115 0.0582935424647071 0.0296552198064625 0.0601459348700369 0.0540283729671046 0.169786885292920 0.323936358989952 0.0749090811151247 0.159850632018306 0.0423788629304553 0.236602969669529 0.104681155583140 0.0568391221947454
0.0682556134996897 0.0982645610570793 0.0890961724893667 0.0759093974502711 0.115338697647409 0.00835593210030015 0.507524163031538 0.417011861790088 0.266125965515096 0.177236382766029 0.178953694552154 0.0742381672223937 0.195214317312092 0.0978817464452064 0.361095131610156 0 0.291795658448992 0.428649069901898 0.130427727300716 0.517776592621724 0.556826155671365 0.0374126573276438 0.143713517200703 0.119015300337541 0.0613018164663616 0.082723970858421 0.0184012547536720 0.298158072017813 0.285519439333685 0.178103900721187 0.151216807730744 0.0209555002142700 0.205498816069598 0.199454955686951 0.0490052833798484 0.0394029074167301 0.297101338833955 0.606616395950955 0.0667922953143448 0.24954866136765 0.395741738444545 0.189756990044812 0.0237334495933869 0.0714854715381209 0.0431624970086696 0.0219281339803755 0.0700144283013064 0.121353661327697 0.0588609543052854 0.0472248578854274 0.229086357734678 0.0828651120962385 0.104998317560022 0.140606382996114 0.257179431872289 0.100902914005404 0.0173826615006495 0.0969339649138485 0.363462124585268 0.241248352650236 0.298125372102630 0.188638537278835 0.291785673974915 0.315454218087156 0.157965986994004 0.143767336285551 0.0057436324761863 0.0112308297913916 0.120730019961698 0.0831186712573178 0.443014931852294 0.228792958952297 0.262633861980651 0.161417956933541 0.117344114188308 0.0600723212514212 0.0524587492305311 0.0430880997361703 0.0809711649163524 0.0382082286643204 0.420137420753716 0.0496253503977768 0.000129642500455711 0.313683118012784 0.263043956496634 0.115197953247322 0.0444072746382626 0.0487461783441779 0.157082649708843 0.0925324684484909 0.006774669166298 0.21652165866455 0.0135069471325435 0.00962612339993186 0.0375763025122685 0.0561381240874117 0.108882195918339 0.0317892663947868 0.116756320313883 0.0699916768296885
0.0131536077108369 0.398972895822959 0.148827060981074 0.0500422206900293 0.35230238898006 0.0268131989213369 0.209521843363439 0.145634972510743 0.137302885054941 0.0997354096703268 0.34031764001807 0.00539560399315924 0.181717115438616 0.336027549596953 0.133295059809068 0.291795658448992 0 0.538333757837179 0.118141714312502 0.170239062651884 0.187969316773973 0.0717929533029517 0.041608499496763 0.0854406993683318 0.167722287569596 0.179709450649764 0.222417604858899 0.0770484477190276 0.168366336540516 0.205230390035585 0.0116960897760273 0.133727978295669 0.155122078942762 0.281352253383751 0.171940690750761 0.548131354401805 0.314004019827299 0.481978070220678 0.00641757630535695 0.096592758784336 0.0901133281895552 0.0641143784731491 0.170587745738177 0.232782510834681 0.346131818035181 0.198050585411979 0.295775176745210 0.110988800145997 0.116706312366062 0.125232435865978 0.000527684021187998 0.170265818376590 0.0325740686649935 0.261625441688385 0.391842314625771 0.118834219727370 0.095021131825912 0.191560490961147 0.0225323414939545 0.435206352947787 0.419237097523813 0.0410125702897614 0.233100370859108 0.173277068607246 0.0091273867403499 0.153100573570955 0.00830260197686277 0.0718914874168808 0.250350666290743 0.171138084363641 0.105515547267696 0.168648391364841 0.277841345482012 0.0472557445148944 0.0105712194578484 0.078785538231904 0.0116752548243300 0.0688365855446774 0.386378357965980 0.325022104312971 0.130474576460711 0.117463902977631 0.0227099019290739 0.0599147718284521 0.104002446955008 0.0299756890231410 0.0908697382317615 0.0932005582914698 0.113517338343388 0.150912103251963 0.140711835551375 0.0534006296811592 0.182871194862884 0.00379215349161806 0.217047632490026 0.118784325822434 0.086363421122973 0.0257199581362501 0.285714834392351 0.139261001763753
0.0525524505664699 0.437170738249987 0.155754173936543 0.254037802040943 0.214289717097975 0.200463592490422 0.318505353315564 0.408220455338587 0.289462905715133 0.142692951948556 0.0516550648871212 0.22885861015735 0.198342732388654 0.177675141860512 0.0603675586801734 0.428649069901898 0.538333757837179 0 0.484961832378652 0.149533311768150 0.412546520434595 0.0747363127722175 0.317941427184927 0.0161970494902050 0.175942097472591 0.164819373193980 0.346767679480787 0.0448639352593460 0.0972467213231888 0.084900815192572 0.125799542546202 0.125551761866643 0.0246679180259853 0.201413721925661 0.166099185565122 0.469668062645983 0.592151676044547 0.553259935685084 0.116318372421580 0.272043767842366 0.358562938824301 0.13418824730966 0.169747535377851 0.153969835474583 0.312695151844024 0.068254644447281 0.235855512136232 0.241790968689501 0.255291695648107 0.0133429758891999 0.105834199228207 0.0282289657726386 0.0482193437123331 0.0341102297453594 0.157196582808161 0.0406744958708174 0.110037974420873 0.0613293390992836 0.0987082815152212 0.455253164612466 0.639861204304596 0.27490686182764 0.168588712392905 0.211880591021384 0.0538428377584791 0.197034098005494 0.0823091517305107 0.0398167269527187 0.195207991941183 0.306094854378209 0.0948520892530767 0.0292135653181 0.207120068871880 0.122660568940854 0.176959835991527 0.160911407623949 0.0588877150071901 0.0402717133717975 0.542219918461397 0.372021361971878 0.366242558224850 0.165208817596313 0.0267988303709956 0.212771992404867 0.0235188921436452 0.222401484568608 0.164248616448665 0.123287935526262 0.19780749571824 0.102002877092167 0.146624172297522 0.100486252550132 0.0346576287816312 0.0387639077475061 0.109513135610836 0.0337253297416785 0.0610081667069867 0.0909922250090192 0.107221688069049 0.0648222429893292
0.463480190264271 0.0874238607415763 0.584045976955986 0.559782097391745 0.0350576271180844 0.475188267089155 0.299967194202647 0.0261679483145543 0.0548479064881972 0.311236004917943 0.552249803489278 0.505904036278988 0.0281961106744479 0.0124903425127739 0.104570089269344 0.130427727300716 0.118141714312502 0.484961832378652 0 0.504340209815164 0.198424804865223 0.177709864307001 0.230134979383057 0.0577912587366703 0.147304810248262 0.109258723866146 0.043073938335419 0.0754973419273833 0.119246911619470 0.117364155826541 0.154743496064103 0.169149924921550 0.0391201245187723 0.146770630104561 0.140465251595549 0.154400649822579 0.111999094471003 0.0404791145815593 0.131078820125179 0.0823017993539917 0.0486786811697446 0.237757558960075 0.198593046385868 0.170329278289225 0.176096624822614 0.315333412605907 0.120502201210335 0.184503138895793 0.233106329309591 0.143532441723697 0.175185020252815 0.00672710599744328 0.131412408647758 0.252402245110023 0.318192225520603 0.298417812231645 0.0641811343734187 0.0985089869589607 0.0469956755583532 0.0500454736486334 0.142789240531901 0.360245547871207 0.129642876756929 0.164816452337384 0.0743127752633921 0.100252047366450 0.144733985692941 0.12618094042783 0.0405434555579654 0.0420729642704953 0.0710951877193977 0.191669686719751 0.0630447019427421 0.0191835441462356 0.149300439967836 0.0186850683778736 0.0468897061116635 0.106702438281843 0.132073785485061 0.0229806442685241 0.242850957204878 0.143615564666652 0.0460155291719425 0.175855728819893 0.0862073672274991 0.0207889078245206 0.290790616515883 0.235000520451923 0.117203131626200 0.026535565110395 0.0955059088178272 0.0852361416245988 0.196180346021679 0.100490033264904 0.0595003109284315 0.0296540348540554 0.0758110720042568 0.00620278931626708 0.229662582165335 0.0503842212624283
0.379702061179255 0.222176943632764 0.556639391581224 0.439694854401035 0.0350972547940316 0.46551734712692 0.596283865344527 0.106120112026567 0.125772391774593 0.384412105626958 0.390339608183443 0.279675425154711 0.0725753014260953 0.190874307009457 0.399402591402483 0.517776592621724 0.170239062651884 0.149533311768150 0.504340209815164 0 0.404906654765407 0.0777253801721747 0.230981199152829 0.115950869221790 0.0291320060588092 0.101246958872749 0.362415188501903 0.4252378377872 0.306006409433075 0.0189998315653791 0.306689385351588 0.146774245211806 0.287556749282342 0.152286216966844 0.0241700238163362 0.361959283287526 0.09567305938744 0.0442634167089948 0.0158582986757182 0.0656724007211836 0.0876433118544903 0.224088743451844 0.407277978507556 0.371793868550965 0.244944750490185 0.369417280827485 0.418416092987594 0.177810381710120 0.156788390456686 0.222522338559670 0.196432212760048 0.135972187382229 0.0282546831741486 0.160634755624202 0.204398450044712 0.117788460133507 0.263292003573897 0.284792630710172 0.231395131437314 0.0547697968193407 0.0201161399297183 0.333212008706813 0.643462368364316 0.381297409341535 0.248280806162123 0.0843194341954687 0.111612410859355 0.0548565289237855 0.0557364157552319 0.36158161969776 0.438417100706246 0.217197747028803 0.124223559336955 0.054508425620457 0.216345490310349 0.00648213789888691 0.105823915957246 0.139405814343257 0.0949512618885702 0.143304613810830 0.174674414903787 0.182532353803923 0.0243184630456394 0.234353365273113 0.232879999599958 0.167237993080798 0.336193481141991 0.119912685431324 0.0496999250164929 0.00371822584139273 0.139018848835315 0.126362886602915 0.0816537031951803 0.243589873389024 0.145967514156932 0.0230523999783252 0.118194594959801 0.116761500763040 0.114166919838184 0.0548581242007208
0.151093766119881 0.309855167251909 0.019948120849676 0.050935103167649 0.263648685566154 0.105338320080908 0.278120918514112 0.315168679907541 0.310740327609409 0.203628350135536 0.0326808759453957 0.0746604690135028 0.0813295312510497 0.219391310040522 0.190246419262629 0.556826155671365 0.187969316773973 0.412546520434595 0.198424804865223 0.404906654765407 0 0.338003976523251 0.210902506278193 0.0639216326778711 0.0794316670267242 0.256461432987628 0.0137499177683693 0.533740611139597 0.608727639100083 0.00109106406658330 0.281975760926528 0.283454780132683 0.275533058798751 0.454403804742795 0.224926024948322 0.323684004892488 0.354404193864504 0.39917869531332 0.227356525901339 0.143972671435322 0.314776729550966 0.424631550195593 0.153289667932679 0.0539013031115343 0.169129870768252 0.0703076093878424 0.0564268783224162 0.114739059738785 0.0107619286940642 0.00754559062092047 0.0725887707079815 0.212070279395468 0.150653319373204 0.0529029154594853 0.197214066329042 0.0507069659515109 0.0489195365082762 0.0170255027311024 0.186724757144287 0.239107538189872 0.406878717310689 0.219730485101739 0.293587537713704 0.693341520749603 0.425821266305527 0.172925219396168 0.0490243069161627 0.00800279200671118 0.173437300654589 0.0354436487475520 0.523235741468078 0.459709665027809 0.204566681794315 0.0430804617296616 0.272647786355522 0.090258057583326 0.170033293314560 0.210432493082754 0.209489976543678 0.236239938922327 0.323111692768852 0.112211804710485 0.0514062375488827 0.251585554359717 0.452250419936248 0.0182821417695008 0.135852761880269 0.0613523525930844 0.194123027487193 0.0178963252733642 0.0899814171368699 0.0112441093527537 0.172363473481687 0.117612307383307 0.0604338902512866 0.0957788245716003 0.169508841131631 0.00105055577174562 0.0847415916744842 0.0479105400368563
0.101044403635583 0.297489956380673 0.0134804941824994 0.0614782419928926 0.215371884911304 0.0624105507649668 0.139015186261630 0.168270688446142 0.356115749423287 0.00509871192779332 0.0959542842341196 0.0712841220744601 0.261716192342788 0.115056007046059 0.258333781021912 0.0374126573276438 0.0717929533029517 0.0747363127722175 0.177709864307001 0.0777253801721747 0.338003976523251 0 0.310609689107695 0.100307020663765 0.443719235980566 0.448556815470647 0.343415367678896 0.419146912134279 0.721960024333221 0.157235675216835 0.254986997394277 0.892644667335079 0.233333476161775 0.623726720797332 0.6568325587652 0.28059126472529 0.0295310964416423 0.00327576931534754 0.300942832380312 0.188703427657585 0.00546140033074046 0.634412568415715 0.305392963054087 0.0291929704933213 0.195710260519772 0.134563514481464 0.0586696695311642 0.0236203951821372 0.0223594182206394 0.321469367381928 0.139114090664504 0.31808221542486 0.0100591232684037 0.19122700738359 0.0699130844775815 0.0095073862974639 0.134758965466733 0.272676636524584 0.213867037005802 0.160271728302779 0.229564802243257 0.079973073219937 0.334954378209574 0.491991878315947 0.795706326057 0.280787602050222 0.0548893908965336 0.247843318256355 0.289497659417027 0.157450409598360 0.41577236580661 0.74375930332998 0.274851253951322 0.253014683447497 0.741340158896502 0.00456515761097887 0.583378606508555 0.620061489870604 0.190505613639496 0.236973000233523 0.0939952166551767 0.11314565526658 0.079474175316744 0.0202334026050947 0.71042233014637 0.547182156331356 0.462562996712708 0.297003606277692 0.22983847503506 0.492455299011786 0.350141252781857 0.278407867086883 0.242996449226878 0.397411707089057 0.180401220059024 0.110731300580601 0.0513332191951669 0.218071740638576 0.178927816466322 0.307872389213587
