0 0.315566139570271 0.608303589039846 0.628625665500278 0.405373444638741 0.357833306940982 0.157175212917235 0.246234055923643 0.263955399936394 0.247775216463140 0.432718066748107 0.355077966909105 0.512368948608665 0.392195579294179 0.300240591400946 0.229065333705693 0.435209459051524 0.499089908885989 0.502598555296457 0.606128475760771 0.228418720470944 0.302981538385487 0.133396236153192 0.0548780089014375 0.54612041045205 0.318337973867571 0.447953192121562 0.417138435489984 0.112075565950719 0.377127746685897 0.22018342750135 0.178326088311076 0.140120262657370 0.177088982279932 0.00098027462149437 0.416879305438028 0.22478045943968 0.280016124010692 0.170568387426529 0.0981991824458033 0.0787938570753047 0.368611482644308 0.256229423546615 0.626236166213027 0.0643881067865612 0.339758772533923 0.486023052026049 0.0309875674243523 0.0312993251397526 0.0678347913360771 0.170302976894713 0.0293594376669582 0.098243754651246 0.0716727350782631 0.0576501749681451 0.00934606377729244 0.0583886094762402 0.120089956772206 0.384413741265805 0.122209204985077 0.241256020239015 0.364541356948488 0.428368262820984 0.0243993539361520 0.27739659743116 0.0051644012696954 0.0882272911238532 0.426458845135843 0.229239630008955 0.377229260029821 0.184911982679926 0.0614005945222357 0.116256515443988 0.115191288817765 0.185313261496054 0.051300618957087 0.121012796862656 0.0192872663102244 0.176944610967253 0.0360383765921662 0.118476480698860 0.202091598306456 0.0839399919220881 0.0433427133569369 0.324333453055302 0.298301486414153 0.229329772668824 0.347434932345128 0.294103457221889 0.323081721234838 0.133836645576654 0.171323580635884 0.261671187150076 0.182716399262227 0.240609467960254 0.202470226211206 0.174399470862551 0.128135057418361 0.343586416588490 0.212633011498355
0.315566139570271 0 0.440188131856911 0.254500871368858 0.0509427383191219 0.338359246014139 0.493623398115088 0.588736464481292 0.580867803895368 0.566380388379148 0.477130961106599 0.442776404216423 0.365240140480705 0.439494897230873 0.437850276219893 0.436564421493141 0.173387112606034 0.192407137055194 0.0960582636458175 0.455633877732292 0.427136655612479 0.36775573705626 0.348180097421267 0.203046087115341 0.46136755868072 0.523996401477096 0.420463849842384 0.370939053845725 0.316648273686273 0.321962019025258 0.519447151320657 0.450442709213885 0.488401617923399 0.442676111999967 0.324971805963482 0.440382336549844 0.610022286856859 0.407740438841174 0.701736231590528 0.471402444812666 0.444476656928034 0.13368528839859 0.435879880377247 0.520449572872157 0.634090276902783 0.491795964427703 0.364621792243218 0.402262723195129 0.389372829997161 0.477295255319675 0.461759880389185 0.494512584441095 0.328887996417561 0.460702797760243 0.509589155763703 0.394748495963993 0.0424345414377264 0.428370244534132 0.390670719734766 0.170867759760079 0.314686475145263 0.0687521702585012 0.468571538210865 0.433221668477822 0.308975221640216 0.114610031901103 0.208190445186735 0.483026873245272 0.438295592275328 0.391132080865943 0.245020986370786 0.314770584860537 0.370916058918268 0.404947142047711 0.463355466965212 0.273366304514745 0.195229622681867 0.385981394361922 0.566885155683526 0.444051709090251 0.309344277180351 0.422500970932825 0.49118321161019 0.536001856565633 0.194473231306257 0.475023667813173 0.455187588466618 0.26507684122116 0.560491612383233 0.474515448288285 0.359423623473581 0.386021625494259 0.397863768343799 0.501724327158519 0.208006953130417 0.48534035665626 0.343156047345736 0.374032741065818 0.517206524576486 0.349287547512532
0.608303589039846 0.440188131856911 0 0.64152335283158 0.293013955783983 0.329115930663367 0.440496104155702 0.167690907363694 0.307922247684222 0.236017998070592 0.304448054269951 0.316008731186671 0.594762673425335 0.408375267340459 0.505608646770439 0.528106197428711 0.254694994596364 0.469372898753851 0.517956072189975 0.693908800363655 0.263927478415457 0.214640342502182 0.260522890223699 0.139487064975658 0.536341837617382 0.299412339013121 0.476908045565662 0.591363420262583 0.226540775922569 0.288119625745169 0.485699952214986 0.321071813005409 0.39959215067487 0.451284840241825 0.134196689612060 0.418188162526249 0.341737724459878 0.41697350188626 0.269475592552091 0.27509894193953 0.245341160899102 0.244297243621704 0.312404911089527 0.611918507605787 0.232228496172397 0.607124971924666 0.483536987527446 0.210363687918915 0.214791901961608 0.341793265956839 0.252221351805209 0.0447055924446959 0.214770088604559 0.240535380104032 0.176959398595996 0.276858788667764 0.121633369805095 0.330844210487600 0.374406103829197 0.0912805479694252 0.199441143995285 0.304823013516310 0.494825551480347 0.115514214894043 0.192137609050999 0.115551868723275 0.0816430492502245 0.504901581005596 0.250638733560702 0.434638945636884 0.441133827767129 0.147232825827478 0.366553770074749 0.305697694973852 0.279938175055428 0.135264534464575 0.26190508670863 0.0900179667867344 0.265544295997487 0.215813287032781 0.0151746900261316 0.192242074959316 0.323477817230758 0.187576675423750 0.188306100765084 0.272720126482159 0.405938219311578 0.433099028473881 0.415807758443421 0.3049878289964 0.260551587962533 0.378542814609811 0.434507668045587 0.329664030925411 0.356624821795952 0.331677061804191 0.212602943802010 0.295415450233879 0.279480037182950 0.431128802267169
0.628625665500278 0.254500871368858 0.64152335283158 0 0.494899177204379 0.562175155249391 0.367829011211380 0.248999825931420 0.324543294975034 0.109113546692053 0.353295447041066 0.364094831408176 0.367282733759384 0.366157146368200 0.484962926221343 0.44684237974383 0.547324161068216 0.70194540697981 0.667282592227887 0.752519996881061 0.223081099227459 0.267420938904488 0.0681949021326735 0.178338061971433 0.413958255053111 0.160678988784658 0.395060968377244 0.358199083567471 0.104436940152975 0.244405884247603 0.200157178187105 0.184091985704162 0.0372756704065461 0.131300973236245 0.0084026501571263 0.439986918181736 0.236359913846322 0.36790564251008 0.195873746691356 0.2716352794642 0.0907187287043699 0.244295550814746 0.197047467580326 0.565967651306899 0.140919040438212 0.314616793028681 0.564184998390237 0.257479742685110 0.276556853305935 0.241572631561261 0.305727934219252 0.128482062796784 0.233269786038160 0.281112332152953 0.104686127518958 0.140808389388668 0.0381850810411237 0.172458585117628 0.333420766515048 0.106846539659882 0.267847497740682 0.427109301688936 0.453638325571778 0.0152406560962158 0.269882771672617 0.0289092296676465 0.0763574425047798 0.348889358355854 0.131799596755049 0.371655070810163 0.199052057085082 0.0972969049284184 0.117991421312834 0.0499884563520629 0.192775792572731 0.0774953909673294 0.0453633592178557 0.0535600945524871 0.286664701043053 0.234506197881949 0.000917858221340887 0.158733849597613 0.266910625759119 0.123434387689593 0.29572840386905 0.260661540649048 0.089788092470106 0.237552926707498 0.384309843150994 0.265072486092373 0.0533743385435006 0.138797984513819 0.13646741142551 0.0121792079509335 0.0556308914982645 0.208168231996988 0.105388411358770 0.0916514726061656 0.262054252341696 0.0518581836307712
0.405373444638741 0.0509427383191219 0.293013955783983 0.494899177204379 0 0.584439156653496 0.153483320441969 0.186786379846831 0.207085662036835 0.153866864168314 0.244767814397805 0.289906150458708 0.0205736660346273 0.318941257377085 0.214491645049304 0.152057751294767 0.616914328091977 0.577224910589053 0.406162699465456 0.454797024625244 0.112415230853026 0.0634165369303305 0.24687627734445 0.221921979645127 0.143545219946656 0.095148256487759 0.0992155151635262 0.0362332767678884 0.154356628037472 0.321645135569484 0.132617986971695 0.0439874645347673 0.0978630504502992 0.117491380545028 0.116643987904990 0.366964041348755 0.0537431874141572 0.306692283337309 0.158405945214645 0.164291002173156 0.0244318349756598 0.119825562751959 0.0429884782694904 0.244698927463796 0.113564762368189 0.172136999150031 0.3442665729289 0.274874475276612 0.286960621507642 0.217988828546774 0.179389938654927 0.0535916287040285 0.101686381073703 0.166426939954026 0.102186647919722 0.0967708401378377 0.190121449700692 0.198605260387414 0.206620566788741 0.437518360384936 0.322459168386188 0.240661951412861 0.31603649378572 0.249695990498262 0.131018235020357 0.0443417197177287 0.0611248171497654 0.102649451442627 0.138705527788111 0.0703910112877488 0.0760896764811346 0.219152997064005 0.118355453939327 0.0617249388514363 0.0360103335466431 0.171280959700601 0.00096826545230258 0.0409406722420356 0.120211500602157 0.177724424126988 0.0393893302969332 0.0861530349772218 0.103504204756974 0.0460420080058140 0.053911392882068 0.0657140303060361 0.00966154882308755 0.0950168583380856 0.266627357821455 0.169358220399620 0.032248896955405 0.0705863878350598 0.210665884893980 0.0696202098928313 0.0809879576369625 0.168480222606703 0.00449107138069732 0.049168797565166 0.0299774722687697 0.124074892794677
0.357833306940982 0.338359246014139 0.329115930663367 0.562175155249391 0.584439156653496 0 0.348888197414768 0.508728796698895 0.544439328699188 0.467285144806677 0.579511205040131 0.522759287532117 0.303870118688841 0.220924368382494 0.344103811101298 0.231866167176989 0.42740292686485 0.600002098465653 0.448667819897656 0.487227613704214 0.00907686801953821 0.0876909438520404 0.0663835062955627 0.107512248880658 0.172480863055634 0.097985698785514 0.0497498246342504 0.0237883138930147 0.0628957026156363 0.140848194458115 0.150288279220728 0.0281869979548249 0.119422282386388 0.0935998451964574 0.156330001388656 0.663397142727921 0.424948214830831 0.365889527716068 0.370237809890724 0.336931558518098 0.0289658805695472 0.0356296763260503 0.116377325236590 0.457324203353344 0.359527076619455 0.237799850108170 0.211165949053000 0.627379394056723 0.653683749593695 0.320200475674504 0.670785776369834 0.508496733902035 0.600616641027988 0.695421376138634 0.258132945682484 0.42006449356687 0.0590931203837333 0.119178974068450 0.120281447562228 0.100390763152422 0.0693544799806742 0.126509697977962 0.256138555179115 0.111663431743602 0.0933952336144131 0.0656436210549672 0.0155215973859657 0.107058831563650 0.139329861642940 0.0220079583305303 0.0634855804756439 0.0703821804681179 0.0160114160699781 0.0203669550133441 0.135706913661664 0.033894234369191 0.0175459316220008 0.00327031547269955 0.503108879935173 0.58883563730518 0.146172333744625 0.278564889099723 0.345446455923807 0.375049491915175 0.123131433930231 0.0830259910287664 0.102761450079732 0.0735700425913042 0.211741408544900 0.112144973451163 0.188965375997269 0.0857271615234328 0.150751289224750 0.126106285387037 0.152357583346636 0.146566781439505 0.0705721052452944 0.0665968262529294 0.275070284897514 0.0529585932403785
0.157175212917235 0.493623398115088 0.440496104155702 0.367829011211380 0.153483320441969 0.348888197414768 0 0.598720315463577 0.564623102992348 0.469227108628758 0.269060098923478 0.444463708572622 0.287905285093068 0.355822194012089 0.858971085255034 0.723703334603448 0.407620606428897 0.386635002476537 0.218400569658518 0.494406677179634 0.451052227677551 0.278987796352294 0.441554959896302 0.092020164264455 0.133334506098221 0.354626602781516 0.437384789258392 0.339366715638193 0.184229828589607 0.16985394763582 0.493231502471569 0.481610796783811 0.258918421426109 0.463507808181504 0.273578209488465 0.200650263541221 0.668384938244777 0.664240826076631 0.517016559504928 0.587509831900749 0.581640406023991 0.0103945206667517 0.434183780150338 0.527127776324457 0.541893671281884 0.426196122523231 0.370434676469297 0.307733292680059 0.284934455525482 0.780174879403413 0.41118730305243 0.484197975142737 0.423866655863318 0.441334731223740 0.428973479215011 0.398071857499015 0.16307879556913 0.711778982896177 0.451259298671612 0.387336777725907 0.231001059310157 0.0234697991228028 0.45579068687413 0.357497577985323 0.253223221910414 0.478629765426639 0.137151804689395 0.134765358232318 0.329849684631914 0.465913753004023 0.45066467821998 0.235900430924609 0.335216131455449 0.361651105444329 0.484759348668216 0.144880626455674 0.276894709836122 0.385524300690709 0.404126842852745 0.475039876472946 0.283742017355404 0.292347053830414 0.603108640778702 0.655277261254045 0.206954227111291 0.453296079345585 0.316160735489966 0.336691353519614 0.533347536384401 0.249663748798636 0.380574288024689 0.325916167463531 0.36003108970464 0.338297600807746 0.201115393741120 0.507567480759632 0.154328043932861 0.513622127008175 0.311880708984702 0.340173675032275
0.246234055923643 0.588736464481292 0.167690907363694 0.248999825931420 0.186786379846831 0.508728796698895 0.598720315463577 0 0.715782655500984 0.652008987403659 0.489490835370572 0.437824795658034 0.233421486756566 0.347400739838103 0.445196297805383 0.326207652140691 0.349844987524136 0.278075975085241 0.0495586869217401 0.403479086969229 0.215711678837494 0.197189034669647 0.409878298585177 0.0844009559473716 0.220300499551239 0.388603923430160 0.338842279255441 0.143935797734749 0.0509000200852995 0.195549510029023 0.379718834550898 0.320705588803171 0.183066459281267 0.191381398628388 0.0670957414706992 0.246008983177424 0.649897007132443 0.42585262380355 0.7110526610369 0.422468637591710 0.404972856055577 0.0521661718220934 0.233023470948888 0.536773522573391 0.70704154544731 0.46707575535026 0.368527830860557 0.457459961329526 0.465838680235049 0.658149304446458 0.635210166549811 0.736883671315993 0.466837695153904 0.6074434281292 0.541536046373088 0.456838483812548 0.0748303385955337 0.479382069878167 0.422391169809145 0.313795605515478 0.289541058780082 0.00483438284304872 0.391096406034665 0.209576829029922 0.219289066683806 0.420648095738122 0.190487039895655 0.158188031990192 0.334749405220249 0.335626757947709 0.285338712587203 0.194250824108165 0.192037654074392 0.3194221768987 0.383458145457535 0.252730998554221 0.176435225286661 0.288131540875714 0.630915546768814 0.647532227660104 0.430842918435655 0.507535280410739 0.592725492603326 0.728442473982022 0.108960089553287 0.324284497811124 0.236038863079710 0.166479525170831 0.452884680304799 0.338504667724309 0.174390320448223 0.170217606295247 0.227401299390864 0.342926413628026 0.157148108627779 0.569416960493676 0.184888427178675 0.352508862419162 0.493557462777158 0.244971181665803
0.263955399936394 0.580867803895368 0.307922247684222 0.324543294975034 0.207085662036835 0.544439328699188 0.564623102992348 0.715782655500984 0 0.772386145012652 0.770710530867585 0.594086111013107 0.467324507316901 0.325765607045589 0.486886279761342 0.483509653361974 0.359349803446295 0.37232219847208 0.161537743853397 0.465599551957642 0.411590131456846 0.309907392849708 0.253309955558540 0.0529101462443803 0.270823244831375 0.316919481395474 0.250666710032196 0.159647399235933 0.156057714322688 0.266679760034332 0.506517203728014 0.344438288403677 0.284000433796023 0.28797841411887 0.142321966197179 0.296400325556691 0.836963655492103 0.487373954007457 0.648318817635043 0.54945532142084 0.523526898260172 0.00975981833018566 0.345873411503166 0.448860815114894 0.72904312534075 0.425837898926538 0.257864947766740 0.549916760129132 0.565486722011262 0.610064298059581 0.7044241735659 0.690728481991017 0.594125447888896 0.732515135963077 0.623592855095246 0.533956847013286 0.0967829272683166 0.39813401483627 0.273751186545485 0.273364935501504 0.290449890647021 0.0706991286090848 0.355552714773366 0.309418430394512 0.281406662176188 0.373371376267469 0.114704060484226 0.227600226844771 0.347200762124256 0.206633160886609 0.293924526560292 0.0964742726490537 0.240847500353242 0.389104811964592 0.369858091143066 0.288729368245409 0.183847034052264 0.30845943230823 0.70088096266657 0.73522566307438 0.427874245771183 0.684295539560266 0.648858527554887 0.692306121503869 0.191228488446056 0.397031024233812 0.209210303629642 0.160373496377984 0.408406370616952 0.267025878039108 0.195125758966968 0.162984441011806 0.216765945407102 0.217212917667208 0.131719437682885 0.491348357197142 0.207138379177619 0.437166630912285 0.493781460759196 0.142829351305007
0.247775216463140 0.566380388379148 0.236017998070592 0.109113546692053 0.153866864168314 0.467285144806677 0.469227108628758 0.652008987403659 0.772386145012652 0 0.755224630594243 0.56819517343234 0.490068385888629 0.321465122657443 0.364953928262353 0.401728012744931 0.194255708843761 0.288433845444889 0.0830131268104766 0.346143275549542 0.366801202659044 0.271688151424089 0.385789832573731 0.153536396399443 0.262599664707251 0.270201469451885 0.214317938188883 0.146229189749943 0.161039715035287 0.332576043214638 0.517288345952592 0.372179045463999 0.396625337792836 0.345496202705218 0.187816461165449 0.321019643396145 0.743302242030955 0.416708643836946 0.483507391865976 0.430897114537302 0.460926058224997 0.0221188572293707 0.428049479188785 0.445575548739822 0.633834828579041 0.502643391589266 0.246896632445364 0.467760583389355 0.450528857770544 0.530715201985176 0.550987359503677 0.581452429208922 0.555829958820743 0.653363111106434 0.612465314172411 0.53108575552784 0.00235721947123946 0.410451294493086 0.276262044861850 0.238737792843489 0.227109870592437 0.0961846024474962 0.386897675379891 0.351322262618994 0.243301846444350 0.314800316250942 0.102804695894791 0.215723359194222 0.270187500642661 0.170437960732563 0.269979338209194 0.092480380628493 0.319985069162113 0.383234262378679 0.4305180553635 0.379377306126901 0.251742704294190 0.345084722794082 0.560908403761047 0.562963622681726 0.339800456158774 0.446642601065855 0.441720049887616 0.548708701897376 0.166472175391448 0.389464602443811 0.193066684450227 0.134914177639468 0.289542633404149 0.207125620260140 0.120916582642658 0.138975964726325 0.208168242415064 0.244336438324544 0.147435611974315 0.414780879373546 0.142223269845059 0.34898220364317 0.537362749447334 0.295086581935693
0.432718066748107 0.477130961106599 0.304448054269951 0.353295447041066 0.244767814397805 0.579511205040131 0.269060098923478 0.489490835370572 0.770710530867585 0.755224630594243 0 0.650601505587462 0.551922946351119 0.340375620975560 0.32135611743779 0.282499271000601 0.280160588255298 0.393730866669965 0.351799951301882 0.442444085647546 0.344712618605901 0.340899277906178 0.133240981462446 0.132316246358865 0.33653922749905 0.156342513895195 0.226835156217224 0.167940755040192 0.123482927877707 0.328991602344778 0.349736355679762 0.235265821883696 0.167054316577736 0.171587198583941 0.0452356731560184 0.43972224865262 0.657018493037773 0.291855771379095 0.464373670772917 0.40491338892788 0.272738781584414 0.251608206576312 0.339935051856083 0.409079689546372 0.414189950585825 0.345057397601847 0.278551420583711 0.420621279348406 0.431626522120973 0.289952610829278 0.528509332921032 0.413014539897406 0.475661434874014 0.571299800439969 0.426607856711075 0.358109340161665 0.0974357893849685 0.163422189645185 0.214803334639482 0.0864208329525882 0.156456907303448 0.0127183790460066 0.369742624733585 0.218421570560942 0.390509698234724 0.110611866743280 0.147330965936302 0.271890841727067 0.194067070385800 0.160755510917105 0.16125147602356 0.0337280996026377 0.138910147892729 0.227304135963617 0.288886415050229 0.167656029148024 0.0103980036704381 0.201850737973358 0.487415432850942 0.480795847228413 0.15896657385949 0.479710787992459 0.376753682713136 0.332033616445433 0.379353796249768 0.372648149812181 0.0876258780721997 0.0812364372305602 0.167651463508657 0.203676408538271 0.0212170115977118 0.00193736270408260 0.0827563265247815 0.0649606572835087 0.0934992036002538 0.227585127302669 0.100645194477423 0.118080593720979 0.400388646264332 0.020573697356853
0.355077966909105 0.442776404216423 0.316008731186671 0.364094831408176 0.289906150458708 0.522759287532117 0.444463708572622 0.437824795658034 0.594086111013107 0.56819517343234 0.650601505587462 0 0.399242097471146 0.328958679321473 0.51449023939968 0.467671617792975 0.394677226917213 0.534130256812272 0.360120596847864 0.457420284047018 0.463718912771773 0.276289219532051 0.164076898566312 0.0428652674376336 0.156808530993942 0.125500582298077 0.314312758749407 0.277329219600992 0.217999884814561 0.314249871568059 0.422911276207312 0.219527592998307 0.122026478072289 0.244598546711729 0.101246072839907 0.43650112615814 0.585321020644147 0.525154032900785 0.435358038218031 0.215537244773984 0.367585515798323 0.0777188304253724 0.434671157486604 0.4763885828569 0.391934960692532 0.368874077667717 0.293299302103743 0.346898609334719 0.310318465740392 0.453068762929298 0.360557409229704 0.292965462842958 0.361389931613352 0.395789863207493 0.464579052685437 0.260706897698342 0.0980506800894999 0.380711852458503 0.326568510301106 0.275931475482873 0.240837184664152 0.0541663763858524 0.388589251092405 0.380877531708036 0.181108402183926 0.1736284346796 0.0110003650713147 0.121386474513638 0.0623321426325809 0.127940130007921 0.365539382696819 0.101238783808157 0.162977075602910 0.154755087411349 0.191002558812964 0.0407924203971049 0.0106723504234362 0.207278969036481 0.409877337173343 0.38092953916561 0.171758998239483 0.254329650939454 0.383174805794487 0.349364971981192 0.20687967859819 0.36571909038845 0.16096259755057 0.209425934679852 0.34551958980548 0.298815549514178 0.113626049534770 0.0525749066367675 0.133218174742451 0.171614998593776 0.038646552827703 0.213178214975710 0.0607340604875165 0.189756494177695 0.278185284102945 0.0370094338193357
0.512368948608665 0.365240140480705 0.594762673425335 0.367282733759384 0.0205736660346273 0.303870118688841 0.287905285093068 0.233421486756566 0.467324507316901 0.490068385888629 0.551922946351119 0.399242097471146 0 0.439746900029732 0.343272751456791 0.303119549170806 0.0683769076525512 0.273767619838466 0.380921925271564 0.397960796337951 0.224172395352098 0.318257207630272 0.378198664983652 0.150032018997241 0.482078421500976 0.443402520393128 0.401917005441 0.441813531750449 0.255404536944074 0.227743859905117 0.453064791922895 0.293475883471508 0.474760021889841 0.454198026032885 0.113549365931036 0.331654955299704 0.560776145595199 0.293709771214882 0.220868509374247 0.328849182200753 0.400419943598256 0.455169340831061 0.264961633486532 0.403466393068263 0.238239858745110 0.415019019912881 0.107238688813717 0.0330578525862636 0.0760491863820047 0.231234768015980 0.336806363815338 0.249279583403347 0.417074595000832 0.370648221113396 0.304647690365554 0.499816032933983 0.230684572288778 0.231984029874633 0.251341744795678 0.0501957811470107 0.048980427454373 0.0864631132322882 0.150219842040894 0.130598898777247 0.357500916912277 0.400516769161886 0.219596445951193 0.389488400284761 0.403732341546583 0.374642673048974 0.361521479723784 0.176658275726118 0.246741468482839 0.461486241937485 0.283726896975884 0.45778298452589 0.325126319351987 0.165622424345009 0.280574508998892 0.226338133598677 0.027882397537496 0.368055691619451 0.291741409883831 0.245398373777874 0.325933107022926 0.265749754780330 0.30645192903807 0.373890567199129 0.302506824907710 0.193466105121104 0.198062284820011 0.285595646816591 0.383304142268511 0.235738639550429 0.285480604421547 0.311241495131863 0.304414159376912 0.35000583500577 0.396976457870944 0.325834200482196
0.392195579294179 0.439494897230873 0.408375267340459 0.366157146368200 0.318941257377085 0.220924368382494 0.355822194012089 0.347400739838103 0.325765607045589 0.321465122657443 0.340375620975560 0.328958679321473 0.439746900029732 0 0.398312691795322 0.311654165818629 0.307520955618993 0.299023673169910 0.242208099417122 0.496515074778612 0.315389422281882 0.164793249250949 0.142982264954416 0.145570948285171 0.365243051535007 0.415130390929401 0.516159989773055 0.318189849035843 0.123498811163123 0.368455296625032 0.443759359084841 0.256382737730783 0.436662050551495 0.385889322463628 0.0914259064080018 0.237911941114156 0.367001640376487 0.360945047861400 0.371813348073114 0.296325062970067 0.316337239122523 0.183945187402919 0.199565630079279 0.312499934925878 0.306561211046951 0.292601634837091 0.301206886345531 0.140976671515082 0.101928087173926 0.403540360342709 0.287983131263663 0.280789841201168 0.345005399682185 0.231519695216086 0.19863371946308 0.214716458461657 0.0912449638841238 0.471443646422932 0.400992091951295 0.386295444165027 0.387260054337883 0.203428732858370 0.33734776315132 0.108677426267073 0.180388245840248 0.221658009478157 0.129240284419797 0.279785248061481 0.295707377121235 0.429633053044127 0.173252703459779 0.0757281673915151 0.389891011843244 0.401371575870275 0.254697864927264 0.309018778210778 0.279810396261308 0.206322879176361 0.244569671371733 0.217982591343051 0.139526214285306 0.254910285804591 0.322005351358864 0.312810101130876 0.144970214284138 0.264451276986788 0.374079880830670 0.371088879485088 0.458038292538315 0.382132986142141 0.332004153582714 0.308848813391738 0.268500092059093 0.349442202782354 0.259297780252341 0.462591813633879 0.350623609571451 0.287115292665771 0.319643434255335 0.261499418902873
0.300240591400946 0.437850276219893 0.505608646770439 0.484962926221343 0.214491645049304 0.344103811101298 0.858971085255034 0.445196297805383 0.486886279761342 0.364953928262353 0.32135611743779 0.51449023939968 0.343272751456791 0.398312691795322 0 0.736326518047317 0.556853986766123 0.550372556460378 0.466655438711439 0.619487374821553 0.441803583128835 0.304915292727452 0.307609164707589 0.106929191632349 0.271777275201009 0.341363774664864 0.533336550279738 0.468418596753641 0.210566104980807 0.336587596837039 0.475418817332837 0.459283585214056 0.203364315455764 0.42719629947178 0.145899449636304 0.316364635856178 0.5544737273202 0.698917835382364 0.429103463442314 0.581766177358823 0.503486113897479 0.202657058985159 0.40003051506598 0.496448794695851 0.311093669848704 0.381561768526684 0.36125327731115 0.181375563785201 0.127573296878068 0.648095703885188 0.263257670061955 0.28147857208679 0.358674322744804 0.282010031969631 0.258430864947721 0.223169423259729 0.245773781704073 0.707645907472209 0.465522270315046 0.382338113448848 0.182213639449619 0.00553883969616113 0.411977199994865 0.248328114972766 0.260155211756324 0.407186629920056 0.124881388201397 0.217262535450071 0.324927089380216 0.500253207354375 0.503287504165385 0.209210683931245 0.358791302746605 0.274406904987607 0.41994140887036 0.0314383694942331 0.173174747252313 0.21405499735519 0.257509923569891 0.290339201177482 0.0900879768059205 0.124319604037797 0.418791397858551 0.440185420074865 0.297259018386388 0.369086366400417 0.356322362110111 0.394408776303828 0.519198070320271 0.255196503833166 0.365251668013946 0.355736829474739 0.325324174456492 0.276292036175889 0.156230330186107 0.347649574817599 0.0656263235101063 0.396273524410514 0.283234687686731 0.245046173646398
0.229065333705693 0.436564421493141 0.528106197428711 0.44684237974383 0.152057751294767 0.231866167176989 0.723703334603448 0.326207652140691 0.483509653361974 0.401728012744931 0.282499271000601 0.467671617792975 0.303119549170806 0.311654165818629 0.736326518047317 0 0.365808253351061 0.496130795597211 0.322927252948684 0.613542949820256 0.448179250829536 0.280177480597329 0.267922221252406 0.131893280892448 0.145304906679606 0.214913804451114 0.316540705745114 0.32615924272817 0.210115233047188 0.175654496220806 0.661806724711332 0.367028333541234 0.423104144055502 0.508550677290899 0.253239243069311 0.195066499775517 0.520848924717038 0.543687231441411 0.356552027867664 0.379205541767240 0.465768629949037 0.0239225668219539 0.365241861720578 0.483361928819461 0.434794069855189 0.423544994524077 0.453721949634698 0.281355296485098 0.267280554886414 0.608854397366011 0.232900299832612 0.224623118795602 0.294650177795796 0.286290964085171 0.436075439737434 0.284828196857840 0.288104693828454 0.599941624287142 0.523956921608776 0.36126517639225 0.403471707183674 0.094348508090062 0.590738546335832 0.363064291496353 0.199399150135229 0.183431505425444 0.16236203654969 0.172179813048909 0.190663572794133 0.262751330759176 0.348562601296276 0.176686656648572 0.285004080761952 0.304340545438554 0.313782854694625 0.122159341675904 0.146346629043668 0.294240468576604 0.321426616762224 0.320006578505735 0.0909124115697442 0.157630307140749 0.466071269221926 0.43650020151456 0.123200675743057 0.386306765058623 0.307663776380658 0.218153213540925 0.50318422751912 0.32516099948954 0.426118522377607 0.363071555517117 0.304945354012672 0.289249813940152 0.0530357139319886 0.336574842058310 0.200252999775223 0.431100439346707 0.248996118435515 0.197043749291546
0.435209459051524 0.173387112606034 0.254694994596364 0.547324161068216 0.616914328091977 0.42740292686485 0.407620606428897 0.349844987524136 0.359349803446295 0.194255708843761 0.280160588255298 0.394677226917213 0.0683769076525512 0.307520955618993 0.556853986766123 0.365808253351061 0 0.645697690268696 0.38495374724606 0.498325262510798 0.292887618324015 0.111677681934892 0.0564126313843975 0.171776580568657 0.158366958294927 0.108179339433284 0.166742770981130 0.118860642138539 0.101764719023328 0.365027432732713 0.172461948384988 0.0906679666941154 0.0548720356100399 0.0295770295293755 0.139893269199738 0.205550049230490 0.246215256406765 0.673323583191788 0.348511021609337 0.270299464256427 0.252533729225596 0.0833612012683554 0.119227025524831 0.255656367428228 0.169000238540715 0.0937415839852822 0.375483007812995 0.0901470197865974 0.0495669859036992 0.255175228536289 0.174754220831646 0.128701660326102 0.151610842404648 0.146624680873993 0.0516344057484411 0.0900780705193167 0.255953506462473 0.35345070168986 0.416126567457343 0.529723917682833 0.454408536597168 0.125624607876904 0.339156293332595 0.125607929333362 0.037978001745594 0.120758903785560 0.117963784839820 0.0249623518514056 0.0883252752021592 0.126506007066813 0.129737638422054 0.110261332824661 0.099263429894495 0.0375619271252756 0.110953259984350 0.0619608586407804 0.0638410872131758 0.00795759475468891 0.121417229253343 0.134434377524213 0.0571624702202364 0.154585883893743 0.171300230791199 0.161370100606329 0.102750308898240 0.1776846381536 0.0938359898309238 0.0908774425440792 0.361739922617012 0.216723771358945 0.146558655391533 0.103109694809554 0.00870781767600074 0.00333485328633118 0.0664743568286655 0.161884803846047 0.0297709493974306 0.188770119755208 0.154411019837788 0.0793170272249116
0.499089908885989 0.192407137055194 0.469372898753851 0.70194540697981 0.577224910589053 0.600002098465653 0.386635002476537 0.278075975085241 0.37232219847208 0.288433845444889 0.393730866669965 0.534130256812272 0.273767619838466 0.299023673169910 0.550372556460378 0.496130795597211 0.645697690268696 0 0.808355665179769 0.704146295668902 0.214231335150149 0.0023391848262782 0.0637994659851795 0.136707172706404 0.234771435160384 0.00257761241596162 0.226803648823541 0.12535701781976 0.0829869707215566 0.283448318398356 0.382661403148999 0.0144446783422889 0.0551634900977788 0.129042676611765 0.155806785937351 0.365805267568837 0.350869838234136 0.497546263016873 0.253866901964925 0.348942762842484 0.184711015263289 0.0615558734045233 0.158007014066231 0.502960441798198 0.149074610560791 0.329892162611452 0.491890120006494 0.248724446225372 0.263291345797776 0.353188832742617 0.256387222650733 0.0939078817036909 0.316238291380004 0.273365984470657 0.143214814897195 0.148349865954644 0.193136150029359 0.297741356515491 0.279146635412207 0.296349766266836 0.307897400386408 0.386986872173328 0.455363410571333 0.0418142769846256 0.00472597784226674 0.00313848152802739 0.0756420930700089 0.160261634753469 0.0329845128142101 0.202370365783321 0.116294243490946 0.115082942028789 0.216359269602440 0.111601270705921 0.0241932405912453 0.0351790427075704 0.0345340596107376 0.126658957449744 0.162322135109078 0.241620653386833 0.0955703910810482 0.0865924141569202 0.249409148005700 0.158351053704189 0.100101322635457 0.102628959960278 0.0301745144339176 0.0218016512716406 0.281271170908486 0.223048947885124 0.0404747017781517 0.0473129772796339 0.0668177654971177 0.0380417199764707 0.0901872840592254 0.16673312740615 0.018675932391165 0.102911182367638 0.193205038185363 0.0186743351492456
0.502598555296457 0.0960582636458175 0.517956072189975 0.667282592227887 0.406162699465456 0.448667819897656 0.218400569658518 0.0495586869217401 0.161537743853397 0.0830131268104766 0.351799951301882 0.360120596847864 0.380921925271564 0.242208099417122 0.466655438711439 0.322927252948684 0.38495374724606 0.808355665179769 0 0.646053529909773 0.0757096042718307 0.0308587544097617 0.125559404522541 0.0940203467431515 0.362442803476743 0.0145530042030563 0.30888092132661 0.220528148037260 0.0209554938576676 0.313046897430788 0.272130084102283 0.0278868362737512 0.047962460223831 0.163336316068480 0.203807279369449 0.415285876244324 0.195488696571771 0.25779704958523 0.105191939918188 0.336333104521335 0.0286920083323034 0.28059199763524 0.0754325228117979 0.446178111997879 0.0950438059462782 0.281549884462742 0.353337034845168 0.0516284849709881 0.0678361165218831 0.161789287187463 0.0940487017927446 0.130146181082503 0.216182012783893 0.106260564811005 0.0188390771746782 0.10780269713951 0.0167319727822516 0.132980391836683 0.105173068056079 0.0624175336293586 0.0228327108676021 0.404461656885237 0.288421161155593 0.100233331443451 0.0161837837661170 0.0624719264383415 0.00799274379524044 0.303207894093764 0.0158583401239537 0.319320862580428 0.127957132727049 0.084194012314614 0.294363126329969 0.0465619142744994 0.0147709140391827 0.111089904095066 0.0395074213374699 0.228362017765010 0.0179976562190946 0.0206428335183851 0.37466448373433 0.0661409877640078 0.0723165063660685 0.0991390806822955 0.193300822922271 0.0176988864807986 0.0386757426904761 0.0716638318368463 0.086965314398559 0.047063858337336 0.0348532844075216 0.000691066525411786 0.0171249709880444 0.0530862554512265 0.0129481143956965 0.0531857057715314 0.016215890111272 0.0418280624995316 0.152450037246524 0.0166936654924787
0.606128475760771 0.455633877732292 0.693908800363655 0.752519996881061 0.454797024625244 0.487227613704214 0.494406677179634 0.403479086969229 0.465599551957642 0.346143275549542 0.442444085647546 0.457420284047018 0.397960796337951 0.496515074778612 0.619487374821553 0.613542949820256 0.498325262510798 0.704146295668902 0.646053529909773 0 0.411904919156139 0.310484146196495 0.0643377096827425 0.178919700895809 0.507223783274976 0.255662006733551 0.541023682792333 0.491193872587351 0.230105716004218 0.438198892706278 0.507436979591997 0.353243585102268 0.275204828983292 0.377508684275367 0.0350545699167752 0.442585094440973 0.421365838624364 0.527127368854464 0.378386896009112 0.361825960294961 0.186774870473332 0.241245959460265 0.310330179298044 0.638972653292619 0.278057507802283 0.497394677387773 0.598938854885616 0.388712453279629 0.334207240177398 0.460084264413534 0.333744528925435 0.184545589432176 0.281040107998119 0.332189802672821 0.275841678454713 0.169522692758438 0.26867803625365 0.395790272692306 0.447718190091908 0.269583722744544 0.320682383351714 0.319098126168229 0.65624908063556 0.177696896803972 0.259273056409436 0.074220621139953 0.0928967290101206 0.449161824338283 0.244772797028532 0.416837456497832 0.395766569971015 0.175527196890462 0.393153058970192 0.142492691875620 0.374009865000690 0.0348776918849344 0.0688839701599826 0.0928220917728256 0.35775767324371 0.314142419055302 0.0508441103829959 0.125863228084012 0.276005758340616 0.253466355225117 0.277290049336381 0.349674548912825 0.247412013749069 0.290441669262230 0.442739775334862 0.293300095608032 0.131329025110767 0.181528808542924 0.262351535080581 0.168054442592248 0.146566175437977 0.309624435776958 0.0245513567943298 0.210606720534212 0.385980666217417 0.283308632669177
0.228418720470944 0.427136655612479 0.263927478415457 0.223081099227459 0.112415230853026 0.00907686801953821 0.451052227677551 0.215711678837494 0.411590131456846 0.366801202659044 0.344712618605901 0.463718912771773 0.224172395352098 0.315389422281882 0.441803583128835 0.448179250829536 0.292887618324015 0.214231335150149 0.0757096042718307 0.411904919156139 0 0.649427315748804 0.106418481052222 0.0194586862724377 0.332620020459797 0.414718794307557 0.488476493762604 0.456917898410668 0.595479081268396 0.429782677819828 0.384417510485153 0.6214303260863 0.243587789590321 0.518919759284587 0.598445153815407 0.175469998709459 0.416939352814996 0.471304096555917 0.287404472827612 0.281151112906108 0.481984855231725 0.211361288517856 0.793016450557813 0.397137578279887 0.362319577890821 0.440582775259932 0.488075879477936 0.177631488719778 0.109157424498149 0.352873552422516 0.118563285997116 0.161891075423115 0.0431187596166903 0.127890156704894 0.335976370757006 0.0388957626058375 0.142434774559228 0.357132238613477 0.428713669918932 0.336343033260513 0.356162642607332 0.00382827301609824 0.562305302869405 0.751110387723596 0.515693912215618 0.193298579861971 0.0120573873946030 0.439583153473492 0.481961353648855 0.400888692923139 0.447353370455772 0.49391662969513 0.432897823158011 0.230930823675752 0.610787444877244 0.0546113513351202 0.189524896258352 0.546137568532546 0.360295955975164 0.124225729739240 0.232097608076262 0.228118665671455 0.215667078615083 0.224685927377645 0.491515557492339 0.826987797740951 0.390985196770914 0.395793674279946 0.438375932361663 0.382108898820112 0.30601552489727 0.202092117072697 0.402225799045359 0.429274119686585 0.323727632087934 0.366946784478366 0.230832515536950 0.379877547907741 0.266508865226018 0.287115357167516
0.302981538385487 0.36775573705626 0.214640342502182 0.267420938904488 0.0634165369303305 0.0876909438520404 0.278987796352294 0.197189034669647 0.309907392849708 0.271688151424089 0.340899277906178 0.276289219532051 0.318257207630272 0.164793249250949 0.304915292727452 0.280177480597329 0.111677681934892 0.0023391848262782 0.0308587544097617 0.310484146196495 0.649427315748804 0 0.239507568571726 0.0779951892284088 0.547248252928878 0.511379420024564 0.505324465745366 0.569115789280351 0.73940476225146 0.23950613181051 0.087901171486044 0.780048104496629 0.000480693098102746 0.44010153407268 0.6598663422924 0.331911925913066 0.244026568728755 0.236922116350936 0.116193824643710 0.159947811760061 0.276046385775658 0.583492762417023 0.68331342370246 0.312721774860584 0.195758665096729 0.314242560050598 0.308642500016261 0.103394380033670 0.0433659113052903 0.103930607353218 0.155193647934106 0.211491197162188 0.0398204534239008 0.160125821737739 0.188015195861938 0.00224460870183991 0.108197029429786 0.145299586049219 0.436768497424637 0.0395512031089568 0.112379813711484 0.156107046556372 0.350310457308527 0.586770306466182 0.854039590671201 0.174721555449189 0.00796826679032553 0.551870355308318 0.537904474495076 0.390486092668554 0.390474633425465 0.646672202195723 0.0832607124109342 0.00983854808773148 0.755906762337552 0.0761500957426167 0.170310050919751 0.66669664798261 0.346766347516123 0.0588158582836873 0.135676056878095 0.113387541315744 0.0182888202233859 0.118641719172341 0.784896694606227 0.780878147090702 0.209702977573770 0.410111918251904 0.344855618049757 0.255205017595275 0.094325814139275 0.14671161493348 0.458689243824005 0.242294339441679 0.236961022328839 0.135850270044964 0.0525600739163011 0.162674582354815 0.241498070064134 0.258801919284652
