0 0.462738272671464 0.509487886438793 0.609981689630293 0.562636631112791 0.404537427307346 0.321490963368312 0.295519953406018 0.331302630378574 0.484683299623111 0.483833966189678 0.442304763998242 0.519180091082338 0.0184016455831724 0.317037583824124 0.099099053380527 0.0738256931489807 0.518882424319911 0.624792326333435 0.407473492226336 0.0687921163641251 0.409206647274261 0.385310982681033 0.334844940666841 0.764626836587266 0.454147891536868 0.570125942490266 0.368960321817179 0.259653581933176 0.755619016432689 0.407286756019359 0.351775340151517 0.409010919960984 0.299931331378926 0.474594427249706 0.374428417216005 0.418069269758343 0.288326436886213 0.332166974021926 0.449963150248488 0.325129823451561 0.388165355287571 0.217523200739985 0.737325240923438 0.171119898205301 0.643263480499184 0.466479776789792 0.162205832201611 0.0703065989201182 0.527408086471316 0.0526920432224573 0.258872306020777 0.302042023280745 0.340687586182953 0.191355450018794 0.234782503788681 0.179421839912747 0.50140530822293 0.274813617737324 0.0928545988811598 0.0414997591260461 0.175949610508568 0.189031582208490 0.198022717078839 0.321170176994339 0.392566728757888 0.117308248399994 0.683852264610433 0.363497809250901 0.532901709793628 0.303684066564136 0.193816474917805 0.411360673626441 0.384536460149266 0.293328075792644 0.413898786963655 0.102740636755817 0.106719746753667 0.430142807490708 0.110352357387718 0.03954760831421 0.170729850514721 0.484725955455388 0.215884881997680 0.414754436588596 0.131125099633830 0.0478766561159778 0.00578553455483301 0.0694346773372305 0.0777880721513484 0.424716248585458 0.343358694553725 0.116486021250254 0.0418977211218271 0.185918408694801 0.0167923381173953 0.00899459955054849 0.493560188063897 0.223377022574165 0.0624384179672314
0.462738272671464 0 0.256115109341381 0.323539901923386 0.426574920544262 0.589463942414834 0.548719038373327 0.807648049296451 0.678431212677776 0.61643170373782 0.499923817104544 0.329650538350698 0.559667117601829 0.344592168900710 0.521774607598644 0.304458976992675 0.474156759862213 0.505052823832527 0.378318861749483 0.464224492435507 0.318834198374748 0.211804640948027 0.423521951833129 0.30249932028176 0.639643092195309 0.5752148239391 0.368577237783856 0.31532278222096 0.00591575517396194 0.73449110678163 0.430476887864971 0.172751296436700 0.640840760012058 0.486570909930294 0.511388106653553 0.753476371833417 0.841459929970876 0.667844401236282 0.874584971202452 0.805378963812045 0.799102527964813 0.125971008060711 0.0943881249367388 0.257269000727183 0.0204897203955225 0.280519325535955 0.263623194912000 0.0735645534252325 0.0386973887085746 0.481179013914641 0.000202839649381520 0.339795999889132 0.36099683171738 0.395596807296264 0.037132756021059 0.0871267982687504 0.178434578065880 0.448411992436459 0.232122250044267 0.392139427174236 0.133514789539476 0.136356156722795 0.00747517029691851 0.566902235498688 0.0614596874923038 0.36137598585964 0.156394130671814 0.552638040336063 0.464684965863028 0.31706883306185 0.347433704898784 0.0376003428913575 0.134434670475374 0.178192158626154 0.00159611356085872 0.462989272711332 0.335426250843706 0.204655788277655 0.416450814071636 0.093854228530861 0.352783671965409 0.271442275340293 0.535130581569001 0.449658145039547 0.108757483516113 0.000282632371560160 0.209122827320776 0.244119964758149 0.120809971684611 0.222605485618706 0.672106042623699 0.611516159325522 0.0146668671364459 0.144547646087274 0.34683048453388 0.0252482222738713 0.0223417056256767 0.568976031685853 0.306994925398825 0.0486623961672783
0.509487886438793 0.256115109341381 0 0.734312126306836 0.37035101644328 0.290532469325036 0.501308788131648 0.0789239705469975 0.099173647616044 0.129451157072980 0.275331966823672 0.460939340289481 0.108068057834727 0.17077367966212 0.488802545605719 0.286376112665075 0.272172396062187 0.582330943605547 0.525869365943685 0.581290328320678 0.0841604022422122 0.224797641126112 0.632538982297794 0.189187863520687 0.397315568004336 0.200691150241357 0.267195383872043 0.311819240357327 0.261797657381281 0.239643950200768 0.336166450599839 0.216255723508628 0.146145307901452 0.153104055360681 0.274632945336850 0.192315719787223 0.287754860395188 0.251908584999078 0.139875402330778 0.246257865295677 0.142537545268901 0.150065617475086 0.356089152281377 0.452165852637993 0.217828938940574 0.64048078355451 0.523618831635623 0.176896059108393 0.179474287346660 0.487993533658697 0.051401676494428 0.102945605642345 0.148461009340616 0.213082515434593 0.189061213860314 0.189333044877598 0.234482689201038 0.347117401271528 0.216536686247651 0.238966730533739 0.250659945084071 0.336249568962075 0.424586667761257 0.0680771641575001 0.234420909544097 0.497529904523606 0.0913955082992665 0.317693410930644 0.166895228324945 0.281219709561594 0.256559984809489 0.168245564384990 0.246855959272808 0.366512396135759 0.245918340078632 0.465394226395096 0.0714258473425262 0.0804588417483648 0.42258327694907 0.136317832303216 0.0333554090929427 0.0843786133027205 0.247474527374688 0.0774061362951111 0.23742363961657 0.211618459291993 0.091041503627053 0.189815084233254 0.225483810074724 0.178576002115775 0.388579042319841 0.325982462650744 0.0826295532109526 0.110580032363660 0.0404675212633117 0.203209880725379 0.0681835467600078 0.370448000415379 0.169319655045331 0.140695391227248
0.609981689630293 0.323539901923386 0.734312126306836 0 0.517249615677871 0.405707821162186 0.454712238296623 0.257499827670619 0.350356915677221 0.272459116253647 0.380814052194007 0.404715243700195 0.0986365875938685 0.054285015914199 0.421780438018795 0.137331113064391 0.28521020222711 0.657504059013464 0.664193660932334 0.504888468747095 0.174073046003535 0.295062868664257 0.31792159778602 0.084984173842215 0.481029008142802 0.0546225086470911 0.174437705036311 0.20804102591716 0.270220083165104 0.357638211945595 0.123320877415148 0.141933537492211 0.0379160397942847 0.0128040012406290 0.246327597121904 0.300303188887768 0.396414889641272 0.212369817433139 0.141328805256969 0.388556606765297 0.324736884576325 0.283897224144307 0.117694284479406 0.646740294033246 0.286384915485695 0.520635947883906 0.779970137949246 0.287607201129531 0.328634436024498 0.448234493776615 0.253615197374759 0.388870720622931 0.306847222805149 0.449194919043253 0.378612124524802 0.25139319311775 0.238665640783798 0.385678273170181 0.192821573376262 0.429353183385712 0.445073224777907 0.488555917133917 0.382081186802888 0.0146096586957262 0.221348613351051 0.136337415011969 0.2800926863516 0.241904461589214 0.0805650816490848 0.173237711405071 0.0053731870384492 0.0995640104699096 0.463363774906652 0.317545303610873 0.160075038595169 0.369677700372223 0.176866985056390 0.126067719437018 0.521903519395022 0.299616605778163 0.215236287098005 0.310925927478152 0.467432621809312 0.318115884879588 0.285355769487258 0.0292621785631845 0.0529929791772454 0.0570529741184459 0.0772875560896474 0.139404223332854 0.220365040436556 0.292722272240533 0.0876824054701183 0.0230305514662392 0.0082119239270428 0.307240099482168 0.313481378272722 0.520577873177784 0.400891690590287 0.235950090109702
0.562636631112791 0.426574920544262 0.37035101644328 0.517249615677871 0 0.814708648972922 0.169845290398857 0.371535542254138 0.389967011489866 0.549892966841319 0.606254446726612 0.437133118390602 0.437060950744476 0.0219579973819429 0.153961570722358 0.0128525009272898 0.0190208052009067 0.500565095406623 0.547613101371579 0.265844081266494 0.0706860400703162 0.0154092823211468 0.239047740840606 0.0155062274745088 0.491781465560231 0.116329483541671 0.027323301077908 0.0541269946622434 0.0937373560755406 0.612363944434909 0.0674772902519361 0.100748024908429 0.212851862559153 0.0438762246830113 0.158061624775766 0.632623232893931 0.330855882754103 0.194501620452493 0.251766371166312 0.417940559446636 0.421660146922222 0.0161134309731364 0.102740412321875 0.447519589084329 0.0113052719750425 0.254183362533341 0.288468930386531 0.485563905233573 0.31331752428613 0.177099023420403 0.0209921530442560 0.192275249642194 0.173245507237214 0.259216208696684 0.243322712310099 0.354751714127380 0.257490841885409 0.168205131930099 0.230877939419297 0.00526786634902839 0.0528788589275241 0.111674748896523 0.0449035105285435 0.227584441919639 0.0594236393465626 0.0837351583350062 0.130985345975858 0.294756992215473 0.00537761222590394 0.0295681000318799 0.0434223403849095 0.119038450881712 0.359640872893279 0.1720566492622 0.135538798508699 0.287954242545091 0.420881825234586 0.0887093119553593 0.504964479696396 0.0314519569345686 0.0566846550446759 0.0433341975984348 0.254595032435286 0.105665251644412 0.0583939099244781 0.0797525521606961 0.340510387722438 0.177866761702896 0.125090307594251 0.165753955929517 0.252603865023665 0.343971793867648 0.0678503260626389 0.329252105249139 0.255692729024668 0.06865609099947 0.0673552460381741 0.462916359718772 0.423755836699883 0.075109595507774
0.404537427307346 0.589463942414834 0.290532469325036 0.405707821162186 0.814708648972922 0 0.267022613248487 0.62074545848129 0.576953715746367 0.64469033999773 0.615387105694118 0.453297333159296 0.602123525446526 0.189146219807042 0.199137205038664 0.143542976508842 0.118608176491580 0.521078864972295 0.559295281767138 0.360902073990413 0.167910926702021 0.0322413838422786 0.18882090514911 0.0671389236020095 0.450964454230274 0.133391134197677 0.0690057041356692 0.0724113148070735 0.214275487512988 0.598363078786863 0.0507179626726228 0.201525415466029 0.289571617528846 0.0583708685584936 0.132451072279896 0.743651330251124 0.490884036605343 0.390223313140615 0.450141446718089 0.50041463606482 0.685531667007054 0.099104147572522 0.144181900151463 0.264545794408291 0.256505284784819 0.122922141530756 0.124629741194583 0.253801404807953 0.0603834739452379 0.126755264267593 0.110753958211722 0.163306445599427 0.203326838740285 0.245979554152565 0.0357104505051537 0.310303250140377 0.0414406247747322 0.150543478494521 0.190268763755136 0.129120379336519 0.0315204136767971 0.123185372568485 0.141351637119619 0.456760080723257 0.180125793273470 0.0623144205380349 0.130402098826009 0.241609556088663 0.0389646403956666 0.0587026446899079 0.0106789002146907 0.172275645251317 0.123560615945912 0.096122115753771 0.322502589646233 0.227924616425318 0.571369119974864 0.369853044134822 0.344117736619076 0.0217047785227907 0.0924179216142386 0.0199489482603638 0.178362211543274 0.174077247457478 0.0586313841208436 0.169119297003380 0.37728507093505 0.319735534986630 0.26117364674477 0.320208101674661 0.241614878888214 0.346433576886695 0.257121412098753 0.255915222799848 0.314846426745927 0.0315897397854814 0.0841402177169467 0.325587435096271 0.399248203710988 0.0439658975593754
0.321490963368312 0.548719038373327 0.501308788131648 0.454712238296623 0.169845290398857 0.267022613248487 0 0.580149826560142 0.453983038297021 0.361701832144892 0.240073676902977 0.322227472245356 0.186914199343276 0.304704673401925 0.881341704630045 0.5777482777956 0.624378023261886 0.593568970127602 0.312767842666395 0.54426989679455 0.241382448136922 0.458728591762053 0.501832006176009 0.138500834583992 0.374002886986283 0.301575908387245 0.389049723447561 0.555599782368264 0.508444619253337 0.351641825220244 0.417731239571646 0.443206319246329 0.37070283912887 0.389237893737383 0.57945228210039 0.263507268973586 0.7186375066359 0.556795255618164 0.476645683726443 0.604804510322749 0.526081754247671 0.401556320542389 0.500435930130296 0.382917160311915 0.209681506661362 0.478052886937691 0.524562503378078 0.0968950117461946 0.064628301259088 0.816299969887331 0.278769611311721 0.460605148142474 0.475804534698164 0.465422373527628 0.207299299397908 0.151534426737689 0.0648827396870494 0.746871901245791 0.411913235492408 0.54571345645671 0.42771844420195 0.270825510229138 0.369427452941322 0.212980146650406 0.452339359064877 0.383494054276769 0.0410171235358113 0.253594634922781 0.213871717660044 0.41273711354158 0.436407359998278 0.464448391630983 0.193109075154236 0.364228698949248 0.393865237286239 0.530700603474989 0.102759776098631 0.137310410187038 0.20517208800447 0.459162638533992 0.307538325260575 0.462904467000991 0.597975001306511 0.527051099705081 0.438775770214965 0.347703320819438 0.170659291042927 0.0049663700267566 0.161179542154336 0.0903907999905139 0.565479537038398 0.352512092535302 0.078129800743851 0.256218958460793 0.0368488953656699 0.275569371068912 0.223575236353176 0.559166426116476 0.269748844145527 0.0836461263675247
0.295519953406018 0.807648049296451 0.0789239705469975 0.257499827670619 0.371535542254138 0.62074545848129 0.580149826560142 0 0.875858282051314 0.685367103315619 0.534855179983712 0.355568001131637 0.496803053210172 0.146365421834690 0.425757588315718 0.241836090178698 0.368062355456813 0.444644747710044 0.330920226458001 0.301760040786754 0.120069880973082 0.181910315217354 0.226114271034192 0.0591540752300065 0.558962481768048 0.315061315690218 0.183538003465025 0.22143979637372 0.065038675280028 0.646497914753647 0.150616453022153 0.0597592531726309 0.404033768272368 0.267798098189058 0.343239851994479 0.644806361075375 0.779306591878632 0.546826462598832 0.722820437155514 0.797155715896566 0.897132192180113 0.147667239538621 0.0230287926058917 0.339910190230463 0.0155667583678815 0.165887171843053 0.249254695154516 0.218210658801933 0.0655169955338623 0.407796123488185 0.232945751891911 0.523649073036554 0.458192838537206 0.604533380664291 0.205273617073844 0.241468922253381 0.00784067541552684 0.417233160893498 0.150086711937135 0.404177243396846 0.191778177095801 0.14051351997868 0.149228908368847 0.52364544920413 0.0741686448100033 0.115102217967806 0.100922176968442 0.369629901366969 0.209053974175655 0.196590451543809 0.174843393429711 0.0764468269039804 0.288545343702543 0.00471110971568945 0.0552876569166608 0.31484095878874 0.39738198386865 0.204174777938002 0.341940925163345 0.258482966939938 0.325766344142949 0.433822886945145 0.547466440566766 0.492403892623621 0.119436880420444 0.0726380117615513 0.185623081922836 0.311723419913677 0.0947635679180069 0.233967256581468 0.409722945045489 0.425475692548546 0.0305595902251178 0.0366410404785518 0.244496160762296 0.0713170775368463 0.175159504821180 0.476309788507451 0.357274586334688 0.0612311421387913
0.331302630378574 0.678431212677776 0.099173647616044 0.350356915677221 0.389967011489866 0.576953715746367 0.453983038297021 0.875858282051314 0 0.712916872578743 0.756732117461902 0.543528444732335 0.466932883388718 0.0567975474695266 0.282153921502172 0.118199234573596 0.249745020400345 0.530578968342413 0.48613429352039 0.297165027773340 0.0199615210197328 0.192817075830204 0.0947746963213834 0.0333552165626455 0.62509671401596 0.174912112979290 0.115102173616988 0.198265611431252 0.0731948370050299 0.587994448686518 0.0319054930492073 0.0217878174310356 0.276449121868609 0.0825463171646575 0.228642591003804 0.61751895765182 0.631964044715822 0.434585128911495 0.509861869949549 0.720120733764657 0.882255097296549 0.165553270183002 0.0940751928685458 0.371501726433434 0.0461231162461747 0.145025744875002 0.258432540066145 0.287281085733160 0.110486457343545 0.31733401092921 0.291701752513485 0.577923413304434 0.574579409187333 0.75198413430238 0.425415616940057 0.490154622694305 0.254216639068606 0.331110977310182 0.114868585638568 0.36953746518124 0.210546087731082 0.100942152850878 0.170784626410613 0.427790591669801 0.0948864438948626 0.0110757778045710 0.218062285420485 0.332271083119659 0.0561494455289786 0.136499474713281 0.10518648055694 0.0581146588002996 0.337249427266863 0.000910734496822031 0.113304369404938 0.357971318876136 0.428770394607645 0.243333896380671 0.412651660402307 0.257224173911029 0.323959966253667 0.38715159224476 0.458058661748625 0.437108691321855 0.133480232790486 0.168783978273232 0.196589931375091 0.261469176368889 0.220857740603651 0.233370713208694 0.271068545313791 0.281842547956506 0.118275155462347 0.0286891738196729 0.173844957002713 0.110933976243408 0.26504107846859 0.474475610917354 0.243638004573581 0.0370746403735153
0.484683299623111 0.61643170373782 0.129451157072980 0.272459116253647 0.549892966841319 0.64469033999773 0.361701832144892 0.685367103315619 0.712916872578743 0 0.734385308558885 0.552378724296727 0.677294515474999 0.160828969001854 0.278396741339774 0.152648068529630 0.154860778286208 0.575720374012855 0.573629450750619 0.430420832213904 0.0348483743256096 0.142402381444359 0.116661275334135 0.0933693011977588 0.524479549885526 0.233345063071960 0.201010208203695 0.269963345452534 0.0128029882697450 0.689463059465551 0.231384344685045 0.0897590561417445 0.532358440749814 0.202820370784551 0.309127204717191 0.482952417568195 0.489272020935817 0.283202229603262 0.518606586375461 0.5583645463273 0.625092612950478 0.158672365637354 0.0359417904842399 0.352832229582528 0.127422119432608 0.171521525938769 0.174503698504888 0.157658795484467 0.0246405635148015 0.360185433925792 0.079016771014202 0.282279018929866 0.471147209672129 0.452907283195403 0.192034336970540 0.450281145073888 0.172991410951173 0.406133222662977 0.316736060283714 0.183196147454241 0.0847764463728493 0.00677784726654151 0.0143210679265465 0.418788366700684 0.0849450278310732 0.135338304188640 0.0830577802421758 0.377460309769779 0.142441440354956 0.241249553942421 0.308462489444325 0.103044015873953 0.215261962841401 0.119018017591488 0.0930626253980697 0.510840963779512 0.353574143742306 0.294272436287803 0.256219069459184 0.0389013329629043 0.21195698744316 0.139552367220302 0.269601901178251 0.222123165483937 0.154941728967859 0.0708570957457854 0.276881783018799 0.381407592815033 0.356359027740820 0.390213359164273 0.351105801527336 0.211176858062654 0.188306086267607 0.146075407606604 0.383012177536696 0.0921124482142847 0.0346413230890776 0.428630774284611 0.169649299825741 0.0860097996031375
0.483833966189678 0.499923817104544 0.275331966823672 0.380814052194007 0.606254446726612 0.615387105694118 0.240073676902977 0.534855179983712 0.756732117461902 0.734385308558885 0 0.73646527575572 0.579131513459787 0.0615231381466944 0.124415126707799 0.0953137748979198 0.0281529120170376 0.591894261728577 0.644999639420017 0.289490539230467 0.0867062054811137 0.127859777337925 0.211267438716501 0.101937500967614 0.676886606288183 0.187718812118156 0.164844000941729 0.144779125252478 0.0271765412805709 0.602320676767855 0.105823149686486 0.0179288788151254 0.280828590729213 0.0441565575178875 0.147991815974 0.530459611104051 0.375964945748213 0.206184785263026 0.329481699949015 0.528313664598596 0.57280056028199 0.122021344042921 0.140176637968948 0.383518972754244 0.0561700654142796 0.250801323617434 0.162753825397876 0.299211051142244 0.142795131511174 0.254744892026962 0.100164890287341 0.341369984739086 0.434242215984133 0.632262274448888 0.441634371520555 0.686645110240168 0.498430210722637 0.223564800208903 0.131193181443082 0.07556302668571 0.0195882164464669 0.0133229456384815 0.0946641448271866 0.249403417272325 0.0613739055053867 0.14642691416077 0.0940594976063136 0.444243427898089 0.0947407972899559 0.168595751930253 0.139390099510720 0.0427170016293831 0.360937734255087 0.0830951721001969 0.143972508713276 0.428621595960215 0.304480260526995 0.260367342051775 0.384478606602885 0.0799678969774395 0.1081173814149 0.123184585420138 0.2869042126962 0.152353577794325 0.127528854445672 0.242978479013245 0.274757198024105 0.256234704409796 0.233977513818302 0.228155373991648 0.236915389168376 0.219961422495799 0.142390878634262 0.186200595586646 0.208287850681864 0.0372271084688797 0.038047160261679 0.387634283378278 0.176865408836985 0.0128844685194201
0.442304763998242 0.329650538350698 0.460939340289481 0.404715243700195 0.437133118390602 0.453297333159296 0.322227472245356 0.355568001131637 0.543528444732335 0.552378724296727 0.73646527575572 0 0.526606693308279 0.192526696196164 0.147504849249898 0.0735383266447908 0.0147327458775265 0.61138226270262 0.699816123973103 0.471818031345724 0.103452628761191 0.338793548753317 0.257874582365605 0.0837552189098876 0.517746251289453 0.103695192982734 0.256785222995463 0.334708183727122 0.189469888889355 0.442350695467019 0.171365125293055 0.15719737937459 0.251697838134223 0.203418532575398 0.193353853433561 0.30029532996424 0.209258298514993 0.0906715028998352 0.199234515747919 0.272713591404042 0.378753088531527 0.305610507905356 0.0162834230720473 0.384473359202077 0.141589521954107 0.394752787557567 0.280259618072132 0.179020867003151 0.0717714483297989 0.328586737306078 0.0670511757625488 0.104062900899316 0.193345784730776 0.392781481628536 0.452644495517581 0.601397619621523 0.555423666816575 0.241708662131501 0.111350074934839 0.0258879785118500 0.0162797343932601 0.118691528503214 0.0596082798987552 0.0283398252566164 0.303476036294924 0.227248618509273 0.0334341568340918 0.396071543433019 0.0820267537820158 0.233482858532567 0.335536805140819 0.192006438714784 0.224657950693868 0.130979153809 0.0301751520125614 0.453533756471383 0.171223557592692 0.232639665727401 0.441956413213438 0.0539522236019701 0.136307578571450 0.0496639898838925 0.0957173498495243 0.0833081098249345 0.359325246885277 0.126945353138934 0.0859793708887721 0.195218239789704 0.234911073195581 0.0902129641404537 0.247166704170854 0.139097211956623 0.164958703929631 0.0392056219408113 0.137809675034424 0.0334031142990646 0.0371015679676367 0.292847853318444 0.00768412182386402 0.00449738220767398
0.519180091082338 0.559667117601829 0.108068057834727 0.0986365875938685 0.437060950744476 0.602123525446526 0.186914199343276 0.496803053210172 0.466932883388718 0.677294515474999 0.579131513459787 0.526606693308279 0 0.346851098850459 0.0862232354559582 0.0359651758047922 0.0330258316677688 0.384255229739994 0.460539831744611 0.301065839527201 0.273054811629302 0.210889938923638 0.259084630694417 0.270443496961892 0.482948200631983 0.402523561691677 0.339216663992642 0.298137171293614 0.0360996128840002 0.752013684561198 0.349855344159878 0.107779358246584 0.612273119368298 0.332432600552552 0.322077899442328 0.471067380129117 0.316986900511300 0.312502557919391 0.570949708340515 0.352333307673006 0.481853743741959 0.180117557639891 0.0985995720242553 0.215591050986718 0.290534711952464 0.281404497944924 0.0487836247032149 0.0700862306618532 0.181514484853290 0.29905131027409 0.273118814155295 0.0162457593487730 0.148213420237396 0.130978640222974 0.0745256183561333 0.293381614195122 0.0316780753075928 0.311734962760026 0.150124436008011 0.0226529063687650 0.223542857831199 0.262808320738277 0.197650624066394 0.365378476199207 0.0807901683469001 0.326973113365263 0.209174556144419 0.509360192898565 0.386842082547779 0.315502620954559 0.43614486621539 0.109274466111038 0.0272266099843271 0.000670455205395674 0.0793903368372769 0.339639862232565 0.2574818869625 0.313983506938751 0.223470580043416 0.17332548029633 0.0873574591530847 0.120611869953651 0.12738734025032 0.0939391218030855 0.188461732279554 0.00586486758642413 0.179100652937170 0.253586217544366 0.170923187772132 0.212410190195062 0.366378469220926 0.260272586026162 0.0527531761788606 0.0929110811922787 0.33064880095269 0.181363228493722 0.148910364389546 0.158881073593833 0.0256163174169883 0.00700611497820351
0.0184016455831724 0.344592168900710 0.17077367966212 0.054285015914199 0.0219579973819429 0.189146219807042 0.304704673401925 0.146365421834690 0.0567975474695266 0.160828969001854 0.0615231381466944 0.192526696196164 0.346851098850459 0 0.259023896244929 0.30545830507622 0.472334867314916 0.273708833574876 0.0124298058750394 0.390378921636745 0.704767519283744 0.106360468915482 0.340291763251537 0.282999073727259 0.0294006752699691 0.375000886600319 0.215277186501213 0.380519652108184 0.104984008423278 0.127159562861983 0.390562457337148 0.163771799932026 0.502958815641771 0.478006195017926 0.307819578950706 0.0969362501174512 0.227383725255567 0.372782823625092 0.432013524208173 0.121210781361532 0.167088444916085 0.0936233009265921 0.234318942113295 0.213768844978368 0.166091160516040 0.00869135221632361 0.0408738412063283 0.351251466363720 0.168462499033513 0.208178743096443 0.352651707705378 0.202071275393021 0.125961022478149 0.117784062791267 0.356636454186969 0.126688830807172 0.180365693503381 0.0839304926166504 0.0234674780975363 0.104154875128046 0.0962541661925336 0.0656111417612952 0.269754589953312 0.129180379659590 0.0926046834672016 0.355346232148103 0.274259951537337 0.109749918853437 0.362765890420949 0.154125459006005 0.453423294709427 0.209150185667502 0.374746440095687 0.0193658813076893 0.0399762166647536 0.295206357681170 0.0537902608651035 0.208333656774941 0.178650847706997 0.0995175114620769 0.107174029199728 0.192814413465013 0.0788887796531272 0.0488317755179545 0.0546123448008065 0.0874648162735174 0.000327954320289754 0.196035940720898 0.0584666682571186 0.0644513255293744 0.349690981266301 0.102674070197815 0.147849540241311 0.0491629078534589 0.170251974156059 0.0563938046031985 0.133146545444285 0.0517715383582757 0.148217760432162 0.202714977261636
0.317037583824124 0.521774607598644 0.488802545605719 0.421780438018795 0.153961570722358 0.199137205038664 0.881341704630045 0.425757588315718 0.282153921502172 0.278396741339774 0.124415126707799 0.147504849249898 0.0862232354559582 0.259023896244929 0 0.669189180717539 0.70017588662155 0.582877031610875 0.228326539800144 0.516546018381869 0.301127988603493 0.36343856437737 0.478632956648242 0.236341707686036 0.294093185486498 0.368481075614208 0.333086388377821 0.440358268974021 0.400860246335993 0.293314120037709 0.496998621815604 0.466298652566056 0.335663425757961 0.377610347870235 0.590173203651853 0.227204153002041 0.720115426627388 0.604897147824155 0.456166249768257 0.58124318911852 0.407600683890735 0.272698625016977 0.592552520269093 0.296908627366742 0.296926697630718 0.432319458005699 0.46259343961759 0.0678189003047216 0.0328093354153356 0.733416158116848 0.243155024385167 0.413805970698388 0.405246102608995 0.352128895408531 0.0494880635967532 0.0172322399915319 0.0801995460288437 0.726836626297289 0.484902639533277 0.617823246667435 0.406943302100739 0.249777706645538 0.411599205047172 0.161094852736793 0.384765363269575 0.402397720430931 0.0815713499388818 0.228073366191037 0.280310395411411 0.331838538502305 0.355402219075711 0.32627358573712 0.119363651060680 0.439819538680533 0.417478388590537 0.490089516625035 0.159651812129727 0.226747567981816 0.213031519411059 0.444470996017203 0.395264233312187 0.412378454559662 0.602833486082696 0.57382988253123 0.317269134906458 0.489839012056314 0.159427625778471 0.0625210237494147 0.237338488051647 0.135567945737356 0.570999625594145 0.339064763355368 0.135562609276115 0.166104146385428 0.0798766006162538 0.184723133355566 0.0796112955974505 0.51851783234214 0.276879313695703 0.082639277290309
0.099099053380527 0.304458976992675 0.286376112665075 0.137331113064391 0.0128525009272898 0.143542976508842 0.5777482777956 0.241836090178698 0.118199234573596 0.152648068529630 0.0953137748979198 0.0735383266447908 0.0359651758047922 0.30545830507622 0.669189180717539 0 0.74707597581473 0.402323658201033 0.0528704450204071 0.462174585912018 0.324773381547861 0.0670614226682933 0.116478251662178 0.140173969008499 0.110898949327876 0.0036798536715199 0.0712705576734911 0.198960858334127 0.251633671321555 0.0113338174285923 0.123181612542426 0.149312427880436 0.153989799456226 0.0841388340867738 0.293089767731947 0.176481904356475 0.428754413402978 0.556873540258566 0.202264456426913 0.316955781398394 0.296379950286048 0.00245206429216271 0.41254894622625 0.0341665886083794 0.08944063283887 0.00176739344721664 0.152566704188290 0.0491620482876403 0.0569813493619286 0.385095199008133 0.214661515933028 0.271872101443212 0.362862934379898 0.137334863577562 0.0537899306139504 0.0921139668698068 0.161107084988783 0.435631222025571 0.504401490439774 0.630121285347897 0.474021746670925 0.154823349548128 0.346964864773722 0.122747641463429 0.0572187631286016 0.0425224689085368 0.107988879020711 0.224936018824205 0.0258064843060183 0.0236938552324859 0.143392513102720 0.238445100589523 0.0872360475793439 0.167876274908235 0.118230958972385 0.211922446078936 0.0385551000697652 0.0936970738414775 0.0176503218113639 0.302700514674795 0.514344997438817 0.200148075613206 0.183468334544242 0.497576174043955 0.0311918699827798 0.416964133811853 0.0246209813351888 0.0693854354471529 0.0408283145101943 0.0900449788484534 0.258609975370628 0.164794693895114 0.108590532216662 0.0170851369815835 0.103661211355665 0.040084474783577 0.0517225052333041 0.157763280791359 0.106872975956307 0.126908396543191
0.0738256931489807 0.474156759862213 0.272172396062187 0.28521020222711 0.0190208052009067 0.118608176491580 0.624378023261886 0.368062355456813 0.249745020400345 0.154860778286208 0.0281529120170376 0.0147327458775265 0.0330258316677688 0.472334867314916 0.70017588662155 0.74707597581473 0 0.505864998604188 0.071899831194009 0.393405511360604 0.414166661270485 0.219122910603430 0.230242228869760 0.0548231931594 0.116454924457554 0.243201958447246 0.110451272881175 0.261612207954788 0.284543199467511 0.154119700693487 0.238356422413375 0.220457605108585 0.210812654989019 0.250035433201215 0.410527731221295 0.184297936146330 0.588316116376429 0.688660615456375 0.427571099370896 0.450152383462073 0.38023805595275 0.156911821859211 0.331127700033721 0.140098830341867 0.325836372828245 0.106685327987763 0.435117250134497 0.00267599241003826 0.106003182217838 0.428709739250428 0.206966952817917 0.381324610723438 0.309618818175407 0.299212000182815 0.0185847195917654 0.134159966880823 0.140479223379968 0.394087609105423 0.269583609426729 0.743945507428921 0.588529670964189 0.303395574518191 0.372387725502145 0.0693255987449878 0.188392611433368 0.120606173422421 0.0709342726879 0.0268873570461466 0.160091330769248 0.102549266041293 0.124246676349522 0.1744289059214 0.0479193343975047 0.198092813575352 0.234001242270906 0.286529071955388 0.0501460931219947 0.181073663653463 0.113468619311837 0.420113304691181 0.597429729267424 0.392699883556108 0.406170054360265 0.591324348258975 0.124632666043472 0.294913333597545 0.0791106411548584 0.177590175551526 0.159904608473194 0.0619123800746557 0.320399206932521 0.147670057939947 0.0464736312247983 0.0693978479906906 0.201823560462311 0.00112197453646876 0.0725504112813884 0.311530628048713 0.119911309134872 0.087368684751147
0.518882424319911 0.505052823832527 0.582330943605547 0.657504059013464 0.500565095406623 0.521078864972295 0.593568970127602 0.444644747710044 0.530578968342413 0.575720374012855 0.591894261728577 0.61138226270262 0.384255229739994 0.273708833574876 0.582877031610875 0.402323658201033 0.505864998604188 0 0.784626162674439 0.703865191088517 0.110886318737226 0.307254529202553 0.374081604271004 0.102091154985273 0.481588303136044 0.235357104411951 0.277350015859703 0.37554661390727 0.251595078154422 0.496411690770599 0.272147788617361 0.251986366886054 0.320101326376390 0.126761726469859 0.394854878041016 0.375547934085244 0.487571808494267 0.420001782928405 0.361235101672025 0.499869324953335 0.505738779334127 0.296890418912267 0.237680228137486 0.489233365993223 0.0721788143662903 0.439310637881117 0.499734944607474 0.148921340257888 0.0888067981608284 0.528071691591217 0.0877379318977823 0.326211226788195 0.422870458523523 0.49415850656168 0.289973692508477 0.354316615909891 0.302189633339385 0.490264287066698 0.316078937369519 0.434996088600591 0.426145870699573 0.432353385201505 0.381928663999648 0.173830572640960 0.284162910477036 0.29315159752623 0.073872505765711 0.338773450385696 0.133120340094417 0.285706989739293 0.273917416846206 0.161260630902478 0.260791485649706 0.284839287104716 0.149160512149352 0.580685573804955 0.157356273000069 0.0788989449874446 0.375809967736970 0.203277880896879 0.204784119846996 0.167863504905046 0.341187916434626 0.307673480317497 0.321354654337612 0.123254348756834 0.0586438329259182 0.170468903953566 0.0953608242649147 0.0146049745312697 0.424094575084465 0.321428804615097 0.076142332123949 0.000438746060275662 0.178050361388665 0.0739742531909169 0.0492838112623258 0.51440541563014 0.224543398040302 0.101096171089244
0.624792326333435 0.378318861749483 0.525869365943685 0.664193660932334 0.547613101371579 0.559295281767138 0.312767842666395 0.330920226458001 0.48613429352039 0.573629450750619 0.644999639420017 0.699816123973103 0.460539831744611 0.0124298058750394 0.228326539800144 0.0528704450204071 0.071899831194009 0.784626162674439 0 0.645859557492649 0.083988333653139 0.244888897723288 0.164203600480778 0.029034682891308 0.505023953088336 0.0694459377796873 0.209165138920795 0.214964919188087 0.0872486921111938 0.502972598640285 0.127820368962744 0.0887780681866539 0.248212668751084 0.00715834005422683 0.205970832710055 0.362996223717374 0.30243456474327 0.161321708871855 0.191840307102038 0.310547174331319 0.388380404884254 0.217652792920325 0.00577706871195379 0.528270622336697 0.146510504100469 0.435998748114632 0.376145079712205 0.072640775968805 0.0683876342100517 0.344541850276644 0.0420875504732713 0.155916082781436 0.321164517172281 0.340306056723813 0.289472709390651 0.398392914418926 0.29673722758446 0.358891839273483 0.214139048193933 0.151350947498082 0.171737210177950 0.290444250809065 0.185656019573418 0.174291899305377 0.161782457929518 0.141396381563983 0.169472714807518 0.346500645070412 0.0243033527472934 0.199935354640317 0.205486715017687 0.0730173031084427 0.270009774331155 0.170800348209614 0.0281493385391277 0.466280463960732 0.324846268988987 0.236888356270308 0.355771959417607 0.0347456433468982 0.0123207854070446 0.0345323582062999 0.184533549577006 0.0839514284544096 0.273917391328637 0.0754204856146204 0.133402810003308 0.175409875740697 0.264369686471017 0.150408839826716 0.279117018361588 0.260624585550152 0.208303003890988 0.0209915950025967 0.139193493783269 0.00706051449471845 0.0462784097312851 0.402260997023166 0.183007662420414 0.0572060022336383
0.407473492226336 0.464224492435507 0.581290328320678 0.504888468747095 0.265844081266494 0.360902073990413 0.54426989679455 0.301760040786754 0.297165027773340 0.430420832213904 0.289490539230467 0.471818031345724 0.301065839527201 0.390378921636745 0.516546018381869 0.462174585912018 0.393405511360604 0.703865191088517 0.645859557492649 0 0.37527951044114 0.418259719687514 0.339175180031483 0.184107835509377 0.256086793482508 0.258811019092614 0.365200074126646 0.586942697014953 0.335095886915336 0.302510155100299 0.357086412914663 0.455983512339882 0.477560544663265 0.350607223227252 0.496870808787448 0.232116938773565 0.383870755315145 0.352810377265939 0.354124127785792 0.318867476457098 0.325600680580945 0.367086724111874 0.40218703740424 0.258612281438265 0.207647388986057 0.418523584804732 0.361453158690203 0.140086705739275 0.236965103351992 0.510764310093539 0.180297594921639 0.0212611675352891 0.263209236653775 0.116491913347473 0.0604289411163322 0.0754643119859371 0.0151137338021830 0.500448766195616 0.390128729477466 0.239301379788761 0.253961017184593 0.239931724585981 0.552724733488865 0.247500797224188 0.350860539627964 0.398475789406561 0.111923752213092 0.241428296143630 0.205370115480932 0.381047270195405 0.550855424768145 0.394602820940354 0.0778391058220436 0.234922226539982 0.253159408915314 0.475230950946582 0.119531199803776 0.123208235611593 0.162374310125296 0.120269539893581 0.0401327018100701 0.158608047023763 0.0866411971515672 0.0785700272101154 0.386356252936524 0.288913507221085 0.085295765648515 0.0528802714360863 0.0384606687720139 0.0928727398596597 0.488471120976403 0.424666037970693 0.171436257110767 0.156673674677549 0.0752075340907903 0.0645944287026607 0.0102445519602866 0.366298785869532 0.171212494044523 0.0250936017590545
0.0687921163641251 0.318834198374748 0.0841604022422122 0.174073046003535 0.0706860400703162 0.167910926702021 0.241382448136922 0.120069880973082 0.0199615210197328 0.0348483743256096 0.0867062054811137 0.103452628761191 0.273054811629302 0.704767519283744 0.301127988603493 0.324773381547861 0.414166661270485 0.110886318737226 0.083988333653139 0.37527951044114 0 0.136111005970875 0.222067160090623 0.306222545809437 0.100384278656879 0.278940462101689 0.078749090298201 0.273840102103916 0.0624467738859598 0.0483773718366733 0.34269598784501 0.191108394434938 0.436253364134197 0.515451694911085 0.286778545025034 0.120920118027830 0.254269219081702 0.426555623188061 0.415978695549086 0.103080801136932 0.171373065298993 0.00726639227637825 0.321927910504119 0.286570634122561 0.220798687672639 0.00239894094884214 0.0812782361922055 0.290824182647566 0.265960032976060 0.135117728710131 0.4166689298249 0.234297775417720 0.222691893382903 0.275462882069385 0.473983013776693 0.292167620150715 0.32075661062431 0.0893614859239018 0.130939022989134 0.140725584143935 0.0296367746909266 0.181471763311016 0.193684387786461 0.0185816657998845 0.0949622747770635 0.320107069388791 0.385294135873218 0.0383292056327801 0.333200951441464 0.0204505679913093 0.422780682910506 0.178192691194305 0.465416159809243 0.0535602721458891 0.0880145083408895 0.116024203275353 0.0419408263433892 0.124438466830422 0.0591919741379813 0.131702405569880 0.103353749139677 0.272949704912111 0.13103371160924 0.00382914236666441 0.0271406273577619 0.302384833177585 0.107296914277356 0.0393843068561968 0.0439341900692458 0.0959054641687392 0.325533961606710 0.100236131073668 0.101694102627924 0.132607798107976 0.0838161932963825 0.135066126541716 0.183772352836773 0.00839751848218458 0.107337637419238 0.149989918683152
0.409206647274261 0.211804640948027 0.224797641126112 0.295062868664257 0.0154092823211468 0.0322413838422786 0.458728591762053 0.181910315217354 0.192817075830204 0.142402381444359 0.127859777337925 0.338793548753317 0.210889938923638 0.106360468915482 0.36343856437737 0.0670614226682933 0.219122910603430 0.307254529202553 0.244888897723288 0.418259719687514 0.136111005970875 0 0.184153176630367 0.263061358404373 0.310247248482154 0.235668384290605 0.576978921211294 0.682506741390224 0.767155277323276 0.320460540188488 0.293060915957379 0.843133446028528 0.266737114669363 0.524559981979555 0.739089906327312 0.0437490523645063 0.252316432964068 0.213532506400958 0.176929359932232 0.244660628486784 0.178930096130095 0.890268073923877 0.45540589590109 0.368259004922301 0.032940177555248 0.439131606755003 0.397025646822949 0.0229803353812387 0.0396207590519071 0.555294586516114 0.0523096628823091 0.230147726886656 0.29092246981557 0.254924873238901 0.189185079931443 0.0823358698494811 0.0510578194827957 0.538128461049578 0.169829900084335 0.132945686550496 0.057479204858202 0.100659153905851 0.283812895062180 0.0349667670625801 0.904629220503813 0.294722930650536 0.170628800480272 0.303568324425281 0.211288985174083 0.565916136316117 0.506349381418293 0.69892780381884 0.189468466389399 0.335434451268746 0.759852973993664 0.133651540262511 0.259114916936007 0.492444998144422 0.0978891281795021 0.150451926422371 0.00626335883348264 0.140266357898923 0.34790874588907 0.189495311047498 0.912309183136303 0.360908018829399 0.368921920840383 0.21425600234557 0.244448039801946 0.363801306971474 0.343882090307278 0.252360945012625 0.266109106180940 0.311245397483990 0.151950367550152 0.216442624798265 0.243986318598019 0.282563118269983 0.0189790163349956 0.231029995548890
