0 0.280083588140317 0.731733994531025 0.771334346204817 0.587969917508597 0.649108201859441 0.478370127705339 0.182336220584392 0.327275003008848 0.463899713819259 0.397128657422991 0.523264890852698 0.693901482008601 0.592100066034063 0.426924654931248 0.446096790434406 0.470973614508088 0.581308986572986 0.604908474540821 0.731858770243586 0.700648246085887 0.484204640764801 0.359685854651555 0.503331138529708 0.66449516069269 0.551664393865881 0.577953390813763 0.731701858622924 0.712411626378439 0.727592221307576 0.728483487642562 0.652063305221384 0.545629386291114 0.499966824041304 0.500992735276708 0.340508375907749 0.224893047522198 0.470593779996662 0.0188108843208966 0.00496317808595397 0.202510050867183 0.647560732796555 0.704717599672121 0.741448594163456 0.215765701692261 0.625022735153015 0.637589189397585 0.395399333751984 0.462549982117393 0.337302039850228 0.345430417745705 0.429061386883918 0.301187207055827 0.283605161810156 0.197693444912272 0.484837774615601 0.511924870160965 0.514476732120715 0.4515413098132 0.304276230386131 0.424704302688566 0.515648555077077 0.722004566366698 0.537391542619244 0.525287230790484 0.386713783133233 0.543982939513248 0.573709183625565 0.511060796267772 0.49760576936125 0.6816965001136 0.504289455093787 0.620428005954324 0.623545893861632 0.635228035059807 0.399646474037358 0.491306233503702 0.452286337725181 0.354886197859774 0.203782394790298 0.36614477171134 0.126516401920911 0.259142316160841 0.222684700445437 0.570627972513304 0.59422572856535 0.297648052914083 0.328844888817809 0.54013738878648 0.661553556156982 0.689549478289777 0.559818225539029 0.509799005603967 0.417871516616569 0.302179602212119 0.52272418297238 0.550103632045907 0.592317179222343 0.363307092139802 0.489536021596698
0.280083588140317 0 0.159305193961610 0.173693129727671 0.271690030031672 0.502419102783605 0.602019783833762 0.687343360257498 0.602422770242154 0.531236061588607 0.445227478569426 0.243006117567225 0.086058740433053 0.167223057636100 0.484909195519846 0.618598107789883 0.560397276553159 0.493014504069252 0.179275794374204 0.289103395034705 0.336102216214891 0.232860244882979 0.323058066657742 0.333081087444170 0.183972833668153 0.407252503696902 0.214641563847627 0.16674451505628 0.196990671633810 0.565815091384423 0.485101608134306 0.370921743624674 0.384343814529181 0.385396453765760 0.339441397361522 0.538842222967215 0.559628620507303 0.618965365740914 0.591728864929103 0.5231476280514 0.629108062116624 0.209847400583205 0.275826786667894 0.323960361936372 0.803498198493671 0.206349537620436 0.220566176002555 0.156456290151308 0.52682193439692 0.562081039212189 0.656824096979672 0.686875321452557 0.427563082698734 0.489941155930996 0.320523897231396 0.423007272510854 0.416379590381016 0.539204778465686 0.546256594433432 0.489717527894518 0.606556533530763 0.252509768313053 0.364591575771856 0.295738810024957 0.396429499355376 0.635992029995076 0.264986638173489 0.223644123263125 0.515824209218663 0.38490557538959 0.326843461932435 0.235067776405158 0.577953139037222 0.403548405154773 0.40322259459273 0.300116572151434 0.318701584336493 0.367073888231827 0.483283361284276 0.622719921663575 0.374345764113584 0.685107077494064 0.618833627195993 0.657365316641217 0.316166230779491 0.301588820106392 0.064258746311763 0.0317529884788728 0.416020862834472 0.322038020126026 0.563757958200151 0.485037338999745 0.320970365031294 0.0845497247893614 0.0573025761019782 0.485044366160406 0.394498469243857 0.624236109634577 0.34150662004206 0.28671086624645
0.731733994531025 0.159305193961610 0 0.671255582355706 0.468115131582483 0.517172272034353 0.378794305199635 0.0478134248880945 0.0709581208063791 0.106178672505612 0.210019863219313 0.397365939148849 0.664600447706182 0.452128939225709 0.248187957963302 0.170260664733389 0.192531770123849 0.429816871286604 0.475152284327503 0.562069788879488 0.486342457847877 0.138513675143571 0.553261412509865 0.240889747881289 0.631017917638685 0.531229838147167 0.449574481537186 0.617820563993692 0.512522440090619 0.599283160453854 0.508107717851866 0.312660813606761 0.264373910768001 0.176341052108926 0.258644548471115 0.428391112373432 0.143919316875828 0.248690257926598 0.0671501677048161 0.172785035666619 0.0788088530340535 0.322863531449004 0.487442147572763 0.493004986048685 0.00699041968377013 0.611952424978974 0.45488903477139 0.25712917839171 0.284439259523942 0.125582227071111 0.0667572083337583 0.113277536194777 0.158339537343402 0.0739869183622042 0.127308712385477 0.260126370047207 0.271908502329821 0.194532789679995 0.102020375868196 0.00398026688759993 0.134726856837860 0.357422264373683 0.486546871419722 0.282507140033962 0.152477132089265 0.336068478190014 0.33185428955708 0.300965457427163 0.382303110254823 0.233439301886244 0.500012578744368 0.325428074285481 0.408820707432235 0.387367565629716 0.236503554435675 0.316679002813305 0.338982193559645 0.176212294091252 0.280175020773719 0.128599561503771 0.151487114666573 0.0231804425482600 0.0158742096724255 0.060644978241787 0.230763475900426 0.278454256270058 0.533826760809512 0.524189038410071 0.451040246501114 0.500531283935079 0.509251962133833 0.422987226579382 0.47666333484691 0.533777728888078 0.412755022712526 0.442525789828192 0.408193249960147 0.388013351161109 0.156625614945414 0.467314516638043
0.771334346204817 0.173693129727671 0.671255582355706 0 0.635089470600203 0.636492416489371 0.371416633160271 0.0478519251541625 0.195589484393388 0.257835025348454 0.291137628387272 0.56327213429219 0.60179384355207 0.481554094129119 0.269139253312137 0.330818246449833 0.228308277073258 0.480802719491965 0.71820692841782 0.725223129326869 0.613008660967839 0.315458587037361 0.144246328601382 0.227172756341487 0.530576230988931 0.24627535074712 0.393098100931976 0.513016232952897 0.55112072278614 0.540046518950534 0.533295690447642 0.465585050789671 0.300080183284043 0.283582513350622 0.33664940940448 0.272484487679365 0.187433923525933 0.204104437889747 0.109966174153258 0.0836046514251394 0.0741614025900737 0.45010199786562 0.552516164637907 0.565561048411456 0.0526372297861906 0.675783714879467 0.727023812715651 0.460946826007701 0.329085630396552 0.335909554171519 0.140155986986959 0.271666145664158 0.181849397054008 0.187745369183051 0.143824904580698 0.292365404811376 0.376948317056813 0.324263566705992 0.316519432499887 0.155382225162487 0.216854588411355 0.491911884407125 0.616841280970689 0.375129664640921 0.360955804762274 0.181794217705606 0.30581971967472 0.486249806217997 0.214912909267178 0.278700761251164 0.446107686887719 0.297184272777744 0.386602780678781 0.418959868819195 0.41970634974706 0.206644561455945 0.285966541412931 0.296096688621437 0.303145826011396 0.147578651322015 0.107100810114707 0.0276547137061263 0.137780203170609 0.0671625960687858 0.376459392332789 0.393234230791263 0.245374715816038 0.230034046822840 0.470540974998683 0.569326986370594 0.548180545751232 0.39106164147307 0.360694492936953 0.323540119260302 0.218357761877509 0.455263173451483 0.453573582328997 0.417691764692565 0.218392173161058 0.316836153885125
0.587969917508597 0.271690030031672 0.468115131582483 0.635089470600203 0 0.816599968701553 0.466331584190857 0.245965415011343 0.329651720887214 0.349622656976668 0.417021726391194 0.530705688421353 0.494861453167073 0.385935082029580 0.416447734645307 0.373115993155061 0.386681609181367 0.535902907931729 0.669734954491368 0.533702865610459 0.520116958045154 0.328855521113868 0.271249899076508 0.145147428545903 0.453933932157442 0.185543109839441 0.334159798327148 0.40655901525511 0.258959217685607 0.627644860793169 0.442446272258428 0.459474261249689 0.169916508601458 0.37079483246621 0.321225179873641 0.359682362342152 0.269087649650881 0.26776547080171 0.150948275014684 0.127282329661887 0.204549812131101 0.348168377644665 0.415907106143559 0.402647440206555 0.149453233499107 0.372982736985903 0.46617295900019 0.360771050655465 0.378736641796193 0.433785140587209 0.238445051304258 0.372662325957131 0.240257084794405 0.37352590411435 0.0983962913668854 0.378400210015803 0.287875265312397 0.484809948343505 0.462168720479668 0.31315022993887 0.238347671975253 0.195761809934145 0.473723065783676 0.380072007098561 0.377605218353501 0.245080138840644 0.206946325057548 0.264949083013358 0.143050826943835 0.197297977599950 0.377681969082736 0.100192668129103 0.445332240945437 0.311472330036378 0.401799993041139 0.178955206804687 0.232060718122445 0.393019484621198 0.251798421210934 0.226253365956328 0.120766935051396 0.0408924915970012 0.295985770789711 0.219880098238896 0.326904240092569 0.381947821776657 0.0211479167060687 0.0822152652215207 0.231037619657415 0.386145620084408 0.384379031624863 0.32887067527541 0.342964762871202 0.0574957043026253 0.0256211298052177 0.208246761472444 0.291000390685363 0.331228019484404 0.0965785315525874 0.185808226014799
0.649108201859441 0.502419102783605 0.517172272034353 0.636492416489371 0.816599968701553 0 0.599955307408682 0.368291573872133 0.42163056974459 0.496879017789521 0.545117137168478 0.616633285767379 0.518165866476864 0.478642646066849 0.475629064278482 0.551704605311258 0.560641308284622 0.689099877524489 0.634842217485638 0.606650097357664 0.573472310198436 0.387542987849642 0.339145947421067 0.230967128310031 0.451148785565925 0.332926235173036 0.365341665427666 0.406217747016124 0.358939611496496 0.758994808738471 0.584053844135993 0.544810785725097 0.289939432679489 0.434541104161898 0.429459831556761 0.451813559990055 0.441409953654365 0.450625220309437 0.246193229309834 0.248971691675369 0.351191169849240 0.433337685485822 0.505988125126275 0.521792141534664 0.376725060115019 0.503140659982414 0.530292625107959 0.445099120158769 0.613369645272313 0.530290992624113 0.418913822973761 0.519368794403677 0.41150570550604 0.498263494733828 0.310895072755560 0.498762602704246 0.474794905637446 0.554905085098725 0.572144678390742 0.483671139869499 0.492190612449093 0.38980602690565 0.56794996511127 0.457152029931042 0.494388824705412 0.375478091429401 0.252273463217765 0.379726280017755 0.333279222630848 0.299013741946524 0.437415758801257 0.225064020877959 0.643540950844655 0.41876910144667 0.518677893337368 0.185650476409897 0.224554177258283 0.517320767655688 0.404602092647345 0.376086823699082 0.244625019600673 0.274563159264904 0.434045408992609 0.355625211094241 0.445863382219452 0.486418645732379 0.00408485927426813 0.0674640327598972 0.427363854029102 0.538105031748017 0.591775536652386 0.525872143189367 0.420572297282187 0.110176179933233 0.00557247187539845 0.429227072750082 0.459969938569075 0.490862528434104 0.198090558035848 0.274268804073768
0.478370127705339 0.602019783833762 0.378794305199635 0.371416633160271 0.466331584190857 0.599955307408682 0 0.71905672471139 0.76847558230123 0.674558587138452 0.656391960957334 0.457733660132519 0.404309404182702 0.378783220323251 0.905491825389446 0.739179882169508 0.699888723222004 0.509226919468479 0.188836272266347 0.420496413887678 0.670761119337756 0.521177919058065 0.618410458509405 0.437808723828511 0.0749416846648964 0.331071182888912 0.397337498930419 0.470177931522817 0.367461237807939 0.569263898076305 0.503234840852216 0.6152829216329 0.409717221078002 0.606869291633547 0.551131423260969 0.32387816508461 0.723494874130445 0.734949818477713 0.49042073639787 0.581978082697168 0.672218308220207 0.513247213186035 0.627646241827848 0.499331728149813 0.556861953404919 0.368370638474157 0.430626450335196 0.28232997720441 0.598942009959891 0.858096780024928 0.61922848676162 0.758245367033898 0.639048292700665 0.648398479921846 0.507603323519031 0.69708235104321 0.555416958902729 0.830197206524164 0.676341822386146 0.428860151665024 0.529879537371298 0.332999337473302 0.584462100126006 0.66343383478326 0.617200705768512 0.689668555712708 0.513646702073454 0.137539945601459 0.422565418835325 0.429407124901079 0.605420700356097 0.357727106955723 0.521732737428665 0.53011515996066 0.61805015223247 0.462480736171897 0.509754632075778 0.612589004685099 0.242518216868905 0.72258351575991 0.572450822084361 0.44090909158542 0.72986899606748 0.728911094403916 0.56007347205176 0.60445816732132 0.0490157338859964 0.060735444692818 0.259692562647444 0.267741495366624 0.543230455263520 0.456079205346176 0.301549898419684 0.0438235591384354 0.124735461111921 0.295130126040314 0.168598860632862 0.57754534640871 0.188080034693672 0.372748674313047
0.182336220584392 0.687343360257498 0.0478134248880945 0.0478519251541625 0.245965415011343 0.368291573872133 0.71905672471139 0 0.859757154458348 0.756778072182892 0.706181337828308 0.327682256507046 0.123028977940091 0.180031015872512 0.671028020982552 0.664553906322404 0.620541121738207 0.420660904758039 0.100306316514541 0.228542024149638 0.44194594623097 0.477380573725724 0.359199941277132 0.358991318061464 0.116475841736516 0.187536685166732 0.251064652955173 0.161211081057861 0.144420238747347 0.386557404315119 0.376725000169229 0.509397728193038 0.403524142328433 0.574768168410402 0.445345043621565 0.164030239084193 0.710922509915444 0.628906943014616 0.707638747469506 0.766654302113795 0.814699693022015 0.345339013427235 0.422377473854587 0.304849686446249 0.678386326301615 0.153741791596718 0.246582170505881 0.232800192257095 0.529939779980322 0.753367569862498 0.773458960201836 0.776150730373476 0.63728694498213 0.716781602041089 0.543550425599811 0.597234092657659 0.562051750519639 0.731336747908462 0.637394545692741 0.439918296434204 0.583771644460638 0.245096848781284 0.378204650935578 0.469567312050318 0.557363541316458 0.638081933829812 0.349810318724855 0.0964700305649219 0.373641297873124 0.401900311403376 0.35515731877882 0.257448469688656 0.414548810902929 0.377801414916392 0.541861291325513 0.310751294895548 0.364662229426549 0.562379743012247 0.246147960847916 0.769035356412275 0.538725036603359 0.601139999100113 0.826635181174093 0.842916272040189 0.452851175967718 0.509328747838216 0.303168861195619 0.193764584202657 0.202691541261762 0.123465148149496 0.418634116588445 0.40277383413985 0.0614703880465249 0.18584061016072 0.0696157830887626 0.26232005590255 0.119579464193291 0.516461861892873 0.209485931972296 0.170857222701358
0.327275003008848 0.602422770242154 0.0709581208063791 0.195589484393388 0.329651720887214 0.42163056974459 0.76847558230123 0.859757154458348 0 0.764411832309782 0.781597878756696 0.400172918291428 0.247417039294377 0.239110121239553 0.75956739797087 0.720132154215247 0.658431280762787 0.43667339786906 0.174468401202695 0.374318355249198 0.594659973084852 0.644483360800314 0.359020907694173 0.369861761459484 0.0138653654637937 0.191506600669055 0.293816874046818 0.315918060304903 0.30974297213655 0.444022241937787 0.466752875189054 0.688149572115514 0.453019816497065 0.692099539946117 0.65244587158928 0.172885586242229 0.675799818271527 0.708603001412691 0.621477343596058 0.724764969982589 0.852195965988735 0.52995743125811 0.60556538885729 0.508321193114765 0.708798735038332 0.352849069113934 0.460042065594708 0.399857297505519 0.605006288052403 0.779102599098935 0.772664253055842 0.889934318322134 0.616634947075914 0.797923160342224 0.544857133937555 0.72159216497764 0.629619306506692 0.762571123466402 0.684073008675411 0.457814382057455 0.596686267838879 0.387510199475945 0.560068328045888 0.675759407744446 0.754236380093433 0.58225080350659 0.430480957669818 0.282396061037404 0.409890613129187 0.424025341685048 0.497564457595367 0.394846520928359 0.548063130866304 0.469192564946349 0.717865408185845 0.415444999327255 0.465399349140414 0.749814968136249 0.316803591114442 0.72175449746108 0.625809289577663 0.554565443479041 0.866856096893274 0.885481551005474 0.673944103477601 0.673822756260959 0.278643745920841 0.113278045590194 0.243871607989013 0.215964741770664 0.451346996698495 0.397864564507571 0.101051885173681 0.141236398991022 0.014188577048687 0.293257420762461 0.185431843239526 0.555489357205222 0.17362691363405 0.262360336535612
0.463899713819259 0.531236061588607 0.106178672505612 0.257835025348454 0.349622656976668 0.496879017789521 0.674558587138452 0.756778072182892 0.764411832309782 0 0.763338477473999 0.552235116216168 0.487496683354983 0.37721843312314 0.655171096342234 0.686742800804468 0.597835172021839 0.421161547779254 0.213971385305222 0.365395556076288 0.637188193189653 0.600014242509017 0.343755645717508 0.505957583088527 0.0868301716477703 0.315314467209987 0.405572882444802 0.37245471114375 0.376429113218218 0.572472134212567 0.521436298230805 0.643945312173882 0.57870675711921 0.648923469234302 0.489221977839085 0.175817732988846 0.6297193813369 0.71390557643639 0.43661349810713 0.546056023091944 0.75289266059433 0.540137452162876 0.527488033850302 0.476477919038545 0.550104163677501 0.300086434286350 0.410528228918720 0.34808119108752 0.51716402538777 0.676259284762455 0.719826739844717 0.753801176432986 0.683791617016044 0.712723875134004 0.551133525307882 0.679414387485807 0.662476035271494 0.730156765409891 0.667204346744476 0.410965752484317 0.513152953365846 0.347337636094442 0.532777354928206 0.6297305150198 0.657915269722029 0.61137462339244 0.477726677683894 0.304640531646534 0.429169363848359 0.525756886002402 0.506087435629159 0.34313991706081 0.547998620778482 0.534273136553606 0.674142580307258 0.3092012045115 0.4779027415069 0.591116125333915 0.226877858919027 0.546537433327221 0.565164442180462 0.430975099738948 0.718619730861201 0.74822215875167 0.588786645593219 0.594614698516756 0.109418308576848 0.0431735437574633 0.349749358607459 0.311729450335422 0.607026561320972 0.49658833515093 0.295144049548282 0.0322079717283787 0.0808986461728052 0.408138466206801 0.327871599329086 0.616840160416011 0.315959203945624 0.342458842110000
0.397128657422991 0.445227478569426 0.210019863219313 0.291137628387272 0.417021726391194 0.545117137168478 0.656391960957334 0.706181337828308 0.781597878756696 0.763338477473999 0 0.631494391426016 0.484231481053141 0.328000509569649 0.611062921439773 0.617400066996196 0.563413869567585 0.385024035382988 0.291024035639665 0.39012461482077 0.588842832467675 0.589516974911855 0.354814838286195 0.328217726889532 0.165350293066065 0.228441383654437 0.379311886685935 0.274669357887548 0.257157651061085 0.485141863262163 0.485434187493904 0.615837493444285 0.367955571237812 0.582253039858773 0.46712072846145 0.135588172346456 0.607502186151533 0.605258478505765 0.402197778740452 0.583442299236625 0.688815318335097 0.497416587077602 0.532457514531088 0.412922270505451 0.555720538902415 0.362294049615179 0.381129523312605 0.402401878443775 0.478933980021686 0.643899588043851 0.699212685038909 0.705484459603775 0.725406180891913 0.862052511258825 0.646806629444537 0.727125913886996 0.678201359437671 0.651380447218769 0.612392021960133 0.369526040412319 0.411955870529114 0.310013889753104 0.489923595671983 0.61706700459072 0.625652279284362 0.477075878825032 0.371582692554750 0.288384826453011 0.373212675369539 0.39836411953524 0.415046263821642 0.305115304416804 0.520797776719903 0.429842826111626 0.581142834554722 0.271958020692833 0.350805627273291 0.681148045952674 0.231071062546977 0.548301973166053 0.501064046333319 0.411567637783649 0.719017608249967 0.646457432236735 0.552215768190188 0.621803386493402 0.157216428485480 0.0607923741167855 0.336198668842526 0.30268248515605 0.520612923779697 0.428918708200426 0.213586742044083 0.105003506864624 0.041302065697494 0.340545836874777 0.255167479155511 0.523659476031235 0.221193455698928 0.289778290502671
0.523264890852698 0.243006117567225 0.397365939148849 0.56327213429219 0.530705688421353 0.616633285767379 0.457733660132519 0.327682256507046 0.400172918291428 0.552235116216168 0.631494391426016 0 0.588339814082765 0.484841450998976 0.432133205664250 0.462328868963802 0.393097940477465 0.518833904119427 0.545191029705269 0.497101131547795 0.584488338350928 0.442378213906112 0.228447329752568 0.241891937575270 0.28565638471944 0.240980537672987 0.332536558905594 0.376849661622212 0.356962376884399 0.478754144612999 0.525170379285812 0.529240465571671 0.266256447126496 0.451646231187255 0.417466085412416 0.213872314016105 0.366032586685763 0.327406185999679 0.1014346730061 0.286122602981234 0.33023625544928 0.448747118560425 0.469035874120169 0.413974726946233 0.277127516331233 0.434564693748192 0.503106106615006 0.448231668723022 0.329680684993683 0.430044112071188 0.372091283295251 0.453227126942626 0.637552929474558 0.532255541992959 0.511936611315307 0.59762887463022 0.558145121722688 0.482884981484224 0.453314884573196 0.125724052031471 0.320608965525454 0.540899878025331 0.473081805484746 0.514520789063292 0.48567770221321 0.259252255395278 0.332960899091256 0.263480278129287 0.260040522125584 0.288259434097918 0.416582071705005 0.244192497682059 0.462811956849403 0.469672996930793 0.500491559805856 0.254046057516197 0.237093146867154 0.410174687970389 0.205313770032827 0.305535364496708 0.214421726589083 0.0938611562329703 0.392359351791844 0.356820565606574 0.452524767690313 0.451069287393903 0.0482530161580881 0.139844002399620 0.312596566954674 0.479543984189379 0.547077979944071 0.331151707027571 0.299068427853371 0.12603497712937 0.0325142452394176 0.30420214389198 0.366735837734474 0.497640173029524 0.246456911615617 0.223481963033146
0.693901482008601 0.086058740433053 0.664600447706182 0.60179384355207 0.494861453167073 0.518165866476864 0.404309404182702 0.123028977940091 0.247417039294377 0.487496683354983 0.484231481053141 0.588339814082765 0 0.493968729708522 0.360528995802477 0.316515639109154 0.218373755745432 0.28503130499891 0.380303402521797 0.516893077956093 0.668122421899853 0.283272495300684 0.524314106939492 0.411183267474555 0.486707232241848 0.416744661147402 0.522579177699869 0.609210405760607 0.475723650461886 0.586542902300416 0.594051031637064 0.391826496917263 0.433276089815343 0.244212323355343 0.219939137895793 0.23676257129858 0.198855823260818 0.387252838183282 0.0473991463528401 0.0309640998738602 0.159668206270527 0.457529104820326 0.51813969665992 0.506592228444499 0.0580532008075817 0.508585606061769 0.476448294437899 0.347110230954261 0.305148564190384 0.234408071257411 0.276744388462347 0.28945749470408 0.355770524357634 0.305711236803376 0.304877547177907 0.463594455058411 0.457780656827849 0.365716273103279 0.28246373730156 0.0421651116411199 0.0857213757203191 0.328735762106932 0.5135648144361 0.474202645402967 0.269545656063926 0.383938454883598 0.448890405043015 0.349349852101947 0.28788793074279 0.328821730311968 0.524694712125079 0.295301197112748 0.492770744733803 0.479959975643852 0.341926674312541 0.338268813255923 0.404127695788725 0.267696958667731 0.193130906627944 0.134714615817399 0.25879003099152 0.0265850981617946 0.204225978814354 0.137766934925422 0.352237813189187 0.414551160187507 0.390423159533035 0.44815424908635 0.435099330810922 0.512276555067359 0.622167202565596 0.452031097775226 0.413457951311558 0.428975357330681 0.315484491235012 0.455182054013383 0.42693599750834 0.488769090302674 0.247010474007834 0.46201689719283
0.592100066034063 0.167223057636100 0.452128939225709 0.481554094129119 0.385935082029580 0.478642646066849 0.378783220323251 0.180031015872512 0.239110121239553 0.37721843312314 0.328000509569649 0.484841450998976 0.493968729708522 0 0.34090972945867 0.325597280037204 0.516511685993068 0.57051290822422 0.408060317817532 0.508955383958586 0.482493539249938 0.344852114234323 0.236150786841339 0.519947673920256 0.305010428174694 0.313566840614111 0.466492185225088 0.519148582920098 0.37909491895544 0.507569392572458 0.585575118662535 0.385126893923261 0.503176898973185 0.40864560063651 0.322919973694372 0.263011809991674 0.239072406951886 0.335993246606614 0.0321348287765481 0.0335503344832006 0.130804677131905 0.436062443395666 0.391404409620029 0.498242615318271 0.140813852078325 0.320788749924419 0.389561428057114 0.219737082163777 0.327992239967597 0.197545420017188 0.182680399381914 0.346106951431699 0.251190962680350 0.262531261971129 0.207292456659908 0.347726875953352 0.428484299850043 0.328265150222433 0.244558952379176 0.169789700968905 0.309364546965208 0.418926394682921 0.428226531723718 0.333303125693868 0.356558562520219 0.219417846590279 0.459769919905128 0.300528056504258 0.380803431387358 0.429725287763372 0.512462880465054 0.334776608696743 0.436292856347724 0.515472995623639 0.373183210190029 0.397534874294623 0.403501920651301 0.247783139307156 0.0541261233489868 0.264200753923507 0.322876590212459 0.110373075841787 0.155341083487294 0.102849677159222 0.38860348322076 0.311850556417161 0.365298085785644 0.365620131717678 0.390614506996954 0.494092344383408 0.563646197204972 0.485219526082113 0.466187666559241 0.442354545540646 0.328120304774592 0.40634323937571 0.367666929991515 0.458644808761562 0.331226802242779 0.418077338187158
0.426924654931248 0.484909195519846 0.248187957963302 0.269139253312137 0.416447734645307 0.475629064278482 0.905491825389446 0.671028020982552 0.75956739797087 0.655171096342234 0.611062921439773 0.432133205664250 0.360528995802477 0.34090972945867 0 0.743579499543075 0.747933139244916 0.481615879100871 0.159661254908913 0.385142926752778 0.668469886858757 0.569478989384460 0.5054293837948 0.461786003544825 0.0775914614123078 0.293931689941384 0.403680591974029 0.522508914010289 0.384245277264316 0.505962320814347 0.470543383068360 0.65910211601295 0.423182425290591 0.60549921689435 0.587310726923101 0.28053229329522 0.615332258844953 0.66944768140101 0.442717262372254 0.623882830158937 0.640702179701229 0.561152170077622 0.63369411325552 0.503336494192847 0.523939117410856 0.26638931195726 0.393649108477618 0.292299343627611 0.493434311038782 0.790595057985496 0.592249983513874 0.778471794960753 0.611462886748678 0.631605363916396 0.489098587680667 0.652145044734417 0.541653797462521 0.90071082677334 0.723932197515313 0.397517762142426 0.526139904355511 0.357784819875071 0.584878963501526 0.7096575496614 0.65163460348051 0.524215568063975 0.549010410440882 0.153605091769693 0.388582546101735 0.431383155687694 0.667515950356393 0.393213212958998 0.521227615925064 0.57428878629266 0.665461842217002 0.478122736279182 0.527404597964787 0.61322440319101 0.151186239001769 0.685776514307223 0.597787500765342 0.435538841603641 0.77510253014933 0.742065517253633 0.612651811424077 0.640393181885205 0.100447562645542 0.0188579320584983 0.0855581288069133 0.229411981323261 0.480425961635499 0.336570143161678 0.23069771262124 0.0122477488281441 0.100517560258948 0.172455206000722 0.1071207949391 0.561751279084602 0.163880228042141 0.314130431066233
0.446096790434406 0.618598107789883 0.170260664733389 0.330818246449833 0.373115993155061 0.551704605311258 0.739179882169508 0.664553906322404 0.720132154215247 0.686742800804468 0.617400066996196 0.462328868963802 0.316515639109154 0.325597280037204 0.743579499543075 0 0.732924741577368 0.622996810046525 0.265294706595635 0.5186477228269 0.685242586147051 0.536972894793909 0.291366086768403 0.312197045680712 0.0986685117068459 0.275296936363638 0.248034660172146 0.401598558636205 0.321301924180316 0.55650836979934 0.497205260104815 0.647785343135796 0.42697703567167 0.597812928950512 0.589615287985901 0.400300242008427 0.520822189012116 0.709875589398346 0.394827494830441 0.533742211101665 0.745192352683712 0.491054576995477 0.693433808850679 0.493218011610509 0.60648485451624 0.341659217085823 0.391121003558122 0.352034828763100 0.544192341025717 0.710415002574291 0.698435302784366 0.796609133242534 0.650720359494489 0.646317452829131 0.518877069040203 0.636603655007529 0.543540257348783 0.801189821517631 0.875850931543524 0.584138634516981 0.688046284280712 0.352766374263406 0.65825933119686 0.706261754374387 0.705681357462687 0.514962359754868 0.355938062218731 0.199977546458838 0.360549872223305 0.381795509854569 0.566658743909488 0.28662857718776 0.59596286919816 0.551135716354475 0.706435346175726 0.444776785333299 0.453500584084447 0.69905195204071 0.280818961764905 0.613152059896081 0.523474013344583 0.518744183508376 0.715948761896882 0.745425507748673 0.618096410291941 0.746922950978193 0.214586484256525 0.112803181925411 0.350895796096154 0.376210377548123 0.558342287107058 0.388160717288263 0.254922253271075 0.0485295911231579 0.0320401511712148 0.360137205145415 0.283906370462701 0.62432545520321 0.211543727009352 0.209262699185426
0.470973614508088 0.560397276553159 0.192531770123849 0.228308277073258 0.386681609181367 0.560641308284622 0.699888723222004 0.620541121738207 0.658431280762787 0.597835172021839 0.563413869567585 0.393097940477465 0.218373755745432 0.516511685993068 0.747933139244916 0.732924741577368 0 0.7443411951418 0.294024484189853 0.467979609906296 0.503283118962583 0.526354871898941 0.242636744527301 0.366116580433474 0.117081257398090 0.254818162816232 0.287771223658893 0.392076299220146 0.349135272709043 0.54742203999987 0.500180662639429 0.597158791166212 0.390854299611645 0.53974920438115 0.549496072635201 0.273561860542162 0.518619250774518 0.694101296535529 0.377098704398754 0.493852285776329 0.583232254637296 0.471385821895951 0.592329285428612 0.54771795150097 0.568821304011682 0.306547165381618 0.358738139911016 0.336092522188497 0.633554141156469 0.612506505947683 0.602672082592262 0.738720355446884 0.486343841829137 0.6481027050866 0.475755569833976 0.601360393880258 0.554810014646783 0.79087709165405 0.701311960831356 0.658921053117764 0.754011664941686 0.403578352808691 0.57502278297227 0.579281558256803 0.648842660425855 0.397409534480097 0.340892845725360 0.230489279031152 0.378721741696790 0.389942474385272 0.545426908854909 0.381922159976896 0.580771088133676 0.501591173991345 0.662294392269209 0.362643240644023 0.40009796569474 0.626465142268977 0.244269749930838 0.565641265145881 0.611540671298338 0.515959846614056 0.668248353942854 0.635218993188193 0.568772443556602 0.640592062844062 0.216523325872133 0.130929933025499 0.173628551238847 0.322540988453062 0.465858888944934 0.386460917477568 0.239359361985932 0.0672072245015888 0.00443543477167212 0.278900718701492 0.224822595534259 0.520888167889164 0.217147053364379 0.227160117775152
0.581308986572986 0.493014504069252 0.429816871286604 0.480802719491965 0.535902907931729 0.689099877524489 0.509226919468479 0.420660904758039 0.43667339786906 0.421161547779254 0.385024035382988 0.518833904119427 0.28503130499891 0.57051290822422 0.481615879100871 0.622996810046525 0.7443411951418 0 0.666701193386126 0.660831285279753 0.426569390307984 0.372834343375916 0.175060314655790 0.179458850319721 0.331346025675651 0.297664385415024 0.325984953822157 0.427730688024836 0.382179747586355 0.612964054728076 0.504636766094839 0.503183046895727 0.328189761519392 0.381249846621593 0.472052466980571 0.442996471398146 0.370514122726572 0.436489868942561 0.245492545202553 0.218080646040722 0.344496853039972 0.355703289033257 0.577468772436265 0.509438454391577 0.377295026840421 0.456637976591497 0.456126395539495 0.366464530138151 0.603847818469531 0.465971565550831 0.417848164390324 0.525180811755681 0.382959692302679 0.423752529570197 0.265856607006595 0.403949921312094 0.418278397220331 0.61659958666876 0.60955825043813 0.579422150091263 0.72189863198415 0.522343152912838 0.572443479034764 0.320217027470308 0.497801094750405 0.34585004790098 0.185944508923479 0.314967948000166 0.368033507036728 0.349456307105999 0.493129387607312 0.319184638492682 0.543332203991729 0.445093394149964 0.557447456875563 0.271192290018199 0.272045984418457 0.460268134021803 0.377285854605251 0.444781864014284 0.316967173542538 0.334018408916254 0.357100476754131 0.377845690597543 0.433947040900731 0.537716902345335 0.0746236342308003 0.081338667576686 0.289585697270016 0.453235985591841 0.479022779579783 0.411932981954986 0.308086992555040 0.0718393122971818 0.0895990504549719 0.368918300008067 0.343543155794867 0.471577883397027 0.189572827893906 0.177519704714049
0.604908474540821 0.179275794374204 0.475152284327503 0.71820692841782 0.669734954491368 0.634842217485638 0.188836272266347 0.100306316514541 0.174468401202695 0.213971385305222 0.291024035639665 0.545191029705269 0.380303402521797 0.408060317817532 0.159661254908913 0.265294706595635 0.294024484189853 0.666701193386126 0 0.726627807310439 0.346850530661526 0.260851728714347 0.0129679595149014 0.0962615930187505 0.597719056442557 0.285180630346867 0.378127655626419 0.38989003353926 0.454809368223703 0.479977030336558 0.464271756745383 0.374221809403819 0.227113735168908 0.240073979163394 0.262746720017517 0.223223433795649 0.165022550271078 0.12440534115249 0.0399170684517156 0.00546880022435178 0.083422048701368 0.321525779586628 0.418609693981556 0.434676044298486 0.0595941075001555 0.4653665713902 0.550095567354489 0.34837448984472 0.284848454566217 0.206777230600006 0.164266024682313 0.236317415488799 0.168039965407273 0.164069229711039 0.00219372308889913 0.183916841171162 0.312072156757399 0.301975953481311 0.337840472041973 0.261288010002396 0.32300174173451 0.414100863545373 0.484098878684468 0.124212911345134 0.287939541395768 0.0637177272857463 0.171160920638555 0.498952044629533 0.247505321545754 0.247827236430465 0.321222789748002 0.312397400513743 0.355244956668887 0.291351030339954 0.370781174339316 0.0948040132990935 0.157110804633464 0.215876832728148 0.28028399551051 0.0644379091567999 0.0368564611712299 0.0280221482339238 0.0821708395378424 0.0588988338705802 0.274349295592218 0.31316958001044 0.109710444216700 0.085235148852114 0.32855911490599 0.522371942322529 0.427703052116569 0.375644192614765 0.302571929452756 0.178526425450431 0.0361163459753553 0.367583775441097 0.42522504320111 0.359125432305388 0.207307736423365 0.165749707861557
0.731858770243586 0.289103395034705 0.562069788879488 0.725223129326869 0.533702865610459 0.606650097357664 0.420496413887678 0.228542024149638 0.374318355249198 0.365395556076288 0.39012461482077 0.497101131547795 0.516893077956093 0.508955383958586 0.385142926752778 0.5186477228269 0.467979609906296 0.660831285279753 0.726627807310439 0 0.657815983361969 0.533662770540022 0.207375639806639 0.376852975349495 0.517467133167767 0.416235365895912 0.61175563271639 0.72593083942899 0.700927818899756 0.590346570690013 0.61974520992086 0.660880559792381 0.489852528243547 0.460068265824472 0.522384357906052 0.34924838085627 0.251806836757194 0.459285937868513 0.150776598500659 0.136828120811550 0.279558122746509 0.626292375352779 0.701286822750318 0.655591833804804 0.177997957807298 0.612137513857834 0.642524644482677 0.415526357381925 0.391146861580199 0.360870263934867 0.321758838103371 0.438779011921206 0.332477671584421 0.290249335723933 0.144409551755925 0.446689937474484 0.474408776532783 0.478321931062906 0.519781850166444 0.397729609122003 0.473433269887177 0.482761397050228 0.803752294268825 0.428306235701079 0.560625628883478 0.220957305747997 0.459791625498055 0.530758057949335 0.375616454465772 0.521581303212756 0.678370374515227 0.572347994542748 0.518948005733634 0.566866861947478 0.660695792369926 0.408738328277726 0.47803612715874 0.444140864200121 0.273604341287078 0.312066813652637 0.285396375480357 0.107849303421477 0.288064827384434 0.272730387846068 0.583686525893725 0.55946783121094 0.206988889161846 0.142695971479658 0.408351565960714 0.555715761369083 0.559101115949687 0.488762099735194 0.375533926664338 0.328257991068528 0.261979159850891 0.423105506440804 0.505976637387015 0.514057739817413 0.269403300050483 0.354880497119814
0.700648246085887 0.336102216214891 0.486342457847877 0.613008660967839 0.520116958045154 0.573472310198436 0.670761119337756 0.44194594623097 0.594659973084852 0.637188193189653 0.588842832467675 0.584488338350928 0.668122421899853 0.482493539249938 0.668469886858757 0.685242586147051 0.503283118962583 0.426569390307984 0.346850530661526 0.657815983361969 0 0.64440754669875 0.434698117183883 0.525088478139359 0.308973852955336 0.397394743439367 0.531607990417359 0.698421058352705 0.605022971824762 0.579882614068286 0.658473825934308 0.736689809588397 0.564555683793021 0.681787626381577 0.643533947424533 0.287208012625937 0.456252910046981 0.626481974477768 0.221452183903396 0.300036624933958 0.514795339363776 0.730162525916398 0.810157249172297 0.712383189786219 0.329825029891096 0.563559748111326 0.669913998251639 0.428219593312141 0.456721065289601 0.589023622600931 0.486962875193383 0.63105838405075 0.529538458416663 0.50548787419119 0.452775892376581 0.633225624241298 0.562563029473421 0.667294307348755 0.665251628207513 0.337764051506643 0.452075123016563 0.448432805223655 0.844291231077984 0.834636877653574 0.647733682468882 0.459944490886199 0.57101176544006 0.366598181192794 0.416913009675119 0.499464090393523 0.73658722014739 0.482573465666475 0.604665402231256 0.641273917050754 0.719990105120552 0.488526211482458 0.545821296890085 0.66454095314035 0.184835846535149 0.484004783083431 0.510582496627918 0.205476467147670 0.536835756950925 0.532405695380695 0.695623851606821 0.768921577615094 0.185422086795402 0.236369008421827 0.457711688061334 0.522747399857604 0.671952736472542 0.481702497524655 0.361121273395502 0.308457603870953 0.296661300566679 0.414704386931729 0.389131024072789 0.665321376528064 0.344880930988491 0.449581493159376
0.484204640764801 0.232860244882979 0.138513675143571 0.315458587037361 0.328855521113868 0.387542987849642 0.521177919058065 0.477380573725724 0.644483360800314 0.600014242509017 0.589516974911855 0.442378213906112 0.283272495300684 0.344852114234323 0.569478989384460 0.536972894793909 0.526354871898941 0.372834343375916 0.260851728714347 0.533662770540022 0.64440754669875 0 0.182023602993148 0.430179166322457 0.159178405803016 0.315134760901004 0.551449422945355 0.559905254709287 0.638256191746765 0.358632992465201 0.450204249379081 0.912114762204993 0.503402155867049 0.785115815077723 0.752960246289864 0.0838360673788245 0.318402547887026 0.527289198331189 0.286709759655237 0.421089867979845 0.514570306294416 0.858144656310652 0.680826596207409 0.595441452323635 0.334864019547273 0.384843220756205 0.48699811915976 0.347881637774522 0.357733767044121 0.56138266246552 0.501315783631124 0.62049928702527 0.520765303037721 0.562931561502645 0.426701579748956 0.570127047899475 0.543590707092666 0.609020490848186 0.552476277584227 0.348446285429237 0.460312314814224 0.406648079633513 0.638413811815045 0.66309365591087 0.88539590404393 0.311508841374145 0.493936702302913 0.435334478831334 0.457517960091168 0.64573006545545 0.657488153741336 0.656044411473405 0.429761127313493 0.554476403088257 0.881443185106405 0.308762305229767 0.508371825453773 0.736193633816274 0.107024412074694 0.391485095571668 0.515549778270009 0.161938618738324 0.537959603909819 0.583397978550172 0.88914147067123 0.722242152695347 0.0946838100284946 0.0316676318562954 0.17611086191465 0.252033576012095 0.338660274077574 0.275885961026879 0.25035645391177 0.0273733683374135 0.0939746946393566 0.184478809128711 0.194285674141594 0.435339663915448 0.182792552727364 0.285053706735480
