0 0.100440303090624 0.631870889722228 0.606709533000803 0.284926592728557 0.215067846840388 0.387973038170302 0.306700606735396 0.175764340538088 0.0698500632318505 0.140819196788193 0.207580138074785 0.304221659119517 0.576799324473844 0.358516663140289 0.421309292102169 0.24737711830657 0.485577690179525 0.45766126918598 0.552200412492811 0.381430163066073 0.218244317543606 0.058340130865138 0.112662515226166 0.328205635483405 0.106150344783519 0.270375405679358 0.353773686252167 0.412247109642638 0.226487230830759 0.168766178530194 0.209392811085240 0.0501154547405255 0.276055064536528 0.365439101042644 0.258292355297260 0.215770427525402 0.0749657312789828 0.0866969038922225 0.061066722205192 0.0516378998827701 0.177482309188162 0.300880849427379 0.402384771852605 0.340987223353774 0.52536591773399 0.511174818555736 0.394364084386853 0.391147689913003 0.355923826213222 6.56670071706969e-05 0.0175875006468538 0.147035492348998 0.0487076385231549 0.206251679525201 0.0738995890002029 0.175778080498657 0.344403428535998 0.308234891795395 0.118157122318154 0.206091427691898 0.372182658331676 0.372497974829826 0.467515718886096 0.196417320408971 0.0684235042542768 0.0240224079672125 0.408311505568198 0.0523892742141862 0.0813071908010193 0.166760819900342 0.419934080402928 0.369324888740956 0.0566175774002988 0.203134032226576 0.0799558998189566 0.210905586935085 0.221329904279196 0.3495632084144 0.136524625356881 0.210135876481596 0.103050601121721 0.195834854270221 0.0299941288582142 0.206125938396476 0.230483005576959 0.320651556063043 0.239837438488871 0.211476532622460 0.09777565581538 0.0832084184869556 0.060592366638878 0.030347369925436 0.330404668447401 0.379245829695219 0.355424386368899 0.331121257540925 0.134176218715431 0.0378509349996823 0.0349006874851109
0.100440303090624 0 0.098735217802787 0.00288070413909038 0.102257799802227 0.302428577083811 0.311769646335820 0.507439566493494 0.253035828690084 0.0556622781444144 0.120285525688574 0.102105445065882 0.0298799421385174 0.0248148593645736 0.23095413953265 0.315335447871474 0.176592242850043 0.141561150000638 0.0723000648566846 0.156979321015678 0.0660191225353682 0.172467787923886 0.393204211845211 0.00265611495812422 0.100220010676783 0.567813482045588 0.101922178508139 0.0517013733213509 0.00142864933539888 0.134111349679929 0.204955049571020 0.238612841012756 0.257995369267195 0.386452317568975 0.180304221368677 0.616270062572946 0.511698635414848 0.576487920052793 0.498114229855751 0.318815426536477 0.478956432883174 0.0299989889236232 0.0124046142091794 0.0495528912201243 0.569679705090548 0.104983568699429 0.166759823633287 0.0109959506917398 0.0299135270978747 0.189161914586477 0.25553110304587 0.371103471196026 0.0106832608562031 0.0331408087090291 0.0614412222607082 0.158157991230607 0.00372198852576147 0.137221731340664 0.211511654414045 0.0870052716443874 0.0279371948638024 0.202191598939606 0.23578180196536 0.140123296529203 0.229850081709941 0.369303337316792 0.0607953816002374 0.0817150024441631 0.569672598929944 0.0806028851110042 0.061236662493559 0.0417631877130879 0.150377991222479 0.212482552740902 0.190633073383078 0.278037929485951 0.392323603146229 0.245877905256521 0.34121348237881 0.450356643808056 0.356212914326172 0.592098653884619 0.249321175317597 0.431399109432644 0.194806280599140 0.0460580121886639 0.303875536910546 0.08825920757346 0.345527744036008 0.208278461768126 0.356331614047326 0.0374742000129352 0.127957289092118 0.349983866562901 0.163433766749528 0.371626677433980 0.288103193459478 0.239189492505243 0.0991330125132409 0.120786419016189
0.631870889722228 0.098735217802787 0 0.639582956960399 0.41033202751567 0.378338744493469 0.456255244740264 0.190034190226128 0.0775651697768653 0.123568616328611 0.137774231989772 0.193503634518769 0.232662928736297 0.373997881200321 0.433580374559595 0.576987458944497 0.143992567727789 0.464922176653319 0.461447416394363 0.57261712096341 0.258982260878763 0.231628284134498 0.299767819708716 0.123266588401315 0.620827618227057 0.397627954405494 0.312947787450523 0.348606954487971 0.507595615172243 0.390769819752604 0.0433203786302966 0.321820325030161 0.21152355051101 0.232157730527726 0.245251690017479 0.346927582522943 0.220823354934096 0.00348611580733843 0.0470216746128474 0.0314017276476972 0.0761872367395867 0.252836620499133 0.349391146203169 0.434132157119428 0.210206196960332 0.643587926600955 0.500577149505388 0.436503464359744 0.355240769555634 0.354805455541681 0.00444307131965452 0.0115574626232068 0.26002593200072 0.00725847751185056 0.326113042102127 0.0387684099670186 0.0388098480727169 0.328311153708518 0.402137103511553 0.0569904004365712 0.207714729600071 0.396870884968699 0.447344707538598 0.513715067491695 0.208811522411856 0.160084793841452 0.0551784836307666 0.53786875676883 0.285998180896961 0.164821909354042 0.200661635526698 0.42074459172673 0.396660279600591 0.119827972908734 0.233222029567421 0.172403874578006 0.0373382516448056 0.314529506365448 0.295027023667184 0.0899751586713196 0.130241223576242 0.123052409072767 0.179795397500295 0.0162259572375050 0.274803195980739 0.491877901553316 0.44816349133953 0.358438493506758 0.233887851892568 0.223038885698485 0.0690326688256093 0.201545213561196 0.103212088629795 0.300616343455266 0.382020445555206 0.360221032218507 0.376584991002078 0.0529237142477305 0.0897063684810772 0.000105986457778163
0.606709533000803 0.00288070413909038 0.639582956960399 0 0.727724615088034 0.604395457040244 0.356122940611017 0.0488391852469766 0.106612618528775 0.07907378236837 0.145733357642716 0.182684255623937 0.311663023555987 0.503465360637796 0.317209010512842 0.49249629551862 0.121649797701344 0.5446058727908 0.52614037061904 0.68823198623708 0.115050458054905 0.236943746707704 0.00498564668579225 0.214204872103328 0.648811364137505 0.106650217018772 0.645515089927495 0.665616845497964 0.633406885765056 0.576416716931754 0.182951382709497 0.396310785400845 0.0867518555877177 0.262308191887009 0.100726331299155 0.277970396078700 0.139374697518596 0.113824298601355 0.0638155836499327 0.00867294066146646 0.0517119894552175 0.451211756027111 0.123244916363912 0.551183702231933 0.0185728729060718 0.49943430446555 0.659533436574082 0.610888924090805 0.527575423616877 0.0464079719844181 0.0163708030165247 0.0059507430364233 0.368528230207668 0.0362583580448261 0.464716232126380 0.206349298427935 0.232960915526948 0.0621912657380231 0.144274815185920 0.131145322697887 0.0975800242028869 0.469971129497498 0.60237938744556 0.51677713796885 0.234011605720510 0.225915251395091 0.102927675650206 0.511170726448383 0.0273798996555629 0.505443793024974 0.391936884476308 0.676226029931488 0.546188305839897 0.0349697330816608 0.369218117396312 0.239375969429585 0.134313802410082 0.227360511943143 0.315934387016493 0.0466347851916478 0.121841254267803 0.245771690641197 0.041124935743956 0.111242145927941 0.344185095256518 0.289130767486181 0.399157278908737 0.191629156781216 0.0268598804319822 0.0725071651470246 4.52207077691262e-07 0.446217505049034 0.0584264551161004 0.316557924959087 0.260375257852877 0.0188479469462772 0.0648223139447334 0.099514449288561 0.341298826566076 0.241010337248459
0.284926592728557 0.102257799802227 0.41033202751567 0.727724615088034 0 0.815039621766712 0.36159781807886 0.076247931708158 0.105075802928174 0.12779183933605 0.140409579182148 0.203114816405259 0.230675159981293 0.343149084504619 0.227609024068702 0.394336045437284 0.0924761056377428 0.452541543970099 0.405623796710417 0.447215610893411 0.0009103727561492 0.202994828959780 0.0478621120330482 0.0635913320197781 0.778580617261043 0.204396074140103 0.524494568919361 0.44887443244612 0.493309385433402 0.803155744204602 0.203382719703969 0.320090791302391 0.0975260717361194 0.179644506402577 0.00444547722372236 0.471054661282522 0.257659415094266 0.0121282548438386 0.0534486589218976 0.0354191497407413 0.0249660971927078 0.368839436833168 0.100921848371846 0.709865285548956 0.104598149829898 0.389181418403855 0.432644499911769 0.761246664774446 0.572125262505964 0.0298315956395738 0.116567613890562 0.0849203328262361 0.532322610208183 0.041645706160032 0.355574067251228 0.487046045020164 0.177477655619221 0.0326911054769589 0.0457316451576059 0.188456532286123 0.0139140789470877 0.225883612827705 0.429638715066294 0.376242146465211 0.146246124061998 0.143673884173290 0.122433790419946 0.605867296364506 0.181753834149656 0.475081645172834 0.193533002380198 0.538816812997274 0.767092793378964 0.0557227462159397 0.302891417730811 0.322222417959968 0.0300760024133551 0.205339244121152 0.503443401890451 0.182049781247013 0.0397908621238506 0.077389063295404 0.0133882055674305 0.0202219497869847 0.273496567238461 0.226786171959403 0.389184672274914 0.0190604833091703 0.0705700429340286 0.0595239434219336 0.0109392114624564 0.527707481569733 0.299107192752237 0.37238876862255 0.29646292287772 0.0303696438180253 0.0186877804327628 0.197831169819500 0.460427492798988 0.379218373313787
0.215067846840388 0.302428577083811 0.378338744493469 0.604395457040244 0.815039621766712 0 0.375193491690151 0.188854157640149 0.246613981557264 0.186979538573084 0.294940563519937 0.373973043280236 0.325669149882098 0.357534839628413 0.225240629473083 0.366156989480422 0.157387522419182 0.503104577839026 0.457389058636596 0.390173928255409 0.0457494864636553 0.24895810270467 0.153447126278186 0.192171951945606 0.660181112261078 0.348488555213744 0.486905914025085 0.378764722946337 0.396659249360712 0.546845652594017 0.314089540716101 0.380410467375985 0.103724864972844 0.279313990321564 0.0387258009936965 0.438385904660979 0.275663235565098 0.143324026554064 0.215613955710098 0.00490999660656909 0.184412371786415 0.347634894702634 0.0480796049602789 0.440356946146412 0.118381057143814 0.281784987115136 0.353810670007079 0.594136182726343 0.526592884275431 0.022663649159932 0.270203565400546 0.27857184516308 0.241280479445588 0.20129040250516 0.467158843532052 0.345949514014731 0.242664185077909 0.0309167682393477 0.118604787861578 0.113970422570342 0.078970204995926 0.232814964546503 0.393299389060485 0.304327040194472 0.205155787475294 0.0400816035795483 0.177151721819675 0.449166789529928 0.240344843989144 0.426587031323647 0.258511579250107 0.386831404853327 0.539330562102424 0.0985830151740318 0.288818387650690 0.0475677969006955 0.146803632605071 0.135870520158006 0.363106575479956 0.165693454310462 0.0488090004330278 0.131777793621460 0.0733143717193141 0.0850278132715977 0.259411045523513 0.154649420013893 0.393243733545693 0.0807136561273076 0.00362925723147998 0.0685214581833914 0.252045577008037 0.343221921314833 0.325090976572655 0.405262289130576 0.288808648598387 0.0541539315967316 0.0679190250212549 0.0634132730157457 0.313056263429968 0.224142059539097
0.387973038170302 0.311769646335820 0.456255244740264 0.356122940611017 0.36159781807886 0.375193491690151 0 0.412246904230154 0.523688718984775 0.0377699902279778 0.275650567097707 0.314591731770663 0.0413150993482994 0.229954474991687 0.89527238737276 0.794262057316809 0.492336953072317 0.540165722731715 0.359431602631202 0.318293687446152 0.360521199229941 0.509113911380619 0.662871761976648 0.0288745428748782 0.362712349250551 0.472081622988016 0.350803859874286 0.494988777258773 0.575586777757683 0.41529466008648 0.0518037966761645 0.383576399509775 0.110917259406166 0.106962160719575 0.394580957536457 0.292567880521311 0.566007117612496 0.537081439795618 0.304494585758378 0.211765937680379 0.654547026230173 0.462521170405333 0.381401001715991 0.422917255125335 0.439191177677994 0.441705986147344 0.328292592929024 0.321504708519299 0.393490169559325 0.707872263673876 0.124494056614290 0.229703856508003 0.298217110113189 0.0652109764045449 0.261639438349951 0.0414394111421693 0.126034943775312 0.590288969763467 0.681719215419506 0.306340343326912 0.354602207898089 0.139148746234601 0.267227063668057 0.578854559157349 0.405807818948676 0.551810592461172 0.0163173270420670 0.45477086534261 0.450145112349121 0.272472620904761 0.47724534375354 0.538406434802646 0.407595789844281 0.0245494625063946 0.252352372821777 0.184133151378442 0.233509439279671 0.319594667272477 0.447437682583533 0.409708834088053 0.454928090697492 0.186093362104483 0.288938825322942 0.318810937004141 0.478203470388743 0.40387485311776 0.4808049112449 0.178822906422669 0.299083812759137 0.173746210844515 0.0108893229877300 0.0688509190987054 0.065390736944369 0.318240538196006 0.409630876320711 0.361857748462824 0.373954163258496 0.144952625534553 0.118742655396374 0.060268555202757
0.306700606735396 0.507439566493494 0.190034190226128 0.0488391852469766 0.076247931708158 0.188854157640149 0.412246904230154 0 0.406599782431447 0.140290754708209 0.0176704850988501 0.114101434831730 0.0971252770985172 0.0111151202901133 0.287526377525241 0.323073489526629 0.291151243963963 0.147707327057791 0.0772511119978828 0.138131130640796 0.0655753993976218 0.103738534228157 0.461869826615961 0.0107023891169707 0.129187674596297 0.47673077525191 0.0588285512598336 0.0503415475881892 0.0698451556738712 0.175996624941144 0.068384060135468 0.168209748058443 0.0484129343569755 0.177827180308403 0.124510827579886 0.297508351648700 0.573048657175058 0.544325358912397 0.690037530787853 0.384262506034975 0.605641464432191 0.0659999202403492 0.0872355148578763 0.149938813369917 0.60527509484167 0.242717259236878 0.00428302375582254 0.0939896041800478 0.232247319149777 0.476960870342847 0.339999409976405 0.476942133110704 0.110008670789673 0.0361299994249428 0.0182516740116777 0.0870829593633964 0.0801349299059228 0.293093155741720 0.319582864656114 0.234096645621421 0.224555515820485 0.101572875060724 0.216008021905492 0.152005409961902 0.156355164731538 0.490921170136254 0.0313921210780444 0.135003753875544 0.483371142954139 0.185449752712211 0.0273358373234119 0.024846212182574 0.187566115993994 0.00312959106433516 0.177853704868555 0.131810893055508 0.231528521415948 0.190101663964054 0.308556481655382 0.565240252244912 0.573289722867279 0.529790080808824 0.311756037571711 0.545873469757676 0.186361764118239 0.0451080723332589 0.37248602226182 0.0697475155718069 0.527908148301338 0.255703217476600 0.139146358763003 0.258820362647438 0.00885301408234003 0.39080884447608 0.138390217988850 0.367021862638442 0.426229666548332 0.0908798069910492 0.0218897060209905 0.119996307334841
0.175764340538088 0.253035828690084 0.0775651697768653 0.106612618528775 0.105075802928174 0.246613981557264 0.523688718984775 0.406599782431447 0 0.393245307847046 0.5548398827565 0.369394262419068 0.195288593599568 0.199605376486337 0.486529769656646 0.361573293756755 0.312008966817403 0.245435441161066 0.114408022769378 0.112927323175846 0.179830996378155 0.351787144123217 0.324806100099088 0.20039014035618 0.0786276157837054 0.246437644184599 0.223447577452641 0.212402182626174 0.263333577685775 0.102929958472063 0.314955203656374 0.231662085951481 0.257829270564947 0.130179224647751 0.177470040556913 0.0410769734202503 0.371929200006235 0.385836254879744 0.183424248781728 0.0930383280661749 0.600283408657854 0.27693202866565 0.0884607019131626 0.129379105047847 0.248772232042881 0.185347816487498 0.170402120710762 0.116783992538505 0.247314184614314 0.422995732135253 0.404996104916976 0.643321464709745 0.0434158592473301 0.510338593325754 0.420208381392373 0.0308278156181514 0.257428108819543 0.346471362009110 0.376918600322396 0.204802466734173 0.242342301915518 0.0355700738738205 0.184407040954607 0.332910569794797 0.269341310752731 0.291986066564082 0.205162051181492 0.192965991100910 0.299940709739853 0.172120598548192 0.226656027263431 0.243568428909499 0.136177939300342 0.301536860296680 0.186944730455929 0.096211970306176 0.362466165757870 0.0987237081194538 0.176377544971371 0.388601777043173 0.320958544548040 0.389975704740304 0.263651989365374 0.470662435240506 0.294171712277722 0.0937422677191469 0.205177020757099 0.0391978225817927 0.193537231576003 0.129474406383878 0.363470403725025 0.0812749593795008 0.0744859984390989 0.255823200799586 0.27746152466329 0.229047451758724 0.300788956807976 0.230225803023968 0.179288106168078 0.0899415266759184
0.0698500632318505 0.0556622781444144 0.123568616328611 0.07907378236837 0.12779183933605 0.186979538573084 0.0377699902279778 0.140290754708209 0.393245307847046 0 0.4281600881551 0.269913111221118 0.468849124056694 0.144897598291115 0.0592851419405123 0.115883256883237 0.193932073716141 0.117815767485704 0.060027951666662 0.0475143182162783 0.125649810991158 0.0158746203884762 0.176538592854453 0.315038706123506 0.140996103867034 0.0146687454347596 0.196633887418031 0.0506679867554077 0.0862835281545605 0.272599411124076 0.342202214774608 0.0782836206445771 0.682832399821328 0.104246464483144 0.142702407933014 0.384381964123146 0.077592193790453 0.0501235524870413 0.20798208541007 0.194288103283635 0.215224100228621 0.00394839127100019 0.173266208412767 0.298251623903069 0.0130799833566479 0.114380879679601 0.0301973810958408 0.140687786233522 0.00191688695125041 0.152736388076011 0.564969031489984 0.512422506633081 0.515887770245318 0.704006092982652 0.342112258856478 0.273109258185424 0.189386765043991 0.206755292406585 0.132410933705737 0.0987505354475779 0.104044681549403 0.0155351932125577 0.0914624810650883 0.0203685546654743 0.0595829946238401 0.164934168568341 0.146262928530967 0.179416449083727 0.0111597254451778 0.187050208838082 0.120241627379458 0.0803922107461698 0.194096193621170 0.55826684124994 0.115640397137285 0.555006019264281 0.19595687897952 0.242165790002654 0.273504349874945 0.0747518517760549 0.0548014327894847 0.447167877907801 0.0668217815692081 0.224621024491015 0.071952307475855 0.0487260785490218 0.140146932364827 0.053959815027495 0.0574980006232752 0.044012304202283 0.575441792691741 0.233817560950947 0.047324879854011 0.29699934511963 0.216238867108394 0.0755610813770974 0.0497076470229748 0.638390054049458 0.313514472386417 0.290381895075441
0.140819196788193 0.120285525688574 0.137774231989772 0.145733357642716 0.140409579182148 0.294940563519937 0.275650567097707 0.0176704850988501 0.5548398827565 0.4281600881551 0 0.664519935329065 0.516038088652401 0.393926928128649 0.290091822902057 0.147122180433963 0.093225501075727 0.171356360278583 0.398963229008666 0.302509166994825 0.327622875611490 0.423962414522427 0.0751890407900637 0.332492146243752 0.245859401420822 0.0894540903878697 0.320846694987308 0.394548127022049 0.336837945318127 0.00558989491835384 0.413747750675593 0.233702264519956 0.340595849568216 0.159563314233549 0.251726822062992 0.0322660970692186 0.0345884753000002 0.06609496812665 0.161722285914416 0.139603687310446 0.187637700039836 0.419443476566979 0.175915741744351 0.0437727347245291 0.0275235841084963 0.227064612695142 0.345104551405508 0.137243164067737 0.288320274795261 0.222466417705937 0.117414246682322 0.243385662596518 0.0891239946273076 0.450488267346359 0.607930299565697 0.0748695275645383 0.277278368574727 0.261864561408858 0.265231657852947 0.093284714608277 0.231203335591366 0.389484102521776 0.398377718333534 0.360032504586879 0.250708771658711 0.0250663066623798 0.369253578515210 0.27599955288074 0.136114664458297 0.368415293684299 0.430216924408868 0.307269126359652 0.0625055930191412 0.3617913548455 0.133353522972564 0.0929015532080252 0.275150870549908 0.0399305514821226 0.159782082287689 0.0909043705349188 0.049580170489864 0.0421521707092416 0.154461560429365 0.0299822249565227 0.213363733846339 0.0560996313280665 0.0581796396688494 0.167410064039942 0.161560432507856 0.127459543009014 0.355639439304913 0.0565551132249976 0.121010829012953 0.0942545218432175 0.0881578864800287 0.115835324481024 0.105558110139704 0.241887293435494 0.0595449703175116 0.032053012124623
0.207580138074785 0.102105445065882 0.193503634518769 0.182684255623937 0.203114816405259 0.373973043280236 0.314591731770663 0.114101434831730 0.369394262419068 0.269913111221118 0.664519935329065 0 0.310284955302854 0.487417288340982 0.265609936183287 0.128530869469434 0.172092442567919 0.508480255656999 0.702145295768167 0.539710459147970 0.619073637386214 0.579438652838882 0.0326891820932266 0.133413308328325 0.243161685034595 0.046540428426432 0.354190911688653 0.39878443273069 0.458352508188989 0.000364473126267034 0.205903208200132 0.248237665794259 0.142817185871306 0.0924785332595186 0.490458444962466 0.0368207149698495 0.0345394966035778 0.076960734094938 0.0786318697739563 0.141880006740383 0.130607079479507 0.492087270898198 0.472587996855196 0.134116999493016 0.0748375952725012 0.190040707745034 0.355845367883811 0.140873595354359 0.234223200543036 0.174798403204816 0.158221676935570 0.0802016620225986 0.0574025431639874 0.361560314337096 0.579906125056073 0.00828472327145265 0.350941413849442 0.171756645655432 0.174985472391165 0.0571949268864214 0.219386914278696 0.432196516093876 0.474659732495978 0.376007726909877 0.292741624810859 0.00463237195144732 0.0550728447064058 0.255771866367942 0.0901965996842342 0.369780809771969 0.314487428337925 0.330675096730121 0.120952336000783 0.163738211376704 0.0627796850710122 0.0900241633593197 0.102963144243159 0.0159825654733627 0.117050030997227 0.0502235526527106 0.126573751558605 0.150953295275309 0.147132349381887 0.231688992720119 0.266735640323663 0.201436061218998 0.0718753637597058 0.177033205729277 0.128676875288680 0.0473759827472558 0.187696533393188 0.0555150158419466 0.0673290757119954 0.110134666364825 0.0781133999232712 0.123843517499667 0.083824113690677 0.101135962563144 0.0408033390895596 0.123969383557668
0.304221659119517 0.0298799421385174 0.232662928736297 0.311663023555987 0.230675159981293 0.325669149882098 0.0413150993482994 0.0971252770985172 0.195288593599568 0.468849124056694 0.516038088652401 0.310284955302854 0 0.642437795351891 0.00806147764180297 0.0305814429788748 0.362816359721313 0.0532359400141784 0.289776811870061 0.328610123176928 0.0779375116790884 0.028545976661659 0.0299696132652078 0.299968814840486 0.279546379035504 0.0248705537970716 0.424626321880767 0.276598937818050 0.204213311455612 0.087587956260182 0.431880987348847 0.0580734358090563 0.468793959044625 0.121539586246156 0.0634733420584086 0.0613560825181837 0.0419461069749759 0.126002345431602 0.0483935079511089 0.0254043648924015 0.0541656769423196 0.12566715688783 0.0912251037998929 0.116817122756316 0.0191001657005038 0.196101271784648 0.39749810553043 0.243966938862541 0.313458037131816 0.101594338449433 0.242996296737677 0.286607348530639 0.133343659780861 0.399879859442746 0.403172106052721 0.0848156171586711 0.267229569179374 0.144028129042181 0.0266756665711487 0.107217396577877 0.134097035985303 0.369455667514048 0.395743488668769 0.222836649134616 0.048296839354702 0.0701031092348357 0.259089594300498 0.179196370645782 0.0120813567011044 0.317635128717254 0.222456981204765 0.181414147448651 0.173415122586995 0.368107370762677 0.0423497815621348 0.314665340663613 0.0862508984935436 0.104415822610374 0.0267946388315139 0.0724283271344758 0.0547035743834833 0.149104029653039 0.190499327263451 0.0710365285325112 0.0352913462516887 0.0999923046032344 0.126565937815942 0.105136945669750 0.210684983135772 0.0577241039453457 0.379817916488148 0.141603997440754 0.157517443910945 0.253411716959217 0.167159336543024 0.0173294044025982 0.103971856428952 0.314740443692809 0.0502847897739512 0.0158384618551480
0.576799324473844 0.0248148593645736 0.373997881200321 0.503465360637796 0.343149084504619 0.357534839628413 0.229954474991687 0.0111151202901133 0.199605376486337 0.144897598291115 0.393926928128649 0.487417288340982 0.642437795351891 0 0.188011245561552 0.229775957560901 0.0982462731309112 0.561193578223107 0.608455282238215 0.652678103782348 0.533719930612786 0.378459567341633 0.0686744546840164 0.194166503908736 0.279766395294285 0.0186783494709202 0.420805725336776 0.433849518197186 0.460948928924724 0.0797762828539854 0.393722453193302 0.180643211803699 0.291076096533502 0.273880878285785 0.490116542275787 0.111462947348082 0.110382828036782 0.280749877053757 0.0546804770359751 0.151074494085127 0.13028215044658 0.328416075839225 0.420499361178292 0.20932192989638 0.119234385011643 0.296224230007018 0.570759702816134 0.317442060516233 0.374574259524681 0.081989449697756 0.117579331513401 0.0843224740804363 0.0894837177566135 0.250271238643013 0.421249766675525 0.0292260379531675 0.595218701991544 0.091365562330732 0.0190958020697334 0.0629130592127408 0.281435042471137 0.512335765977777 0.603395414060517 0.431290758386032 0.162044275880341 0.124559265095572 0.184658734697001 0.254402552055035 0.0660507083497927 0.314552321775268 0.259899734789204 0.398195634314157 0.239982899766480 0.252339694798427 0.062260301745486 0.173273801354806 0.167726604874635 0.0547996398312462 0.182853578646771 0.0628507012457284 0.206173105777189 0.0412780446962140 0.0679826523611488 0.251057826980431 0.225313143985184 0.229269164407447 0.0998436723954902 0.0281239233328408 0.116956105815422 0.0820590771165796 0.353843983429009 0.111772271367189 0.0856308642864172 0.117992471681756 0.104865201742206 0.133969649677259 0.0776832439135456 0.279901796384624 0.185426430351235 0.0543331066502825
0.358516663140289 0.23095413953265 0.433580374559595 0.317209010512842 0.227609024068702 0.225240629473083 0.89527238737276 0.287526377525241 0.486529769656646 0.0592851419405123 0.290091822902057 0.265609936183287 0.00806147764180297 0.188011245561552 0 0.737316688295791 0.543618649328346 0.437046602854054 0.342647520586991 0.330436315940964 0.347503664330053 0.509228581939705 0.537578048395049 0.0844983033935758 0.287437585756081 0.368049744759697 0.35959451188629 0.519183652230576 0.51690244042235 0.291141895766649 0.0400767555138635 0.332679431881161 0.113224725904162 0.0123853299199804 0.342490074658087 0.215710483611333 0.533418743212136 0.449201381281646 0.169056569391255 0.214321768187812 0.618810473890195 0.529471032767004 0.335311527877089 0.297789231942873 0.315352613591176 0.380005448068599 0.330812421582027 0.185305678375094 0.265548254691223 0.600821014490369 0.0160204782603901 0.155646974871079 0.195729438309651 0.105234872612446 0.250469034124092 0.0389016691582087 0.172989582444146 0.612896930574176 0.664651436747059 0.377919885768012 0.341644583837278 0.185163449100067 0.302065429562365 0.473742232273729 0.377810776031965 0.387184038427573 0.0488235137217594 0.396258058738941 0.341865188442897 0.271065710993936 0.482857020475394 0.480948584933963 0.260782093090976 0.00642203924702375 0.187699274357160 0.187436135126206 0.201767784808483 0.211688736216556 0.302109664760123 0.279767094533014 0.393412993327421 0.0818095472488988 0.294660322678870 0.246894425831765 0.425009535117429 0.326262294768827 0.364654873889752 0.168940584642487 0.195107462182968 0.190823250263763 0.0397613138915899 0.0204698111406372 0.131768193051328 0.148082730972295 0.263349941213807 0.240815764593625 0.329915214334507 0.110366855156828 0.0056211308681437 0.0610981227515867
0.421309292102169 0.315335447871474 0.576987458944497 0.49249629551862 0.394336045437284 0.366156989480422 0.794262057316809 0.323073489526629 0.361573293756755 0.115883256883237 0.147122180433963 0.128530869469434 0.0305814429788748 0.229775957560901 0.737316688295791 0 0.447337875115932 0.60388753398019 0.285675909458764 0.392080315213505 0.318211648942133 0.375348516895916 0.534242773722756 0.0278016756981546 0.401818182086941 0.518394459197714 0.252601149473283 0.465720452305458 0.605233302445292 0.42600391637306 0.0616812507985735 0.409921289821721 0.143567463847738 0.278618690333579 0.369712715891256 0.370463450709054 0.390930770995008 0.39545672110358 0.204408489708300 0.081344945231064 0.44723797656973 0.350865242171129 0.388672322738243 0.449348785275194 0.392955878708579 0.494323343449055 0.377279174576311 0.42136354530602 0.449111724691902 0.568577162508205 0.0804315259841736 0.165101422168030 0.298464783264162 0.0445230069850774 0.224368499140005 0.124217064360549 0.140136159880395 0.515700085070829 0.755642630367137 0.315171705803435 0.432855569474324 0.161311220590747 0.361606766328498 0.638214160645048 0.333632917105951 0.410229166869089 0.114585132705444 0.45479510925055 0.492559166673713 0.215327972627642 0.440779867671774 0.558809854127221 0.457493715119816 0.00543056062425563 0.337152806180658 0.201456492051153 0.27089076295526 0.383938130600493 0.482468054456776 0.276015934241637 0.373899993429118 0.125203616298103 0.174760152124892 0.214598332217471 0.442267982197837 0.51244301662572 0.480321525027645 0.237285285054813 0.334934820046755 0.0877296618166202 0.0257053389443034 0.125957798235783 0.209712254677962 0.388113661966637 0.399826539439003 0.367947823003410 0.364173596311221 0.133742379137563 0.157867202508716 0.000472531900014983
0.24737711830657 0.176592242850043 0.143992567727789 0.121649797701344 0.0924761056377428 0.157387522419182 0.492336953072317 0.291151243963963 0.312008966817403 0.193932073716141 0.093225501075727 0.172092442567919 0.362816359721313 0.0982462731309112 0.543618649328346 0.447337875115932 0 0.607494712131977 0.232840482075504 0.187020715891655 0.439707346975452 0.392208782729736 0.119917252008463 0.0104445458115152 0.00965939047424624 0.272716633964140 0.0052253006160511 0.16471637598094 0.16678497377273 0.0151946342081545 0.049771193353665 0.159741427482300 0.23783235523478 0.0220236101709532 0.378103074425992 0.203244012201312 0.374389751717469 0.313105839169421 0.385089692366712 0.150452723284762 0.443587556572917 0.237903392906091 0.286311996567637 0.0563786771559322 0.390020365241359 0.105851935889683 0.179821944063239 0.0198619994931012 0.115028100648347 0.282075789321318 0.0769088253647348 0.0341070384888092 0.0229160247919813 0.0906508302503388 0.00115741844985653 0.0982410769942726 0.338957559492207 0.280844653008549 0.332105815897284 0.640487193047548 0.439661351228031 0.115059728340722 0.101883086423674 0.238959531940397 0.225308812903423 0.137884883340678 0.033927575424536 0.106955264338652 0.227338573588358 0.0546154506132319 0.154587965371462 0.0838415619165555 0.0331155589534526 0.117803809978878 0.0181799160316308 0.118663452630451 0.0644997380359812 0.0552529813374097 0.22268099281811 0.0880548209664747 0.276334811392638 0.0261532568484637 0.0596245589142351 0.0206844330596126 0.252745772206383 0.0442438699870995 0.148169102307411 0.151510814602015 0.407412593854158 0.356618232017792 0.0316893240749406 0.257962672429415 0.288167505615921 0.0490107601089507 0.0147252830901846 0.264686863261774 0.425018970702032 0.0380516823762267 0.18493296218506 0.116197685001316
0.485577690179525 0.141561150000638 0.464922176653319 0.5446058727908 0.452541543970099 0.503104577839026 0.540165722731715 0.147707327057791 0.245435441161066 0.117815767485704 0.171356360278583 0.508480255656999 0.0532359400141784 0.561193578223107 0.437046602854054 0.60388753398019 0.607494712131977 0 0.741147503072587 0.694046056589826 0.662692278738985 0.565813516020806 0.140727982707566 0.0471632445916662 0.429082333680297 0.328853513039375 0.316223201898809 0.507271234690213 0.608016286754868 0.229754059638467 0.207985739744963 0.391259292781638 0.0641153644648484 0.286918440473592 0.596476423838361 0.354472633314259 0.0736282105017936 0.0560896742131545 0.214629480209414 0.113847662982061 0.196199720415956 0.437088968429568 0.538270656126338 0.343222081821915 0.303314230589592 0.445417091350333 0.523924830974796 0.406539148200217 0.447667022042263 0.255290218212449 0.0744953823108401 0.00714080722520151 0.113567406169754 0.051576483609962 0.424330156502246 0.178866773244702 0.460819443158676 0.186784739753815 0.321569086362385 0.280615916380537 0.489102652201372 0.515790120920964 0.565941166371421 0.567635374673172 0.329274041325986 0.0798113999847019 0.115633658963392 0.442497709126726 0.252635746751119 0.299326699326297 0.393950451454005 0.516338018301865 0.342037707331053 0.0170432280751130 0.186080027691337 0.126234607893048 0.161345444054694 0.220875882950294 0.383911028996102 0.0427427426374067 0.00277588455283191 0.0882016360606512 0.21572812077111 0.165544148565207 0.422161972554157 0.329698378575774 0.322434420346792 0.159974169168207 0.285811922815686 0.255874322003555 0.176284848556163 0.0381067492739753 0.191997656728736 0.215282961203958 0.183104209595298 0.370015538742502 0.379105632926601 0.000932852569310603 0.0413535504954654 0.0211359753049019
0.45766126918598 0.0723000648566846 0.461447416394363 0.52614037061904 0.405623796710417 0.457389058636596 0.359431602631202 0.0772511119978828 0.114408022769378 0.060027951666662 0.398963229008666 0.702145295768167 0.289776811870061 0.608455282238215 0.342647520586991 0.285675909458764 0.232840482075504 0.741147503072587 0 0.85713285750216 0.682050116022183 0.559046186450816 0.0813853483189877 0.126479702966923 0.537372984510441 0.0870152429874784 0.478350271379123 0.596584312473853 0.634482314076507 0.219919227283283 0.185152266167729 0.299158206801318 0.0567483754977599 0.186467440698241 0.546210477342573 0.260136629365126 0.0948339905900524 0.166282768366554 0.0361312303348079 0.149876055066446 0.0261170936170789 0.556342776274863 0.57074192922873 0.325271713625382 0.0431113781948185 0.356227598051409 0.561378823453318 0.358735334718646 0.413793027335004 0.0929031757097834 0.0294787623155277 0.0987779576619784 0.0806234235798007 0.190315896201301 0.481792938386344 0.0504634172259935 0.327537953912536 0.0770381887519022 0.115131007338006 0.0106507711326552 0.252898185122458 0.653391321842922 0.648046126767869 0.385144313486569 0.25532723635122 0.156817526075360 0.135465994658865 0.512577396588383 0.0206116523087075 0.445111807083051 0.404602830334983 0.503148412765211 0.299600362036364 0.00874406376392875 0.0591280567662874 0.137086542316706 0.0870917298138635 0.0822075111531679 0.281437409082959 0.160620972544452 0.177664136692927 0.291260900347666 0.218807932285567 0.377100248578173 0.263636274935998 0.251925978493105 0.116767315550087 0.00572551047277152 0.0620389250587311 0.123069811844590 0.0601149250194048 0.099141551121842 0.0542930177022746 0.0172115174367293 0.0326860052779741 0.183210995122021 0.195562711599917 0.00599526678551168 0.00115846471453945 0.239286114558663
0.552200412492811 0.156979321015678 0.57261712096341 0.68823198623708 0.447215610893411 0.390173928255409 0.318293687446152 0.138131130640796 0.112927323175846 0.0475143182162783 0.302509166994825 0.539710459147970 0.328610123176928 0.652678103782348 0.330436315940964 0.392080315213505 0.187020715891655 0.694046056589826 0.85713285750216 0 0.60402425723094 0.450530620454494 0.108399081291801 0.101936498845406 0.515008000159746 0.0369685949423347 0.515442602197261 0.633622153557104 0.728171426882725 0.357394572670074 0.127864134394933 0.312441114978915 0.0881284987898341 0.252110370180002 0.541054830916348 0.188245708232058 0.096274433733050 0.297155122047581 0.0745449316700989 0.0836937454186976 0.0915903442356093 0.485821017668116 0.621176009766475 0.507597437783196 0.0898823017265115 0.503654293410805 0.697470828465043 0.527536480942478 0.495559015756555 0.108861318349556 0.074675089353819 0.137199639084707 0.195453682249322 0.165127172754762 0.492432558997394 0.122472029367155 0.341487266279335 0.114596052468560 0.152926405092126 0.00599547488745688 0.258613756392057 0.683644716459033 0.812209673441325 0.497450803393789 0.182708994937290 0.211461217985274 0.0568951618422696 0.570451583218051 0.0830523761649162 0.427228058691994 0.351024058977563 0.633262786819995 0.477329593343715 0.0144351109026569 0.118472408444999 0.219729270387501 0.0829175876836588 0.181539968905701 0.34431343707635 0.0835007408966134 0.165796415710838 0.276619385168741 0.106880292138593 0.38335043825219 0.269601622876059 0.452015165968094 0.127265810700679 0.034494337497519 0.0540824117329162 0.02148724914332 0.0277949322087578 0.252864798105263 0.0560235809215435 0.0821271464808342 0.137841279353656 0.186906719264504 0.174267419116500 0.020240233462815 0.0611833373464409 0.308287428298999
0.381430163066073 0.0660191225353682 0.258982260878763 0.115050458054905 0.0009103727561492 0.0457494864636553 0.360521199229941 0.0655753993976218 0.179830996378155 0.125649810991158 0.327622875611490 0.619073637386214 0.0779375116790884 0.533719930612786 0.347503664330053 0.318211648942133 0.439707346975452 0.662692278738985 0.682050116022183 0.60402425723094 0 0.682265791956852 0.0181068849261210 0.060551989383969 0.097714395171035 0.0621974968307372 0.00849892343416227 0.337936949424263 0.503366470835019 0.0755911039148892 0.137887150124558 0.251906175578647 0.029208835407957 0.298569947021712 0.88909448861539 0.237872079452364 0.0789957527807415 0.0817805391282827 0.133808986719029 0.0586230398065924 0.0955489833531645 0.368384910884749 0.817999105533104 0.135265736188880 0.302535357436559 0.291147928512762 0.356538446848794 0.103766675610664 0.280098132263425 0.24262609704746 0.00274579112872328 0.124150306363420 0.0692100691309073 0.0766956220290743 0.247267020577787 0.0146304691471087 0.307074699451036 0.162183489049225 0.195899429163034 0.281316041363297 0.374126937535689 0.391002450954868 0.353808449074259 0.447220788954379 0.304673036610723 0.0658043294223272 0.00372589061041107 0.218859569869793 0.0784563193339119 0.00649443257100032 0.266934421685590 0.311672855977126 0.120482355506748 0.00584931037477274 0.0376283019689791 0.0351133750967901 0.244333279818541 0.179367511785836 0.325612868514459 0.0395173361001537 0.0515006476661273 0.144863375719476 0.200168698777276 0.368105326068743 0.314191051674145 0.339293223758372 0.0698094876740354 0.0924209455407254 0.146247401516504 0.199940631772656 0.117558164233665 0.159989188975682 0.167301044072515 0.148301762603629 0.0554745365789961 0.358635867994019 0.300292962968129 0.054407256124392 0.172300508202357 0.000457376176939407
0.218244317543606 0.172467787923886 0.231628284134498 0.236943746707704 0.202994828959780 0.24895810270467 0.509113911380619 0.103738534228157 0.351787144123217 0.0158746203884762 0.423962414522427 0.579438652838882 0.028545976661659 0.378459567341633 0.509228581939705 0.375348516895916 0.392208782729736 0.565813516020806 0.559046186450816 0.450530620454494 0.682265791956852 0 0.140020055181812 0.00765230628237518 0.295000475600408 0.223979717414426 0.316045945739978 0.551362770656367 0.700697239969 0.115834796291137 0.246702230353472 0.69767552538679 0.0836668247412462 0.398041325176496 0.661870899708939 0.278183941840995 0.151040415598106 0.125952532900218 0.135523619721017 0.0381048669194803 0.323169657591901 0.784759118321992 0.567849310459953 0.177670423490086 0.199628400172343 0.154173331678271 0.284154988418096 0.120308433690319 0.24334500803156 0.234689503215223 0.083744925047585 0.0460179742749781 0.0383887404588658 0.207447794306823 0.444037383775963 0.0132327002153251 0.309888450190573 0.211984029904303 0.288213445003361 0.0735495849151499 0.192650808697876 0.274171772835542 0.369384016645834 0.520650323079647 0.740491856195426 0.0598334463247775 0.0167244794019763 0.252671464671288 0.192570216021817 0.341715332765216 0.486428554870677 0.591246470071634 0.188409091944712 0.0904754447333584 0.42162808967382 0.0704650278104027 0.458025778372965 0.386467345843647 0.269697234916928 0.101018435843299 0.0566059750953283 0.0706751836387528 0.100875881489371 0.090793719743885 0.776480044366841 0.375268785519744 0.145013435592555 0.0901238539554775 0.0471109135034914 0.233984076037677 0.202940337080350 0.0237837265602778 0.169976766169900 0.118746602733786 0.00757848818992199 0.214774238616073 0.249193438873859 0.0146531843906525 0.0432312077831494 0.0799982655132292
