0 0.547925305374719 0.853516307227298 0.809134785668481 0.696494987632253 0.547347665853384 0.82993157345101 0.60563228468832 0.633948148725689 0.514781401005327 0.776457599098968 0.732188796987944 0.685505706460296 0.70963706293448 0.831377723015245 0.732347050885809 0.140941708053492 0.538766727300792 0.698320763386964 0.749369046269638 0.836454485425326 0.755506484377528 0.834610215165286 0.62398509325139 0.700555486443704 0.5975181699361 0.755416113141857 0.611135497739379 0.432508997754495 0.761871879167147 0.787836338306913 0.732177683316012 0.577145161222905 0.665489739946577 0.752550965840792 0.512693668404714 0.583444325568706 0.743684614741807 0.599201263070168 0.591806666026237 0.690040228900113 0.683311544593934 0.636622473698507 0.914565077888917 0.355629357845511 0.666292482156274 0.717433231377335 0.548705306085585 0.429270524394649 0.817795750093103 0.569463645044814 0.629584209561268 0.356827730042273 0.671235722996766 0.581956681662363 0.794779460938787 0.66265677182019 0.695512554074512 0.648781602749607 0.154994945438668 0.604721917148517 0.592253268402252 0.7704310504859 0.600270504821486 0.679127722959836 0.793237045892207 0.716107048884298 0.648853472938887 0.44049720729341 0.667389207408896 0.689510771923655 0.514931685796851 0.592121056807591 0.753036638979852 0.698117004416048 0.615238166003897 0.307965758895803 0.543477799736111 0.271554332618887 0.577920168520937 0.369120255001842 0.190271611597547 0.463059682238482 0.437532607425517 0.675929780837292 0.566276569797775 0.338738695778979 0.257552327229545 0.451103501836298 0.675494241962288 0.752680853211435 0.418296597660784 0.447230200863639 0.321436024628699 0.289193750692769 0.369418686688452 0.604820396589535 0.58827680587636 0.476611428141683 0.272180917603215
0.547925305374719 0 0.331204542446036 0.335252653195075 0.672209109048858 0.529645990422854 0.588148259266194 0.685916825893502 0.553488752331853 0.365883928422688 0.325273072652250 0.318630053250147 0.345603930037273 0.338560648987815 0.500296857047222 0.352705680371677 0.280489902107412 0.328180282571247 0.139340198684556 0.241123656730512 0.521452269039274 0.299909266326954 0.491645093998494 0.338410107296411 0.578236166761179 0.64142564566965 0.461036478422969 0.211242598041297 0.0729422378404446 0.862438480463593 0.506383318379982 0.209841985823288 0.439108349605237 0.438203969295835 0.515811765582131 0.86368543375473 0.813726094086434 0.713716764261511 0.875676380000952 0.451179807096474 0.536473424278122 0.166554458125400 0.165529452647119 0.347002005957652 0.281479842261343 0.317599114484594 0.141021072075606 0.39982414961449 0.157978149493402 0.477209804259435 0.410519281240911 0.388547065896875 0.0144357105567753 0.201338981641374 0.194546136348469 0.192697218631213 0.0074987128801215 0.40703575943153 0.430227935822759 0.00980184418342 0.331370272519454 0.0149327371369361 0.065192979322102 0.00836011320864134 0.244215060659161 0.476853239005842 0.467227135936508 0.404967462203882 0.474108329343192 0.331977530661363 0.200440335579595 0.0954314622862174 0.229574198678882 0.419194639082622 0.271081008859472 0.0841191761568199 0.0610477541692951 0.175195348336203 0.420747368103004 0.450136466993313 0.307996793475242 0.0086724651893339 0.225565158356761 0.248069982257460 0.144587247668128 0.224181376629992 0.0349483315720201 0.0160158727951964 0.559388157725525 0.266274996670022 0.476975932691003 0.71804047264794 0.356946002912559 0.0204403994181817 0.0638429857584663 0.242137247462360 0.221299681010982 0.312481018013286 0.486663312584656 0.123503976797053
0.853516307227298 0.331204542446036 0 0.820159189030912 0.455137175033467 0.453897383145463 0.646627222479207 0.442045550399327 0.4861785405026 0.428522982124488 0.706505079214678 0.704579641958433 0.690875582250584 0.684675191832107 0.628635378931145 0.630518752542521 0.0945787097205889 0.504889392634619 0.74759597214294 0.783660792113465 0.708686384064499 0.621579462135114 0.751255967728589 0.520061070181096 0.612981199508722 0.508444115298553 0.699653061918736 0.597137049460199 0.433700851648572 0.582256241126713 0.702186920886037 0.589647438639874 0.568946015801022 0.505315081300897 0.569192477414792 0.308873984776249 0.313701612091817 0.536614660927774 0.387041933803087 0.428712180852603 0.504878691437656 0.618102078425236 0.55979459667291 0.807706043282649 0.202877685907901 0.738595416335743 0.693257730690928 0.388955897378445 0.364980480338517 0.640675955667496 0.399275426470408 0.495383415921169 0.249878872600584 0.611463788545319 0.48250838668097 0.763969003544656 0.661779600964459 0.474831655371537 0.471689964633645 0.00201315493129818 0.470244580292268 0.532959541355893 0.70142986275655 0.515528064992917 0.536304380973669 0.682361343300332 0.561258744219577 0.64143759504665 0.418041603071472 0.651036011343959 0.609655872308882 0.387597241879381 0.431936322538814 0.598497100400314 0.538725566541497 0.587271335454588 0.341643103767402 0.385086471064507 0.0437618752155057 0.398992516113787 0.188105317814697 0.145503175579760 0.312006508959380 0.302486013407383 0.57338617876244 0.450731856419412 0.401448865753157 0.362981882757372 0.390914379606195 0.604550128400408 0.739196299451529 0.36943470908942 0.352481454221902 0.372391868093980 0.337381375073738 0.242360508193215 0.416235032363768 0.490505034370122 0.324150703441678 0.202098497725181
0.809134785668481 0.335252653195075 0.820159189030912 0 0.650975417674562 0.652080913545815 0.59889628326275 0.593245524625473 0.64718640311698 0.574049484193788 0.831895270817553 0.824671666209629 0.487367840829477 0.490048520300989 0.594121842021797 0.576190009930446 0.240890354882307 0.528992776522209 0.773876045658728 0.61687236675758 0.643933779019324 0.518661890207796 0.658272767438536 0.365860480804657 0.602510012602651 0.325429517414150 0.493288534779251 0.294315656314323 0.137635896380275 0.510099759322141 0.466690681205421 0.466737505158745 0.274952447130484 0.40513152558902 0.478823358233121 0.378975220012293 0.433789504455498 0.54463397528832 0.399626325385078 0.497282224565758 0.555358918069904 0.459715663706621 0.354330739767799 0.796189684516713 0.333781273266514 0.518005580962578 0.83203455856749 0.587834401948917 0.616608783260902 0.649489969892423 0.4693856977829 0.620965228707912 0.36223484011527 0.736165037299293 0.694982432646844 0.727970245781995 0.641091802334499 0.516594479019855 0.529777926723333 0.248357100890847 0.630936515884123 0.683820135333405 0.723053016869285 0.588283614668628 0.432026395029516 0.594978676323978 0.521964867966343 0.590447243177414 0.173580396460581 0.424357238068577 0.359233257466092 0.213847744616165 0.495449991529469 0.525482811286291 0.434970189160222 0.430379227383312 0.100813839737999 0.307682133154616 0.218922378441621 0.462420159901745 0.257123872419652 0.209580529690833 0.389050394773677 0.385855542841691 0.459045323132773 0.264184501744542 0.082110232478291 0.101487083343895 0.186985974261247 0.4797138463131 0.489481560178145 0.172417805220174 0.274660855930794 0.0613714557070391 0.155435384333896 0.232061705371082 0.454471335111436 0.398871685605137 0.303592598250958 0.0620469368096961
0.696494987632253 0.672209109048858 0.455137175033467 0.650975417674562 0 0.824598960105667 0.554587549683218 0.782831402781267 0.741692466875017 0.610844065833344 0.667282527194067 0.619979730257331 0.263817903361533 0.368944839691428 0.555309798209003 0.438908134110919 0.524099612461477 0.588764966867586 0.433185650372300 0.318804746393696 0.619551318798236 0.298342171394737 0.507301899502829 0.225987967679181 0.605269080742725 0.333661943612679 0.313757568507944 0.0413733258819182 0.0893815770494217 0.697961729233929 0.334383661615818 0.28385596300452 0.195152803817459 0.39235112065421 0.460442439074486 0.726286781292683 0.755564215810872 0.719607887961567 0.657104085767926 0.515978732799196 0.61866660820831 0.173806915504506 0.143104086046102 0.55206884664354 0.372459178310858 0.188178651963935 0.52631320287343 0.738564937283637 0.599810451004788 0.573057711108015 0.553587339205522 0.597069873823844 0.387223074366776 0.547007908457671 0.593011593294705 0.414888189686425 0.246805300248156 0.53336647920587 0.504933099279022 0.364386706596326 0.66134623118402 0.431891900682342 0.369574956994702 0.354675026362614 0.242767777892015 0.466197066438649 0.429194732473978 0.397201789750658 0.0757660463972053 0.169966999231006 0.129411335638911 0.0573677813968007 0.41424088719657 0.434797105268339 0.296284561943616 0.132125154011891 0.194234305047079 0.165306698774532 0.496059991340928 0.517311698139123 0.393941155733793 0.111632801448370 0.352854237132859 0.387254759569987 0.186144229187760 0.160759291392420 0.194757898113046 0.191733899920102 0.225291978120592 0.314356194296931 0.323823654842792 0.319088781068412 0.128369525623836 0.198175706546595 0.124524905767511 0.205740007029135 0.364619086713991 0.313992510671390 0.362572795670624 0.0634718656350039
0.547347665853384 0.529645990422854 0.453897383145463 0.652080913545815 0.824598960105667 0 0.458770755385211 0.669980157653394 0.643898618817077 0.497350837751868 0.601166904309671 0.537079634685196 0.258732999514311 0.285498649684374 0.406707985256991 0.356162684178081 0.666834211914474 0.609944684864064 0.535008895948903 0.299445877049743 0.405383253259085 0.0943360560132456 0.447694716714519 0.0955975229333708 0.419266386444049 0.172722614357001 0.190388119385625 0.0586251346333657 0.157304636871487 0.495681714654665 0.139281621993167 0.0958704334109096 0.134682018299839 0.189406597612810 0.217608043075419 0.604623913160633 0.574886759635447 0.628999350574869 0.55139094555481 0.399308574791069 0.484195569445767 0.0217226262960738 0.00883078861447049 0.472516096444978 0.263030889205976 0.142877834745852 0.538851801958694 0.641139634163944 0.591845197780233 0.422663186615327 0.451634793638792 0.487212872983186 0.360862022895045 0.428307256765787 0.504129526396919 0.335619246628354 0.205641388794987 0.32547740473069 0.330172448073516 0.305576775311439 0.644737870997497 0.43533346908052 0.303615201680727 0.223836681297075 0.0274600442757878 0.383418331795057 0.240420244111419 0.334053997140779 0.0425082610024157 0.074169486609608 0.0108403221756339 0.099215330534481 0.280636343161852 0.252911591958171 0.0745118576322338 0.0597207235488605 0.205004807339911 0.0313108822174531 0.319276104617473 0.355260561679127 0.235476055859112 0.08941703602737 0.166207724950711 0.229051491028524 0.0198461404483212 0.047217687846933 0.289581317758820 0.253313833575826 0.127846597609457 0.166604995722794 0.225172687075634 0.160344790936123 0.0228766961488552 0.284974820136722 0.143529950542509 0.0649383810287491 0.178374745991741 0.178447129732059 0.23105801925397 0.120697057070316
0.82993157345101 0.588148259266194 0.646627222479207 0.59889628326275 0.554587549683218 0.458770755385211 0 0.543892555253367 0.616156271499885 0.272550276093835 0.597607431207235 0.494057050185263 0.606198464848023 0.564940232691937 0.952466788406292 0.733947838510421 0.0490681490485658 0.390542205698788 0.462549882916616 0.524378572062610 0.655303285308851 0.634753717156724 0.879027564399246 0.593526226116664 0.67109516600462 0.662207978421485 0.73314297815164 0.56447937379673 0.396240562731258 0.681800850466977 0.718076711622248 0.712650673236034 0.419505343177097 0.582268500698517 0.728835554023735 0.502292545799266 0.711377583320287 0.76933398640392 0.565755796444562 0.687961040240975 0.737572175258172 0.564841054759834 0.629291704111737 0.80518468395192 0.518485582684545 0.561549881039855 0.562638927181875 0.473061364109975 0.347390716528659 0.929608531909638 0.646858705906437 0.659876893929808 0.324074819347216 0.519039705112956 0.465576313218661 0.617822442152184 0.550491475547677 0.84624431639778 0.741720486802023 0.247433791923739 0.585859592563565 0.510346894440919 0.585143391263431 0.51012028603445 0.619893304696172 0.876730003907619 0.711631407553054 0.606405032755552 0.496072664037143 0.649242169118141 0.671457461726432 0.502854149661527 0.626568083697093 0.74304825033172 0.687888282549681 0.559188514235757 0.349786417090524 0.625070652616876 0.346270921193462 0.71550143250337 0.512099626147969 0.339125491688648 0.605781883593625 0.566339943031922 0.559110486485712 0.548633808110968 0.366719589344523 0.245293282988836 0.435785322182329 0.649555442846324 0.654789547622284 0.335205092835713 0.491149651085906 0.320559158857241 0.2687086372726 0.387120433277136 0.618463414127201 0.601411215651743 0.490700152933044 0.272820105486825
0.60563228468832 0.685916825893502 0.442045550399327 0.593245524625473 0.782831402781267 0.669980157653394 0.543892555253367 0 0.792344790293712 0.686047510505745 0.704113876870893 0.69215684765863 0.402420080054919 0.352863133299482 0.480752001271544 0.321382802373862 0.337827424921868 0.405805787133497 0.347504752760170 0.224315387255328 0.587585998837845 0.338817450522898 0.542606894832511 0.321695376311306 0.644363728568917 0.458913359510573 0.365160135256616 0.114907230284747 0.0315268630001111 0.706768566047985 0.388534549919489 0.286126413922431 0.28600891587675 0.464790706426523 0.527846328686999 0.676743002900128 0.750803843062962 0.681711493018493 0.747310424940206 0.476035896998347 0.58665186103691 0.253008390655091 0.189627933957891 0.559551376630989 0.353895720158837 0.383029822986633 0.497923554685073 0.680996127576311 0.510398653351492 0.574539206249604 0.489868784283894 0.584664949813503 0.371546635936888 0.592331124815116 0.567125478179817 0.425774841915607 0.241597809245094 0.459829465883997 0.502736678547559 0.237457651327422 0.595283236980675 0.351347364259458 0.300111044326945 0.258121687271016 0.320178243342516 0.524817293116446 0.519167892519653 0.521624548469071 0.254857980861427 0.280500996271815 0.172443637090183 0.0791173312333158 0.356502071519067 0.424864049006695 0.361442897859103 0.191550740130554 0.132475751541671 0.238996922766274 0.422949336162469 0.461756965876489 0.272060696997294 0.0725398186080876 0.285856757975513 0.297172277966911 0.284837227816378 0.213909955057710 0.094705497308495 0.0111515946266704 0.259763296366096 0.312894216332683 0.396735559004511 0.365124018668938 0.319216601794938 0.160011543493861 0.068933134255269 0.199191251433894 0.282659614850216 0.315432596287358 0.386870219540777 0.105368233170954
0.633948148725689 0.553488752331853 0.4861785405026 0.64718640311698 0.741692466875017 0.643898618817077 0.616156271499885 0.792344790293712 0 0.4323889503542 0.747379142958619 0.666441223992973 0.34387785309776 0.307433362696656 0.598882211391526 0.368278981947818 0.375258542735385 0.5470268853008 0.463401921997409 0.197185261941794 0.488378646593206 0.325028736482461 0.648597947556438 0.289433883446910 0.722061605640963 0.487449779746286 0.423835776584464 0.0759295809719782 0.104839135108764 0.575107476798439 0.378203093937927 0.354669901241192 0.123799136332072 0.343968928313245 0.495528131950035 0.62737567154654 0.748364959578599 0.641480717526271 0.546879806262679 0.702176802835459 0.801355554394153 0.209028643170082 0.170656531899057 0.624981544090395 0.581597599077167 0.323656058296638 0.570735999322463 0.751462015317339 0.672527537853814 0.702775481025019 0.740563452439245 0.858281840476666 0.481897376716953 0.716543083192233 0.769764294870944 0.523421276468112 0.389366822141409 0.61630536441463 0.573965292678888 0.489285719378542 0.803464291076786 0.576550449588386 0.334747651487993 0.408225153655483 0.347883838708123 0.674498341780012 0.493747704729995 0.636237520823272 0.262398301497968 0.344898071026067 0.183716676768062 0.0599704254594451 0.549329366240433 0.526477834129125 0.407345949721533 0.259273052283966 0.0620999097919765 0.352877646557694 0.570935926057572 0.680485118834805 0.559313707433439 0.431089677284722 0.597248345687861 0.625537275432003 0.255788317170384 0.121426927555515 0.0370454480761967 0.0379839638174779 0.219588437807456 0.461293261697335 0.403792359882401 0.170251892407873 0.264314480963440 0.0898824724113269 0.0155560126120647 0.261425949196214 0.423846718938373 0.473140871087924 0.401285743273554 0.0383027218474031
0.514781401005327 0.365883928422688 0.428522982124488 0.574049484193788 0.610844065833344 0.497350837751868 0.272550276093835 0.686047510505745 0.4323889503542 0 0.734385313039991 0.719034846469549 0.349533324659284 0.349801776259971 0.246517941076708 0.269424515313415 0.227387381233541 0.320218581692743 0.401694965124843 0.415941337386738 0.61785016995926 0.343038967798714 0.263478896062101 0.184386083272011 0.252998788649803 0.0454625648213395 0.11300711471566 0.15261635488012 0.095136348394501 0.552320288833107 0.219539987540742 0.254613646838254 0.280098646947013 0.366398653526965 0.349002291911570 0.336445271365816 0.332429228749667 0.343493827188434 0.492998563819593 0.00405754091076748 0.147674169356925 0.296652746964233 0.204657471785663 0.416005619109642 0.079665267836031 0.309442042934978 0.503412362419949 0.405513040065038 0.293909661335645 0.287986738912679 0.0904878288374215 0.171683822453603 0.206283511445810 0.479232865979055 0.388234212980731 0.431099031010003 0.272537419593366 0.205732170469701 0.274036266165107 0.0247254316332823 0.271635456295655 0.263667598303134 0.409809334737873 0.256312884227589 0.167054453963224 0.228158329727251 0.297714748630645 0.161399498922545 0.118016842384561 0.0167512043001161 0.156198249528123 0.0858072057430431 0.0900041549225797 0.226342906940991 0.219575031424057 0.150547692851322 0.175329660848004 0.00671490103370584 0.0188786931275837 0.0402055034799201 0.0624255769747254 0.272496033691024 0.093783495443191 0.0603517076444585 0.296079959615178 0.180816013193722 0.127767195065035 0.0437263089078198 0.070193000979481 0.110939186945546 0.221412279345165 0.290341693830806 0.151280717827769 0.152666672642359 0.0257873161267019 0.0558960616282463 0.159955671125332 0.0460698452195149 0.0777216462727833 0.0168636966457025
0.776457599098968 0.325273072652250 0.706505079214678 0.831895270817553 0.667282527194067 0.601166904309671 0.597607431207235 0.704113876870893 0.747379142958619 0.734385313039991 0 0.915926212412493 0.601651402285544 0.590867813807785 0.607931917353114 0.510177160815619 0.24544498889953 0.516016017786705 0.727863449350417 0.588911566960427 0.691754857631524 0.565999438626379 0.648228129453212 0.386202636042614 0.521514859767631 0.316138908902056 0.457044343726461 0.379746802324515 0.241877102802019 0.552666067448202 0.484760030958527 0.554131500722722 0.329902996198972 0.469703830475723 0.534287974452744 0.31111532439259 0.479047560513309 0.537057369659495 0.464654191644306 0.405051876815543 0.519583290602244 0.521752596258902 0.417785994708984 0.758940372568226 0.264598353764624 0.516546943083799 0.731252513818796 0.579959093808121 0.532464721562615 0.651740111541976 0.510749663283052 0.627189954006727 0.493361001943517 0.823034899967847 0.726105129375655 0.771584053942022 0.68065614151217 0.514760632692568 0.502607011461778 0.290744085265919 0.64426473585408 0.658863620696468 0.669388663210718 0.533667920494894 0.419103535270175 0.627817381224855 0.5151448317848 0.481138461488779 0.125766061056746 0.350372752742089 0.425087088023771 0.284515867821851 0.450221058511537 0.541590394150735 0.486692832020913 0.483680989289755 0.0974580902004498 0.310199599478761 0.144867119400293 0.458698624036508 0.273412626203548 0.135842732117939 0.327632152513566 0.33114000768069 0.514509195400568 0.286130724321601 0.156245715943655 0.140378676810713 0.163345216735469 0.477266281308192 0.47463945110831 0.157709990057438 0.264229995759347 0.136444057659137 0.245058007463925 0.240702885796684 0.500821633475209 0.381823271885218 0.280871425285204 0.122217284630940
0.732188796987944 0.318630053250147 0.704579641958433 0.824671666209629 0.619979730257331 0.537079634685196 0.494057050185263 0.69215684765863 0.666441223992973 0.719034846469549 0.915926212412493 0 0.556800900943812 0.577119278216829 0.496349889318353 0.429696410113478 0.232832008841095 0.524762643685002 0.738102288572974 0.592055382552503 0.707905702658802 0.597771076745431 0.573462880071772 0.379406192051638 0.500351575926626 0.317054067984927 0.46889871747287 0.393358230264229 0.281031701706198 0.531667746849573 0.481628327140008 0.52416635792899 0.399004384927812 0.423621542349981 0.497375402898646 0.290900292105369 0.408547827124868 0.483688642863895 0.486864296624531 0.331200157820712 0.425274404439793 0.519719185902253 0.395694997376969 0.712678244192434 0.182160615266838 0.552753043524611 0.702770911727554 0.518548617273941 0.46814985727941 0.55933166151703 0.410884828375319 0.536050731130396 0.394022173255979 0.80120164334936 0.683687717302166 0.759479543551653 0.608321890064443 0.421752740971487 0.423802138195231 0.185513165750780 0.551987235898635 0.623002812068873 0.631509763312944 0.528092386902531 0.401173423258775 0.547631261283903 0.521974246117254 0.471795493637457 0.177067887710933 0.384790439454769 0.397015039705104 0.293856667811831 0.385916306545926 0.497095650594715 0.472453456394908 0.466095375484258 0.0559659354283864 0.225619184571656 0.132131480224563 0.383467967965505 0.13432955722577 0.0479335963599249 0.239675922084452 0.212086701857048 0.515872914323561 0.255560096711006 0.163783047051221 0.166494252175113 0.173026163734035 0.403042185495832 0.471514081411068 0.209711493305601 0.297494509547808 0.154626604879530 0.27719739739218 0.207298440333792 0.447719710507345 0.319332899033098 0.339058159588748 0.144219703339494
0.685505706460296 0.345603930037273 0.690875582250584 0.487367840829477 0.263817903361533 0.258732999514311 0.606198464848023 0.402420080054919 0.34387785309776 0.349533324659284 0.601651402285544 0.556800900943812 0 0.799302896341422 0.566483819254476 0.466156168994886 0.0416721401411290 0.259410819399582 0.537262219289652 0.675390132970917 0.645359741946705 0.588182917803403 0.701757181596352 0.626504491883401 0.39375344864497 0.594451071777112 0.68375457830835 0.76617540040758 0.597206513505729 0.561897580257547 0.782153427524804 0.601211541357089 0.785346540267826 0.600011610918559 0.590477522903407 0.18161105156998 0.240043044016915 0.481534280982184 0.466105882334512 0.247511193563792 0.339636264714021 0.639889204092036 0.619330524198155 0.657941857488999 0.00988556953666253 0.805801830225491 0.400420174544746 0.133294158870183 0.0231410461746529 0.564248047781308 0.239998086157687 0.283292943650603 0.0995880439815178 0.418401473120107 0.211207626716173 0.694127438100148 0.616117557156868 0.325345088882835 0.337403402685019 0.226611161275580 0.227911218559389 0.27478318881853 0.568824899114249 0.272137831512085 0.489079322054637 0.666122058137815 0.55012048949706 0.427636397350877 0.524870820107583 0.604987748460234 0.70645920305104 0.441891979292426 0.273396645990754 0.586477860588705 0.522662353901915 0.617104173659968 0.480338375256543 0.412869480655095 0.130738400087052 0.281181788512316 0.0547530444147995 0.0826717306804594 0.0985138926957903 0.0851034503248943 0.566618125145475 0.501505112743302 0.586673811438772 0.573242496965966 0.455042512614668 0.558918401977657 0.784416190235544 0.443926999856902 0.515737519829051 0.53951830114723 0.569865509304121 0.344142514512638 0.376524589229008 0.495936011918135 0.375001823382366 0.446160412141854
0.70963706293448 0.338560648987815 0.684675191832107 0.490048520300989 0.368944839691428 0.285498649684374 0.564940232691937 0.352863133299482 0.307433362696656 0.349801776259971 0.590867813807785 0.577119278216829 0.799302896341422 0 0.544513279303205 0.52034069036815 0.102545422582038 0.362245595949766 0.51229234914352 0.734733338431958 0.722519006594031 0.653761114770321 0.624435734275903 0.575608620343945 0.348885911229861 0.540748096778917 0.664851976931976 0.771110387801718 0.670108988218837 0.516728089431114 0.721797541640318 0.673006255756119 0.720759500529693 0.635744993698498 0.556570590026051 0.174536337204753 0.253786963598401 0.527506001825445 0.457136144835864 0.183379440360880 0.299928750849388 0.69066492416902 0.697935150169015 0.642838962339678 0.0494583498193197 0.708018704824585 0.406219907720037 0.134748088033209 0.00424605256986389 0.51762764516739 0.289171701408187 0.276753248361709 0.173487745225381 0.457053914859818 0.256016346793829 0.654126205723181 0.596085387134674 0.325987331274099 0.311219490383645 0.147875461012028 0.252112760027248 0.298659848148862 0.579777552735622 0.398030219491567 0.50586339321565 0.601478652670694 0.567229800953423 0.323898239769194 0.454273425483513 0.559487795687273 0.73396909854986 0.56906709162126 0.319429189515193 0.537014084019307 0.564164355293376 0.625584745808638 0.486590374667442 0.407988229412031 0.083616685569181 0.334730341174945 0.153734457084243 0.0350470378205386 0.122557083615708 0.117754583377686 0.594499852411999 0.569079723228366 0.597645937082722 0.435001308680267 0.453125112733612 0.499391183606234 0.707695023250071 0.393309064829953 0.368351701579791 0.568191933581115 0.494613374089949 0.336169288147264 0.462449027387349 0.460870404739911 0.428157982941572 0.391838493964399
0.831377723015245 0.500296857047222 0.628635378931145 0.594121842021797 0.555309798209003 0.406707985256991 0.952466788406292 0.480752001271544 0.598882211391526 0.246517941076708 0.607931917353114 0.496349889318353 0.566483819254476 0.544513279303205 0 0.827195716597831 0.0330112520942584 0.382779163870607 0.492575456318511 0.548161759789992 0.625038551648824 0.663899852422514 0.829034282563535 0.593830836535104 0.679536919226469 0.627537336099172 0.7489935108078 0.565881715368007 0.388764669211017 0.641256807679861 0.697679232827884 0.730931050933412 0.355649139855468 0.525871764254719 0.719659563587561 0.438983362746002 0.665459009559298 0.74987310230104 0.494446807898047 0.709500521332525 0.757877528211172 0.596021347579772 0.612567311162167 0.807573617948524 0.525863236681291 0.526351722907660 0.546682996560539 0.503526481497368 0.372237565657512 0.929440097779569 0.651029246705204 0.692818748745179 0.320578298656319 0.545964141950611 0.490058394666445 0.633931824394973 0.5673823930357 0.888526019399486 0.816455253054484 0.336140494556655 0.626067261077897 0.541077927461123 0.639112916889167 0.525545121122395 0.648601641554601 0.8375060326279 0.706330522257797 0.609681933686918 0.465748302229656 0.670757336031187 0.68982899222817 0.51989349849798 0.642955764689534 0.730214070904628 0.703834363748068 0.556559208853591 0.294810006593984 0.63886596251478 0.333718172310512 0.728938412608794 0.562420448737192 0.365258895481959 0.652927758693306 0.608716544485074 0.592834867718614 0.552947214296637 0.351064994775718 0.226176820507554 0.413895036239746 0.683585359191789 0.621867342360648 0.284265920375102 0.41368081222724 0.322345425957318 0.204886993779165 0.351431596455521 0.643836941104523 0.623127855204404 0.465753535345125 0.223877714274314
0.732347050885809 0.352705680371677 0.630518752542521 0.576190009930446 0.438908134110919 0.356162684178081 0.733947838510421 0.321382802373862 0.368278981947818 0.269424515313415 0.510177160815619 0.429696410113478 0.466156168994886 0.52034069036815 0.827195716597831 0 0.0250085934854014 0.36827940749053 0.509436652207427 0.654925294430564 0.539140106551926 0.582312004524464 0.660129859379544 0.490964961875695 0.556020655615694 0.471991064515485 0.631986286912106 0.513585858970161 0.362612440506823 0.515305413815353 0.526075611255952 0.592422381227755 0.252480701079478 0.39201867536219 0.551816719601865 0.315197666796837 0.447916035481188 0.649351343538914 0.336639877133587 0.48253224352455 0.537154858059716 0.526910214492199 0.534758599530228 0.694974854088313 0.377220166342128 0.471548511957196 0.467516794180401 0.378229737334762 0.290575177423238 0.713427513733337 0.443975639005283 0.495504510518991 0.201289893470814 0.42812023245668 0.355323911956562 0.542787433400218 0.459010162258234 0.683536513849228 0.756265382402617 0.311192515160339 0.485676859526052 0.438630142694264 0.634265276323462 0.439312706088763 0.506143375255897 0.621444742127349 0.567700571366634 0.50891456579863 0.340730898176914 0.559463290166052 0.617065361557784 0.427648692394552 0.437835380804746 0.533181964265186 0.54134051975694 0.457226287546819 0.199117487476429 0.476984875232573 0.154590648894084 0.50826959153579 0.457945247805964 0.228001062913269 0.437452688836079 0.430049234338215 0.477014345073458 0.505557276492897 0.294859700255570 0.214748254719004 0.37266540175485 0.579968661336388 0.522834620110296 0.242175951492406 0.254979761648916 0.275923928196770 0.135059175787937 0.240786303179625 0.520391088449866 0.445262347409467 0.297466102931386 0.113189492215707
0.140941708053492 0.280489902107412 0.0945787097205889 0.240890354882307 0.524099612461477 0.666834211914474 0.0490681490485658 0.337827424921868 0.375258542735385 0.227387381233541 0.24544498889953 0.232832008841095 0.0416721401411290 0.102545422582038 0.0330112520942584 0.0250085934854014 0 0.638186188404474 0.326703412845564 0.100200743944277 0.107680744620231 0.214247190937129 0.0145029233609793 0.199000895184124 0.0796503506694634 0.0557233734789821 0.097505110203616 0.214776353193023 0.217571115584154 0.157943654499500 0.161664478052406 0.190668596762129 0.0374951513088826 0.0529950469504429 0.133374665952848 0.343986668440786 0.260961669881795 0.29189320045941 0.274273299059788 0.117562616522092 0.185113182662431 0.237845863156669 0.203198855702057 0.0833252137195294 0.0340512731661511 0.0624528711327667 0.215390947422983 0.289833433916601 0.327349375310205 0.039624923336508 0.213340945334420 0.189303443798253 0.185901672601957 0.204691603318954 0.241779781839223 0.0107113198583215 0.0458407111371304 0.0567573798671456 0.0197505755123023 0.264309762380101 0.426761669110211 0.236413858909219 0.0356212770614584 0.00356200259867113 0.284775055263208 0.0334075657577043 0.106967381936207 0.0203071377763402 0.180659008747250 0.166616222912276 0.219294666051104 0.226903048893234 0.0134704138137243 0.0843048836705248 0.248859011431854 0.18470246663777 0.295246933193924 0.275818202368247 0.178454564742581 0.0828541244892634 0.141472387471651 0.00862050791569117 0.0659688204023666 0.0347046998292071 0.268456751528508 0.250812970835747 0.342266540634107 0.31923420250412 0.0273846938293648 0.0533369068558849 0.0572806865816746 0.00540569513929464 0.15427257940652 0.332930222707303 0.160668178005892 0.0953410409774285 0.0979958086918516 0.0554958462292501 0.101346895339900 0.0888765527672757
0.538766727300792 0.328180282571247 0.504889392634619 0.528992776522209 0.588764966867586 0.609944684864064 0.390542205698788 0.405805787133497 0.5470268853008 0.320218581692743 0.516016017786705 0.524762643685002 0.259410819399582 0.362245595949766 0.382779163870607 0.36827940749053 0.638186188404474 0 0.677973729635645 0.467140057624102 0.472233052856985 0.230008363087410 0.365829393156922 0.113332372781594 0.375656990614344 0.184427292256918 0.290888291428644 0.181639876039668 0.104519143590483 0.373137947631936 0.259894161157148 0.261804854321365 0.226498022993507 0.253950850046024 0.243485464849642 0.425010956705074 0.404486625460183 0.467248158470649 0.308325426023127 0.395858520536748 0.480225799342786 0.127184173222612 0.182202965889205 0.459295586443991 0.210816112299333 0.242063046991607 0.48852214442023 0.412044362901297 0.414558964385802 0.400221641255549 0.435326294743588 0.459214639783706 0.292199161139965 0.53092860733647 0.455012489532336 0.44856610950157 0.315201775565668 0.310523303002738 0.223571187723615 0.264638668883291 0.600952148021774 0.598774958149415 0.398295680120152 0.379602840537352 0.141233200779944 0.37396853322384 0.151334467949361 0.26540407088778 0.0174173850882983 0.198692188364981 0.224725393806437 0.135649106983673 0.318157935143349 0.368069241196961 0.172982836033469 0.287191711816691 0.0171724714622452 0.0676649588204255 0.269260566774318 0.381080885275478 0.268859440599480 0.212181314428487 0.282203559644941 0.323585184307548 0.121686534714309 0.0610717699104074 0.053121767781301 0.0222194902633822 0.214725468085510 0.355677842975304 0.286246869036567 0.0783634782197807 0.102324564634745 0.0519932071598116 0.105656170127306 0.152006058213262 0.330067660408326 0.288273924274050 0.225582240435957 0.0789504018062582
0.698320763386964 0.139340198684556 0.74759597214294 0.773876045658728 0.433185650372300 0.535008895948903 0.462549882916616 0.347504752760170 0.463401921997409 0.401694965124843 0.727863449350417 0.738102288572974 0.537262219289652 0.51229234914352 0.492575456318511 0.509436652207427 0.326703412845564 0.677973729635645 0 0.734856497173824 0.491274449862287 0.499461078781547 0.541362842214675 0.343334161734435 0.393146195022474 0.241060347861402 0.506585194469132 0.419593828401782 0.307351366237070 0.350859365278249 0.427765581267627 0.421534086532342 0.358016186456304 0.259185518245086 0.309108959110484 0.161731486675628 0.186960080102708 0.426841251708195 0.274951896100979 0.369784898897602 0.428851821227049 0.456631932492202 0.322139348917090 0.68483497860246 0.126388534128807 0.520355421368357 0.66855437149806 0.355723804813911 0.410947149481329 0.486532033596263 0.373012686042140 0.466531032407694 0.300171062711341 0.639027197232936 0.522780666256541 0.731258708741881 0.684419733708476 0.330603386704729 0.321669403937630 0.178609979575871 0.555598380172177 0.693129602319349 0.734898524276059 0.407714985710643 0.296894784088745 0.511046325150777 0.324539813276762 0.448610317330839 0.158260395741587 0.454849193121525 0.40944571420418 0.295286521174486 0.382704572963543 0.419486047201745 0.29615225689619 0.458014398791220 0.171381601570169 0.154860802324038 0.0139693086686606 0.310027835159161 0.108795274196068 0.156564406717236 0.229949577005198 0.21229902985354 0.428648361291292 0.134225481312727 0.225117704325021 0.199170827233085 0.232413045016317 0.484583635237491 0.474131072689451 0.0871967869777758 0.290901881566272 0.236734120358933 0.28614918047855 0.148965674973554 0.392583599834561 0.318139420299988 0.26162929429081 0.202269179542656
0.749369046269638 0.241123656730512 0.783660792113465 0.61687236675758 0.318804746393696 0.299445877049743 0.524378572062610 0.224315387255328 0.197185261941794 0.415941337386738 0.588911566960427 0.592055382552503 0.675390132970917 0.734733338431958 0.548161759789992 0.654925294430564 0.100200743944277 0.467140057624102 0.734856497173824 0 0.68038802920861 0.677298161635032 0.554388096263651 0.525604349569247 0.310362442879517 0.371832547875793 0.626215774068075 0.76716665081785 0.67939872317769 0.477912024388772 0.658091897456093 0.60970083270476 0.631154963976287 0.476231462786605 0.487649050813379 0.123478588194096 0.139832308882769 0.393061433198522 0.368234737721861 0.176133911730071 0.241567035226519 0.681236412139104 0.604755781932785 0.664385269053364 0.0490622827888075 0.698611634446017 0.496870796570778 0.137165870601365 0.0645516283772869 0.465801048811763 0.162506156148976 0.213028332925735 0.0862188722112392 0.431909767093362 0.218229908737423 0.641082005594688 0.638252990941162 0.283279649287311 0.313236747601524 0.142658558648071 0.228288067035651 0.394393152437559 0.7719966650939 0.359443859667599 0.444943117783665 0.511324682696499 0.470012363885242 0.324505931501559 0.31350665206139 0.563254210854198 0.721913546503391 0.568157030165398 0.274016395138959 0.465568628710383 0.458404262749805 0.572193818685599 0.363691033202615 0.241244267514919 0.202639004615012 0.206670606308392 0.0374912725703012 0.109513583163418 0.0606057606782674 0.0435328721256875 0.603715700736134 0.475121808637804 0.470669881210892 0.391304848526059 0.401084001081306 0.461940004338269 0.627516434527048 0.370433285013244 0.421318121152542 0.46238139970017 0.387311059710756 0.213996766412576 0.386507713798787 0.279685506562149 0.303969152059405 0.344821933975771
0.836454485425326 0.521452269039274 0.708686384064499 0.643933779019324 0.619551318798236 0.405383253259085 0.655303285308851 0.587585998837845 0.488378646593206 0.61785016995926 0.691754857631524 0.707905702658802 0.645359741946705 0.722519006594031 0.625038551648824 0.539140106551926 0.107680744620231 0.472233052856985 0.491274449862287 0.68038802920861 0 0.691785716873022 0.621984241191773 0.485172008330752 0.443711284900316 0.419676535791554 0.55057965484678 0.580689143651264 0.463289679630622 0.699883338967684 0.710820486234146 0.728504679498238 0.649899585761551 0.797010806007783 0.76868755206289 0.401772270252188 0.49874747234586 0.590549223155724 0.589096356391672 0.349210560557873 0.455938861564059 0.631206367346148 0.668734693287567 0.727232948377487 0.156694766352603 0.597840497615449 0.593416887910212 0.402918098460236 0.220475470742601 0.643529643442779 0.359192748345641 0.387637306544018 0.260048226180228 0.565880276990849 0.445533787066075 0.67445476327385 0.517120576837158 0.539577621162913 0.501370268077194 0.0231554921888563 0.365587079601501 0.406645767157116 0.634235297928499 0.625415762187205 0.648074960672262 0.600710972013004 0.613429254629673 0.329581526363517 0.262980511603417 0.435539816862771 0.631934767663433 0.491642976801604 0.435613537239081 0.678040788352269 0.70730247908891 0.553075758688806 0.266982259624703 0.490060139181261 0.143692403726886 0.390475303151908 0.212724300980306 0.0234529401033369 0.291295025779984 0.264493820908185 0.635555029625102 0.650846198159063 0.298806706400019 0.239279691119069 0.33749492818594 0.482954656247231 0.634410108422973 0.423840346287478 0.393130436337448 0.294328043581879 0.341933900945337 0.301084630160820 0.519844461412477 0.46834880491905 0.365642939374058 0.273564536142838
0.755506484377528 0.299909266326954 0.621579462135114 0.518661890207796 0.298342171394737 0.0943360560132456 0.634753717156724 0.338817450522898 0.325028736482461 0.343038967798714 0.565999438626379 0.597771076745431 0.588182917803403 0.653761114770321 0.663899852422514 0.582312004524464 0.214247190937129 0.230008363087410 0.499461078781547 0.677298161635032 0.691785716873022 0 0.595146830058932 0.690604794450606 0.448454286960619 0.539055832545568 0.750433355091404 0.78281919451174 0.723556456388821 0.52517897819993 0.720296487217146 0.869935955717954 0.526802361916548 0.594735625693145 0.736818919829864 0.164560245504140 0.338839853320732 0.487340077722219 0.436116845913441 0.387813577612296 0.447319925227362 0.914309862961223 0.771885615487521 0.718679741303102 0.224346742509214 0.607498715063412 0.466331295465273 0.201315033751731 0.0486945295267133 0.635215292873604 0.378470733723889 0.421349602744868 0.213437235289754 0.523926655015498 0.386562702972307 0.649430004827522 0.595050125598123 0.588123334187341 0.527649007386901 0.0183052498469845 0.269767682842538 0.410496289425408 0.655407697134478 0.521334182377859 0.818183524190152 0.601985142508674 0.696365058558586 0.479843150248317 0.489056371262076 0.694925097443455 0.822090144799886 0.814095459782115 0.498582698773376 0.602306671546484 0.80769994597835 0.627977487719571 0.409438261171574 0.591419478354028 0.0606788648881047 0.454283377307042 0.236701210381745 0.123423007258411 0.381389955181223 0.301886309083338 0.924621704415378 0.68170550554368 0.518846659531103 0.371217432712085 0.352398835998295 0.509580875943606 0.59041630169476 0.269070007647255 0.471223070871111 0.507702069902109 0.364397463254764 0.298264986963382 0.562986997074951 0.452686522359754 0.446716518472289 0.305340150808410
