0 0.000345925666579715 0.631385411767627 0.72593248477975 0.580524027648126 0.535341415982701 0.441812355500849 0.219437623805698 0.26887164284616 0.328206693110581 0.448142716551321 0.451084116901706 0.449367189259518 0.442533647316588 0.474492957014541 0.291420995509804 0.297819966641863 0.433905561634686 0.328063104415657 0.560093546517334 0.459829182462822 0.160477816999239 0.284855849960085 0.418693053643627 0.540653391304581 0.135041603587808 0.72835418495011 0.599081331162566 0.432178954029550 0.62316216899135 0.129839149686948 0.278983549887099 0.473528965813393 0.303412967474590 0.420202227480209 0.205612923677194 0.158980273490246 0.193426090175012 0.0104757097463472 0.0344913286735541 0.201511072640793 0.254983445285908 0.442727846226076 0.820823276219713 0.107379070476257 0.61293208639925 0.656761963420465 0.408205997079786 0.282219826630454 0.465037975203029 0.190102712867456 0.159926306403942 0.324220192698461 0.245360265561997 0.357184342944356 0.441245564870739 0.364469149506833 0.507917939621664 0.429186067234214 0.266818366195694 0.491687046085122 0.488674272800117 0.635403548529561 0.547215007538024 0.218359617553006 0.320783314337796 0.496216458110432 0.558938124925888 0.34793333292912 0.728444789341675 0.551753613066852 0.491731306616845 0.472437317629466 0.151877566461311 0.332467404519152 0.273828082965678 0.389934443947768 0.396631267293559 0.4708149955059 0.301878326186075 0.295120060322717 0.0981048433682211 0.116057395418072 0.180905929878839 0.208512193518001 0.445247352521291 0.390963977970843 0.296850628509017 0.142982670885857 0.296702057706496 0.314904160580797 0.209879487786466 0.203187675321663 0.415180829324074 0.299634529365147 0.13040709470013 0.195811365991241 0.212216941357241 0.175530624593791 0.321825451365083
0.000345925666579715 0 0.171704499026189 0.0177237319140788 0.0497321343679639 0.0694142033737161 0.213228224233406 0.162550835942405 0.047965429356181 0.221341761036679 0.100021102288125 0.0280339767262799 0.158338506192772 0.230096122488475 0.0909777346922789 0.0157874942150540 0.0506553248237881 0.0520177333001703 0.143551277510039 0.0275810381273189 0.0665427497249226 0.0887465701838753 0.247862465647318 0.00360343942198643 0.292534869349963 0.219576454592097 0.173113239382177 0.00522715653810722 0.177765544255612 0.125413544430990 0.102513879525238 0.0587839523085132 0.249912524651718 0.0247391624597609 0.00402900622031489 0.202781918427749 0.240695708533312 0.235977467985538 0.728144446674627 0.42107378455681 0.0433308712800295 0.0510440933750654 0.0714210933669896 0.0334025325411447 0.564551226554806 0.261331130303456 0.190355707767978 0.0647340901610545 0.00441390163867247 0.299757530176991 0.581690935275054 0.211300343061343 0.0111678619461323 0.00991119784408658 0.227750715820132 0.0857203972800205 0.124904671329758 0.223803799471132 0.0335791105663681 0.129475227229451 0.132246888034233 0.106507342166863 0.0311874939204631 0.0208078737755823 0.0298891722055321 0.257862259204889 0.00148016133953443 0.296294823930456 0.170948112043268 0.113823512020092 0.00717308917844256 0.0137039289009104 0.324474064857192 0.107006138985088 0.161761143954852 0.051186703171762 0.0863261478491554 0.0277417884984158 0.0465387135333795 0.0179961238259621 0.367149957059323 0.504910730943205 0.420317303035221 0.357550916509504 0.0321121383157266 0.085316155071612 0.072415971717613 0.149450759838882 0.165613947938312 0.0603087001280295 0.259816623035640 0.0764595460166708 0.125427997494635 0.0690993765306214 0.106094248705704 0.226784588409091 0.270447848652550 0.322731682596947 0.180102670869999 0.042291684677901
0.631385411767627 0.171704499026189 0 0.575526915302199 0.343532380417278 0.262135486535075 0.669324201959012 0.169698006710348 0.111831018479873 0.185552209586344 0.217676631323923 0.376442811343173 0.329111363881013 0.297421288617724 0.535659148196551 0.521148911001509 0.139236214364448 0.193949474860482 0.0164959618810206 0.486519847555402 0.281681463456363 0.304356986158609 0.728962018743242 0.331567987758734 0.60162092919726 0.381423713297538 0.453866293641403 0.348667457033647 0.522516363673256 0.513628709887273 0.159195481712061 0.349297155301597 0.319413453663509 0.304817808759217 0.380940609208114 0.194630272159314 0.136881929090787 0.320895254325500 0.100990787227676 0.0616171347667033 0.239720915630183 0.325053194476094 0.395441267411102 0.501819270104899 0.190592325769573 0.840550821375816 0.625594726865503 0.178404084776979 0.173010923237096 0.610668534614641 0.304567064657434 0.0679309305749434 0.301163974308513 0.0286043509052124 0.144705753517649 0.350239941167089 0.224289371268487 0.524654915388057 0.53651071066521 0.175773395360875 0.345439069031131 0.244260240052788 0.595194644674188 0.35143174831653 0.297539844473993 0.604632796982284 0.309131706608184 0.456759947721905 0.222334589625695 0.467611404057099 0.413047933048129 0.469701431376678 0.441391145115495 0.191816550720573 0.423091428326415 0.100005042636228 0.320148342750206 0.313715442076732 0.355737353241211 0.0849459531841925 0.259764475523154 0.148164216990511 0.0136322033627261 0.157179021073389 0.378530968491815 0.337565140006543 0.442847124036641 0.208474275091156 0.198996402763968 0.312743255953826 0.376018448972819 0.256512950339894 0.116405643843974 0.462087993033108 0.260244533364010 0.241134822458339 0.227175143711195 0.287934457244829 0.250585826776465 0.201752961019916
0.72593248477975 0.0177237319140788 0.575526915302199 0 0.491101214729638 0.521662500946217 0.701022811253933 0.282388834698879 0.489244053598812 0.412672298679387 0.680113611282514 0.531840111532625 0.304357491969893 0.205409027018081 0.56367775313114 0.393261764647069 0.413845488854885 0.614096008510834 0.559406466144292 0.44884987609444 0.440758458478876 0.145969158904747 0.304634604225398 0.283659217241792 0.420101899226888 0.0190457056887978 0.580280396272407 0.462044653622321 0.240876286278761 0.481997644137734 0.191340530991837 0.15483280053546 0.379197548605587 0.139382100065697 0.311579681388738 0.248360592246681 0.362885987843042 0.262284108525080 0.131458671370822 0.232675778757038 0.293880710724364 0.13805946008894 0.411821958784356 0.643453290431267 0.241090476550354 0.466047023781298 0.685044615656518 0.252117898219548 0.342836280445187 0.469833526181433 0.213315542906441 0.236298202127388 0.280249884645261 0.178271897405934 0.258131767598521 0.474574106714218 0.424085490479459 0.5161817468574 0.413581439605523 0.289884727268640 0.564025918831064 0.631700853491288 0.489912535903945 0.557892591583497 0.249532479230229 0.279366592536212 0.396838611075715 0.40328522767792 0.195621421257857 0.576413743246464 0.360430986357162 0.389723831142622 0.450424651677195 0.305791551218364 0.245867501651548 0.287753015228862 0.254846682432649 0.317600359795778 0.378916908656129 0.316320719575121 0.333515757445212 0.229711486274036 0.237995062337497 0.251855109131909 0.219346593129322 0.384711449173605 0.462689689667326 0.365413162639255 0.205806354101354 0.281046453941895 0.282368051160773 0.249288110618233 0.273439882894813 0.518453742628891 0.46397817680965 0.226023826423010 0.276906893068998 0.377069065730762 0.273421953434145 0.450954726203661
0.580524027648126 0.0497321343679639 0.343532380417278 0.491101214729638 0 0.775559946637134 0.407867562918971 0.324733369546263 0.215071548203222 0.326669120192889 0.291901297099056 0.137545452943168 0.452791975024408 0.458476994832561 0.335382276503641 0.175548951511520 0.321162930360068 0.189459674159334 0.0215604264836107 0.473428752192984 0.274982740356045 0.197606147789864 0.244190594711911 0.233508372862952 0.271141480920221 0.0339134435806296 0.497825832458378 0.246862130136745 0.261967266466101 0.513580271787332 0.0273579955822267 0.332431095321849 0.333314957190467 0.408759041686781 0.476781288402721 0.120065109353917 0.158285440713892 0.0441692219054269 0.0148929780167507 0.138051331016061 0.153821208130021 0.193040291931592 0.243516580592257 0.559804221033324 0.179170275501194 0.355885707436931 0.543693803220274 0.599570950586031 0.332987558071838 0.349883797086361 0.123396874028852 0.0272079376743651 0.099575795001199 0.127114794684201 0.0411697522269293 0.167271444445465 0.152999432156637 0.353364142544018 0.394854797280497 0.253820398350686 0.370708414821677 0.218393351281029 0.624776314420231 0.299848795135821 0.365834840858132 0.236076282567502 0.215663524141896 0.264078780370535 0.0951678037412113 0.571977343531658 0.221111933063638 0.40922503038601 0.354845209867148 0.155940846809149 0.415271454520922 0.159965259394236 0.513041581690888 0.481578470516116 0.436566528615365 0.13757335860288 0.19983374289005 0.0499272619146449 0.167729288962335 0.136023423897227 0.279482212607665 0.308375345016842 0.270037821330632 0.254128234132414 0.084982454857259 0.217712684888451 0.00894141049471478 0.103973664689819 0.0611393429548684 0.3098667860159 0.171394281459477 0.0540126768416281 0.103821847739013 0.197652300189588 0.124885789214388 0.0687170465022954
0.535341415982701 0.0694142033737161 0.262135486535075 0.521662500946217 0.775559946637134 0 0.38389726084512 0.406845277637542 0.364989210991691 0.401001600852271 0.499599749201326 0.170982576620732 0.367942422222151 0.346883132968549 0.295204395495815 0.0450304456616238 0.529367650727918 0.505037310352968 0.336725982093493 0.232595806562961 0.127010871873211 0.0055985714260145 0.126528300173279 0.0718310515494399 0.302768875518688 0.0399653482019749 0.366512032184085 0.0916981100035754 0.0464986714830786 0.458182768181636 0.0910737489022808 0.134576144064696 0.381141290991864 0.142733404889467 0.263199924792416 0.173237929200819 0.325587447844946 0.226241882995502 0.0571949503516209 0.274459979834481 0.302700348243476 0.102292583058575 0.183241729076873 0.529454290709112 0.179714497739205 0.297645451862087 0.519390516308129 0.476347839771862 0.44445535816896 0.318531885305205 0.242432779707310 0.189709400767622 0.172632751973525 0.0483880826342373 0.0393291964094869 0.235013073350308 0.234316615673140 0.39499991989163 0.246126846038191 0.419746842996978 0.535145195276217 0.486844578402272 0.370714638620902 0.198256970849344 0.235402182825188 0.166968900717917 0.115192218618756 0.282778685358665 0.15367016198109 0.444916982245064 0.0493702706294098 0.170927985833554 0.273722918736671 0.257268275545605 0.198109478176856 0.216994106140604 0.332901949967512 0.264148711352563 0.368241163634080 0.285130289687932 0.386764383488352 0.140429888892407 0.3336786081181 0.278606770052633 0.0539572257840939 0.153035201467821 0.244612686025654 0.187196322013521 0.0626756797881686 0.156131187360248 0.0303420137656551 0.0240722933669077 0.0544217080635571 0.290229657062684 0.161217462026113 0.0729544446004101 0.140707277647988 0.194614461369687 0.0668334676444294 0.0467126040639563
0.441812355500849 0.213228224233406 0.669324201959012 0.701022811253933 0.407867562918971 0.38389726084512 0 0.415132260797274 0.390015542527494 0.415144333702550 0.40025171665012 0.386192928647275 0.380075140729098 0.164246335420788 0.745751988881052 0.457968721867145 0.368806467378417 0.262117535645105 0.218400105928961 0.424478464287004 0.383481700032087 0.280526099243417 0.590856789213576 0.300002356280296 0.341114198782421 0.214190243895191 0.485993503944898 0.290669974717963 0.340561472151412 0.455595371049100 0.390106156076554 0.288824686004644 0.461880734758343 0.190908683864959 0.360542346189845 0.219220365409779 0.449209236997292 0.555545205602856 0.292034815906454 0.356407056767883 0.523158609304695 0.245231639410579 0.476343226092826 0.446778544889771 0.405702227969738 0.558783291560022 0.687112098507679 0.239953974623487 0.290120317043685 0.720260528655657 0.37068100966245 0.317845768795025 0.307409400317120 0.137687264936240 0.0570764610052682 0.426232516223848 0.250257076531628 0.684289378459522 0.492779094961302 0.331613584659807 0.477870079442736 0.405338309654529 0.464560435591775 0.375185996406123 0.360770561928368 0.394587196353518 0.367513579940562 0.330500930967883 0.272729185608535 0.519170917366756 0.270392667776226 0.399211780773725 0.484425209498971 0.520997341026622 0.34303134786114 0.358055510634725 0.239907587868176 0.376574837100674 0.337591999190824 0.326522035780318 0.45920801403295 0.343743440122382 0.360151910008189 0.458213429011253 0.341993548325444 0.396360974499245 0.606353203003019 0.289713303532322 0.248743551342871 0.296026663484385 0.461331278813919 0.286562825120852 0.256881994698012 0.650277692998453 0.446720361782727 0.252445259536217 0.348167161887108 0.471743134721302 0.303190646734381 0.299048558650693
0.219437623805698 0.162550835942405 0.169698006710348 0.282388834698879 0.324733369546263 0.406845277637542 0.415132260797274 0 0.630972407769652 0.592899000034503 0.352332384825480 0.268336086001922 0.208976483428500 0.208244365725676 0.255451318225207 0.0737230588895944 0.447846693327026 0.208604958141705 0.244320115318693 0.114329968026188 0.109235404310797 0.0255651568500392 0.256932484510523 0.263727621232285 0.266816523606366 0.189015889955817 0.166926417719778 0.0595958844697618 0.0108552510942654 0.320545057306677 0.00539565395715575 0.045440455183014 0.118483756098607 0.058170378137423 0.0575080988167772 0.0737396148777348 0.568255814574251 0.537303129242723 0.372216374985593 0.374036235989790 0.713792910994353 0.135939066307145 0.0168320024731682 0.245132298670469 0.395976049933803 0.196850968500653 0.290701190939166 0.188501563667421 0.180388175706483 0.276108730184596 0.403180513281146 0.205214170328885 0.24170133769244 0.00424984595782288 0.167208654468638 0.0294973311949388 0.0300375158755834 0.376045374980901 0.216888501202317 0.387371347850437 0.31638633651925 0.162348204999872 0.194902076952714 0.0567218571357877 0.0819469926301865 0.146661562361386 0.128917484673674 0.233038701686417 0.29637154817424 0.251189941886493 0.0167961780630849 0.0428167404617539 0.218929318144559 0.347506201972321 0.000265670919737777 0.0536296530598385 0.0778500516919193 0.043839781200571 0.107025912218200 0.256614472705 0.275549992037783 0.230132464163104 0.304200555271794 0.261319189328831 0.0184034359722732 0.00636978062653007 0.163015351373793 0.257082690139473 0.263681761152384 0.315798138984297 0.0128932852077421 0.374050063807755 0.146484751645220 0.227852279280592 0.214762343582254 0.303954316250958 0.341307642935668 0.308984913758242 0.367000913735627 0.0201256009828181
0.26887164284616 0.047965429356181 0.111831018479873 0.489244053598812 0.215071548203222 0.364989210991691 0.390015542527494 0.630972407769652 0 0.565862017350739 0.777190498119706 0.568079538398335 0.110226628503644 0.154059623070983 0.404848636664576 0.164777128009509 0.533654017159753 0.457446162066572 0.544531639890591 0.0722297560691618 0.159178575762397 0.0310234833995325 0.079443652388882 0.408138793910641 0.253842348837542 0.156071820505360 0.310964458456327 0.284450306599696 0.0384236080054456 0.339796775382039 0.172246529745984 0.0182454237652597 0.283700908724819 0.0122784866072271 0.0718118004878429 0.00934151688188013 0.536565250144063 0.571884817860321 0.141937740110059 0.316203135002272 0.711506382128495 0.0639566380951034 0.0947100841024019 0.277141754092208 0.304586177297129 0.0862324021398815 0.282323963887905 0.0691409242543463 0.181119608339543 0.245511478799758 0.167603651818809 0.502010676540885 0.252678736748495 0.331808636979949 0.123507200786450 0.290162110202766 0.234613236357642 0.379919066874853 0.217718145481247 0.367611735073354 0.434161574199006 0.352791168057895 0.154174782938864 0.171623416172851 0.217195406208586 0.0215449508584521 0.264537441354720 0.200097190348704 0.283931596932776 0.344782787883365 0.174775057287821 0.0947178137432059 0.0967861313833539 0.458882751254917 0.0270567218623390 0.206162430933784 0.0248041811940759 0.0238271671997938 0.100771125724116 0.361162626207251 0.286138536667913 0.169262578965288 0.235804944567643 0.324589903369701 0.111514065108491 0.100191585989060 0.288694397214959 0.298665886114433 0.146384635175339 0.280019734400306 0.0915811173608728 0.212903713375023 0.237949754425182 0.330663935893252 0.285210151618153 0.184862808610647 0.253550925328030 0.338186326321158 0.169942943973329 0.274680362806898
0.328206693110581 0.221341761036679 0.185552209586344 0.412672298679387 0.326669120192889 0.401001600852271 0.415144333702550 0.592899000034503 0.565862017350739 0 0.574438009586513 0.421060050388292 0.303131955148845 0.348892764002443 0.252303682832558 0.226413283778018 0.373455565368672 0.227386495235286 0.277969999639401 0.117546648309929 0.290591011120367 0.0581042019387984 0.158879824556034 0.183171815044786 0.272047979648454 0.0547932901818132 0.138786415201858 0.0484287402963412 0.0318371278276941 0.342519125448854 0.101304507545361 0.0742687097033193 0.349042841006095 0.0910516644399544 0.181848731786345 0.0552191191821614 0.457436717795636 0.409439500774641 0.284500888589904 0.237594873025994 0.404168644755065 0.00994998417819306 0.087688866983068 0.361888644441965 0.402996527723777 0.133934091496677 0.304885307125518 0.322763765304763 0.392683262473222 0.289937205159901 0.264618855887941 0.23620750869877 0.411560529376166 0.319542563700721 0.146006212954903 0.187418011020213 0.205715494410324 0.311568642878488 0.239138572284379 0.367502847053622 0.323896719593534 0.228584261861562 0.279565615271396 0.315821083649248 0.127319013950122 0.130486683334744 0.177650311871445 0.231693720342310 0.192507959501045 0.182261794909055 0.00297031684162336 0.0669216707202023 0.300305332235315 0.43015692080996 0.124253938337608 0.320383816245696 0.137365484058398 0.272562556441387 0.273554770071169 0.355613050156984 0.212246149202007 0.23439133913816 0.238082256460663 0.228189226342176 0.032437874471936 0.157880230471160 0.210223230549037 0.194216354246218 0.259027730609410 0.265860852919378 0.159092047343632 0.254802718881891 0.229608331416163 0.303449178194337 0.270362460414456 0.35906873787417 0.424018615354058 0.519816365727472 0.349727444450439 0.305386128750208
0.448142716551321 0.100021102288125 0.217676631323923 0.680113611282514 0.291901297099056 0.499599749201326 0.40025171665012 0.352332384825480 0.777190498119706 0.574438009586513 0 0.675216116507851 0.208327999479681 0.315970714109768 0.384218545343499 0.215560043912414 0.470986252045867 0.598875630886065 0.667209943224554 0.135379934982460 0.259541074532481 0.137537008150861 0.0803281697441275 0.287516352576112 0.238927069048598 0.0610008808083075 0.403025995563891 0.367658039453456 0.103334364628438 0.402268371550934 0.106388079415549 0.121464265194875 0.379545115622027 0.0670191123187005 0.175027844345306 0.0502164898538356 0.401903137129697 0.384019441275718 0.0359292666146103 0.168294599281141 0.376916068434853 0.0746910643888228 0.120358789893197 0.438457791563619 0.233743912241793 0.180313279386298 0.322557436821675 0.142324706352638 0.373585869061397 0.27406794700696 0.159961180244734 0.417448047679123 0.326985642817598 0.414351219925146 0.365918281599439 0.397845326918982 0.451540012867397 0.407330450944144 0.225433865463385 0.415600527898658 0.511562862751247 0.495523541143553 0.254994094190517 0.417420015484993 0.230263275573208 0.104568173741583 0.342116370365234 0.26948168134049 0.130717164456841 0.368987851609688 0.224217063817266 0.265718115028724 0.190342205883604 0.357067793351192 0.117519171309980 0.244693225907171 0.125084391510503 0.131224768517582 0.266385875438052 0.441484695267699 0.319462233718237 0.226283273546519 0.235292942053916 0.250060349046117 0.151483792827896 0.169166146382451 0.357100366148622 0.331574000936452 0.174549788920489 0.248124491133045 0.174116396929378 0.147715360667277 0.289691687181702 0.434447127246978 0.381572432836235 0.218681376058277 0.301392272832905 0.37171751275267 0.196474173121132 0.428687162922798
0.451084116901706 0.0280339767262799 0.376442811343173 0.531840111532625 0.137545452943168 0.170982576620732 0.386192928647275 0.268336086001922 0.568079538398335 0.421060050388292 0.675216116507851 0 0.227989954652769 0.445986099111067 0.487507413617527 0.428550930784461 0.425692428525278 0.377367040009353 0.487378830638363 0.322168957656236 0.477427541072531 0.214903100487133 0.150553856115211 0.40180277333775 0.234692779605058 0.0446322235850275 0.386774701648063 0.492716013657386 0.295273192554195 0.367911724567155 0.00918002196137741 0.135944135761274 0.308940977227147 0.101984013997655 0.167738806144522 0.108599609195046 0.319729330206112 0.427461203559353 0.0153905419410687 0.0154398100901637 0.341843846623059 0.229060264811263 0.231354803281882 0.515435691672846 0.235535920284462 0.287486218716444 0.383510913870480 0.168341449050666 0.363190949276777 0.224755531843747 0.074474660732229 0.252629497444255 0.283992111169239 0.377553172625259 0.500401995423181 0.401128442052693 0.372174651402248 0.348185154698433 0.34753143323223 0.346554142624212 0.488251416996657 0.439752839161851 0.397366720621367 0.646378088542148 0.137889165019972 0.0109711866992537 0.383659151669441 0.279201253910281 0.148334229332338 0.373456522751453 0.418482752244766 0.395405965431988 0.306423524858277 0.247029544437995 0.085026117944572 0.0533691105037468 0.0395577472273918 0.156296724427043 0.441779724934754 0.209747642054820 0.241304448710471 0.214327241826303 0.00927584683349442 0.133455258058044 0.217724058966141 0.248449632610759 0.322517756525533 0.177812345930965 0.0353161595787583 0.196094083817296 0.136353260281639 0.161834166045714 0.314634028123865 0.416038075668404 0.347485483881562 0.168454572158136 0.286511285139215 0.333967798356584 0.300887337734147 0.418201188849095
0.449367189259518 0.158338506192772 0.329111363881013 0.304357491969893 0.452791975024408 0.367942422222151 0.380075140729098 0.208976483428500 0.110226628503644 0.303131955148845 0.208327999479681 0.227989954652769 0 0.577222204483338 0.402274415878443 0.259374878251363 0.206959459383829 0.0577987501034113 0.0467769814111552 0.233338754381841 0.297317096269162 0.0260064440971304 0.289005601088838 0.268593729681015 0.298096134776632 0.0905230234647973 0.416474029551402 0.252787444307143 0.225310037821607 0.620149470623922 0.0668442653475982 0.13855433438271 0.442145633246197 0.208330763676989 0.247142805956223 0.132249314388248 0.247671938985963 0.25645307913722 0.260414609281572 0.233636685214636 0.241404916383076 0.0797268565988217 0.209677614296169 0.55233232235779 0.254262365252573 0.364104318326364 0.422766877878443 0.447342111351533 0.383792814718376 0.350681996044628 0.171686410977601 0.0219194979760031 0.126770644926007 0.085232885673469 0.0580477789212851 0.163539587672540 0.0927203709062472 0.489822162828487 0.365948142955556 0.384288794204766 0.358009244060523 0.191104165367473 0.401046444119802 0.403542821240118 0.0898366291197907 0.103849094840256 0.467973472610709 0.462969124674281 0.273026443637577 0.482361555547035 0.257116957871006 0.217865273080049 0.539793797371503 0.205806715101906 0.168776272287353 0.225717549517287 0.296495574630391 0.305390137133165 0.399104937223705 0.189013719572704 0.360448960601745 0.204177442549261 0.231785404422288 0.254306372672799 0.0255715974798825 0.160851590961773 0.189854403822846 0.166459753483257 0.00961503577494586 0.101651835065684 0.110503780604446 0.0499883702477802 0.191486749916584 0.258321763527477 0.254416356474437 0.0781133545912057 0.0948447003408393 0.194196609164063 0.0367920669390299 0.219401377307768
0.442533647316588 0.230096122488475 0.297421288617724 0.205409027018081 0.458476994832561 0.346883132968549 0.164246335420788 0.208244365725676 0.154059623070983 0.348892764002443 0.315970714109768 0.445986099111067 0.577222204483338 0 0.270887613622932 0.431752132039077 0.266030371875361 0.0190564541738224 0.0154371508807956 0.301785896999916 0.440895242444326 0.0877150789467332 0.136818901756054 0.234004606373835 0.16270523054936 0.0447725890384059 0.376676534243032 0.228152994952816 0.272725346371514 0.469988871557485 0.211928677879417 0.170185147649438 0.261582790010233 0.222337827968871 0.270428028341850 0.0615110006731831 0.121447130718448 0.218386369662843 0.190890355993673 0.109680959212601 0.209625095748173 0.128840925956654 0.130029068104055 0.521027069116261 0.107164054041218 0.236592926889765 0.223188642750401 0.458606048701877 0.50696200294799 0.0602549023891304 0.0768989230602782 0.098660081030466 0.282936304743764 0.0934562929339847 0.101820846523694 0.122405379983501 0.246007452561791 0.339412880676336 0.515839371688136 0.408944224560024 0.288697605361652 0.0446281750383942 0.543920901367131 0.519167283929545 0.0380103851611496 0.0295571270417785 0.312355052345695 0.267369755540435 0.0811601488046623 0.419213590220054 0.217407884828934 0.291863818862758 0.308160143874751 0.0868900285081216 0.0769988937200652 0.0935641246766062 0.246733261758518 0.29212535037515 0.545687557671677 0.165132522651141 0.127155728210599 0.0271580686007223 0.043458459223306 0.0314598381936314 0.0531709093665099 0.241122302993378 0.076816367643063 0.119318649125665 0.0397327421806184 0.093682748330216 0.0351623614766678 0.130148049873368 0.143664912146985 0.16854136182654 0.0959632857880497 0.0347314222559741 0.0586356799011668 0.153946347213375 0.134119243542562 0.149774854432281
0.474492957014541 0.0909777346922789 0.535659148196551 0.56367775313114 0.335382276503641 0.295204395495815 0.745751988881052 0.255451318225207 0.404848636664576 0.252303682832558 0.384218545343499 0.487507413617527 0.402274415878443 0.270887613622932 0 0.631809404184292 0.600647049425528 0.375623641213954 0.292206716126789 0.546112067236582 0.538323231421577 0.326159801025415 0.222419602806942 0.313274365105568 0.264735022453316 0.138168521034866 0.528802768582766 0.382936301469452 0.417868837451343 0.541380129371911 0.260665777983271 0.339450179846861 0.421973934610223 0.283771908763154 0.433112630237907 0.145527274480819 0.467241608007847 0.509754967141158 0.123126767274974 0.289200658096899 0.5466211558386 0.324920271037022 0.558284209956311 0.551444700615373 0.302509637556802 0.372624785399709 0.675955596990228 0.367796024152414 0.378065435866785 0.445815999755733 0.224899337139117 0.264506969945012 0.179100191409100 0.136023072532568 0.122491126427864 0.46968582918662 0.384455078657726 0.677009934893535 0.663359704469645 0.475646602292151 0.637261589014841 0.476763300027991 0.52193535168142 0.514349947674259 0.334639128180265 0.0460594367577297 0.368881389630223 0.283945369406156 0.19000554447068 0.573441221136591 0.345593723242428 0.42050191753267 0.568192077670793 0.437439034257677 0.319645502522007 0.392404173070707 0.28305460444676 0.413514616917508 0.426129167566534 0.448852119298129 0.436230769141456 0.316586130995830 0.288553499656441 0.474548358384127 0.332340623093531 0.424684820360868 0.401529565728678 0.168018428487676 0.00564424395408218 0.158439673575575 0.287691516029443 0.125034298472052 0.182857577801421 0.464093276065602 0.440046478580509 0.0143189521361293 0.172395371184117 0.352329303668179 0.0989590833125423 0.275959282590755
0.291420995509804 0.0157874942150540 0.521148911001509 0.393261764647069 0.175548951511520 0.0450304456616238 0.457968721867145 0.0737230588895944 0.164777128009509 0.226413283778018 0.215560043912414 0.428550930784461 0.259374878251363 0.431752132039077 0.631809404184292 0 0.351414646825636 0.111114446422451 0.0271788424093643 0.526341892790489 0.624101827630109 0.228774123133487 0.169829018136553 0.185263985496086 0.132722679427292 0.0470130872256419 0.267088103211322 0.179776540260613 0.364768408462074 0.387494902018965 0.0316223793902537 0.228218876440000 0.171242851093761 0.169436834410347 0.345474489731183 0.109071738032568 0.177971093522818 0.247839318325428 0.0365657049085398 0.0527336477365301 0.248141342849845 0.228694707077845 0.447202213297287 0.401278020466036 0.192405832434927 0.264760596229104 0.412931036147636 0.225657342067505 0.411474373401931 0.102339749867564 0.0695022863526516 0.00314549492929767 0.166316419708412 0.0260104932425733 0.000936616896392881 0.270996058567711 0.345507667662607 0.35265170020802 0.795155570773535 0.289945434729753 0.353701344095619 0.132200344816108 0.537787138047498 0.578986579480608 0.207498736692630 0.0105357553585200 0.325295627222546 0.125881208813976 0.0867742144455537 0.28504925394196 0.178543016157593 0.262912372440335 0.434407113992888 0.212677438241761 0.218851566668804 0.154768376778069 0.129098228271855 0.357289456575498 0.388539721943431 0.128859357710373 0.129372355211561 0.189265012801901 0.082695447432523 0.132089164471421 0.206613971915873 0.410831868500301 0.185241766524268 0.0399454428563437 0.024980043697231 0.0986168624652539 0.0638778617327996 0.140106903642240 0.0355984923024228 0.283783978094782 0.232937594047503 0.0110735810878169 0.0941369436742475 0.2158145203351 0.171812518283038 0.160222621472112
0.297819966641863 0.0506553248237881 0.139236214364448 0.413845488854885 0.321162930360068 0.529367650727918 0.368806467378417 0.447846693327026 0.533654017159753 0.373455565368672 0.470986252045867 0.425692428525278 0.206959459383829 0.266030371875361 0.600647049425528 0.351414646825636 0 0.68708100117553 0.565822889843266 0.145979420509037 0.215984332696580 0.000113543016607171 0.165430814064214 0.116000713082779 0.191905863953416 0.0803031753345993 0.201193147256053 0.0495018764612292 0.0318410625343470 0.408349670375376 0.0308176574688552 0.0460835073725797 0.164595256339049 0.05904256196145 0.0967003183264851 0.0539904013009705 0.530440318848765 0.437391700657214 0.0639419045126241 0.372893018700082 0.59702784423163 0.131859076415761 0.135532068038611 0.415880412219853 0.202842705090192 0.0212554954352474 0.405255988893777 0.297887549277456 0.564225693601943 0.0324655840216887 0.190707665402906 0.199823404765014 0.147298984100791 0.127277315765234 0.0819683010916274 0.342563169972894 0.41955632175975 0.379571418172563 0.411978624379763 0.676683765410503 0.7706734381979 0.60847095249835 0.203484279951731 0.274753880846446 0.111034334879710 0.321731305365873 0.0124521505699395 0.0956604512570969 0.154591026992972 0.280681190356772 0.026144653613045 0.00929828406059644 0.301471223091824 0.262227466131638 0.0288357382642775 0.14597493430866 0.0116855566797187 0.0438884014074677 0.338913759549448 0.354894670527411 0.383659245588451 0.265325915759926 0.3024040299838 0.407457631257014 0.0109862128568529 0.0530261756667211 0.0662267186115123 0.142024144993696 0.0320326533722680 0.136250292532764 0.0762553878487748 0.119573583728125 0.106073704670067 0.149183632473292 0.320379462676459 0.096591983395205 0.193381816435698 0.166743016947240 0.158008798915659 0.181578111741608
0.433905561634686 0.0520177333001703 0.193949474860482 0.614096008510834 0.189459674159334 0.505037310352968 0.262117535645105 0.208604958141705 0.457446162066572 0.227386495235286 0.598875630886065 0.377367040009353 0.0577987501034113 0.0190564541738224 0.375623641213954 0.111114446422451 0.68708100117553 0 0.786106995337306 0.112852498657392 0.0708510627525677 0.0733666812806596 0.128225240441459 0.0117878181709753 0.302299188252409 0.00559697065075702 0.251383160265665 0.192981622132350 0.0210082033227210 0.324639715741485 0.096515737767125 0.0657581057452021 0.139222865295725 0.180248877147858 0.0124846818783644 0.205028914841712 0.385473597334782 0.243098316693958 0.0755553594359227 0.279198006831105 0.317380558224649 0.187956109887932 0.124576651573227 0.429218768395858 0.115271160986374 0.109802950706211 0.388954874411412 0.00544228106159028 0.29589305110833 0.0910689149052859 0.254414600436850 0.270701956194244 0.141113638428016 0.165945786326231 0.235649718194264 0.381514605051719 0.463905160846372 0.301071615372346 0.194276927171342 0.421028494859507 0.691567540770906 0.761800675523038 0.120385394950007 0.242105890072006 0.0227308078463396 0.0494997607849468 0.0331819286002716 0.231078739289978 0.106467337244370 0.266992883252763 0.0918220564668269 0.0509617448933772 0.246706682619653 0.203141002543517 0.069115194125392 0.125631141504777 0.0423739992670759 0.0925461292395258 0.189010375302695 0.331569371209821 0.317508379020444 0.227786221497210 0.242790838725001 0.265488818851259 0.0569503247143961 0.0376954785500689 0.139039345369882 0.211715599719208 0.057502879686977 0.154569262425510 0.0394849924961017 0.00386484005378947 0.108027387107318 0.185336118548708 0.390296294200847 0.104813523036066 0.180455415078574 0.127839692522543 0.0642142330048585 0.31204375923499
0.328063104415657 0.143551277510039 0.0164959618810206 0.559406466144292 0.0215604264836107 0.336725982093493 0.218400105928961 0.244320115318693 0.544531639890591 0.277969999639401 0.667209943224554 0.487378830638363 0.0467769814111552 0.0154371508807956 0.292206716126789 0.0271788424093643 0.565822889843266 0.786106995337306 0 0.0135573643220044 0.100267050298838 0.149994024900755 0.229761897776887 0.0977590847646675 0.113268255941920 0.0573013546864295 0.272025846579992 0.281980551967405 0.142658537003293 0.172779266401375 0.0741678129646286 0.135716755861549 0.139065246227749 0.177015196525497 0.104939785842564 0.0255326886738430 0.386042970994370 0.261190825902932 0.0134458049933961 0.293579365157319 0.331647026641640 0.183450060452261 0.0482510621998064 0.290547262233236 0.017560199454627 0.0502191964866233 0.217285259707285 0.0567657685103644 0.307236938207174 0.0102839741442681 0.155394040634323 0.360030489782466 0.226620049837421 0.365616698063006 0.335344819668585 0.383745270995099 0.405507014836561 0.207438381137456 0.0061137640737155 0.293472519737470 0.478194552203273 0.726192598107418 0.0358254417005594 0.26323892577059 0.0975282900206716 0.175017374485239 0.109474444378129 0.0907535060571634 0.0813569128960204 0.252280196517411 0.150620409222464 0.032225861625516 0.153694060286892 0.201529315628193 0.186122746969094 0.188490954070403 0.070839873191424 0.128314362316829 0.156135664526832 0.353027548927595 0.196299045257011 0.204181366345737 0.232867537425661 0.226111216755605 0.124663809657236 0.0242582553111025 0.195872904208268 0.213238286490073 0.05319325094862 0.150709415360252 0.0774112315191766 0.075828748540825 0.193858358908919 0.244091771087886 0.380248271524857 0.0913959003943911 0.211911353178713 0.157799638492048 0.148841330776735 0.330466511460981
0.560093546517334 0.0275810381273189 0.486519847555402 0.44884987609444 0.473428752192984 0.232595806562961 0.424478464287004 0.114329968026188 0.0722297560691618 0.117546648309929 0.135379934982460 0.322168957656236 0.233338754381841 0.301785896999916 0.546112067236582 0.526341892790489 0.145979420509037 0.112852498657392 0.0135573643220044 0 0.586400496346433 0.370808367576483 0.154053651770700 0.171976548401433 0.102410931973987 0.173200799614549 0.61235880473105 0.587545545983893 0.649276359749637 0.318277079244098 0.0917367779011502 0.47935894888447 0.30127998287173 0.511957894717417 0.575301628312463 0.234781412576399 0.0389259309968799 0.144544174517028 0.0858922400692513 0.114301666498663 0.107720709952268 0.487175445320629 0.643424530397371 0.623330900568576 0.0785474687535042 0.411654665260478 0.557026978768845 0.468373978896703 0.207971406695103 0.39069391901759 0.0594647586269496 0.0117611654681212 0.130012975598959 0.0214569388363640 0.15242017884388 0.291963917802501 0.277470132968631 0.408341586843151 0.546943402244142 0.09231331946901 0.276560484652897 0.20367702966702 0.805498619901506 0.575997540885654 0.337196780388553 0.164645715628321 0.299932394484862 0.200478043707 0.073805236152109 0.620759708507303 0.578582406212186 0.623989394881999 0.441940773401833 0.148853641068372 0.466896580142664 0.226388672227182 0.516569628375402 0.609538504898932 0.411352374376797 0.188104358463749 0.143545970231040 0.0870058295323484 0.00358176449815697 0.0847380104863652 0.385551797385906 0.518828988535965 0.236225849240692 0.0212097133607642 0.084244536670069 0.0616688599580447 0.0769586648310675 0.0214880584048663 0.00537700433239684 0.288272357573168 0.152630895919683 0.134703498944488 0.0235212626838685 0.132057875217898 0.0105363380501803 0.0355641607230123
0.459829182462822 0.0665427497249226 0.281681463456363 0.440758458478876 0.274982740356045 0.127010871873211 0.383481700032087 0.109235404310797 0.159178575762397 0.290591011120367 0.259541074532481 0.477427541072531 0.297317096269162 0.440895242444326 0.538323231421577 0.624101827630109 0.215984332696580 0.0708510627525677 0.100267050298838 0.586400496346433 0 0.297814670076867 0.0287422060173331 0.209998483120256 0.0140774733553663 0.228959203373687 0.43614260370192 0.325175316516887 0.375663065558699 0.300541495519779 0.0276519737596854 0.257920352327622 0.266079815523572 0.266336599268983 0.487361846973984 0.107313271373709 0.118390293940339 0.149645570409578 0.0775151772494032 0.147389494056102 0.130978334184506 0.323844338610307 0.685801691519428 0.578685663032941 0.195432828344385 0.196134966255377 0.504469793989918 0.326591757572717 0.342727532778297 0.215031152101526 0.116679527779493 0.105696609953830 0.273507000396209 0.260772944061190 0.178651404330573 0.376270122929972 0.34501420817805 0.262819870721118 0.542383614663588 0.141827130840827 0.300959751536006 0.169364229602185 0.498722552075362 0.784322847005039 0.212054209577425 0.0614331914750624 0.376795487766348 0.190738768474758 0.0403609814599892 0.40016004294825 0.299599025829661 0.372450646131296 0.420642702156022 0.208199212726138 0.221150462940406 0.293271626220028 0.192692688395254 0.585762219108516 0.45609638649175 0.213439651556557 0.120565668246652 0.128409092257876 0.0506834831748679 0.0822256037086604 0.217901693143339 0.702125312862615 0.278198511709162 0.0924947887549309 0.0321548088275323 0.128836835095893 0.0865479298992695 0.202674234237248 0.158513394523545 0.391646287369962 0.205136857005432 0.0166641598229259 0.156355508429932 0.258403210029144 0.237724405015962 0.203406180665231
0.160477816999239 0.0887465701838753 0.304356986158609 0.145969158904747 0.197606147789864 0.0055985714260145 0.280526099243417 0.0255651568500392 0.0310234833995325 0.0581042019387984 0.137537008150861 0.214903100487133 0.0260064440971304 0.0877150789467332 0.326159801025415 0.228774123133487 0.000113543016607171 0.0733666812806596 0.149994024900755 0.370808367576483 0.297814670076867 0 0.198302224623878 0.133068724808512 0.0468668068710343 0.0520836935946858 0.221372552158724 0.312194212294301 0.785445871658778 0.172409574312339 0.202764732377599 0.858663382659283 0.258016674591892 0.645662079490082 0.700348844647206 0.166996346980345 0.00716310348552368 0.176074973039887 0.0495963515354706 0.0385203217734087 0.0190758841816376 0.888226577848767 0.272369213093267 0.164932898161341 0.210761792369489 0.246826176604905 0.218978582011210 0.119119804539237 0.0831463998243875 0.281500551653008 0.105859402565867 0.161238101484172 0.132304283144061 0.147970764603947 0.239458630330416 0.199965277145034 0.150214477391844 0.180283960839352 0.299356129137735 0.0736845623077311 0.121301166563749 0.00850718479902375 0.460188866251758 0.241587282786316 0.765058988616349 0.289979250397865 0.161150018837108 0.0801635571230638 0.0954362975276968 0.165438590001236 0.321259318309644 0.767585717555401 0.251927319901952 0.0826673329469736 0.755289971201016 0.189265728673286 0.4281053929713 0.594612268354771 0.0739916163220567 0.185968562538325 0.174645723074026 0.157375730610396 0.0544062903131758 0.210640276150948 0.876848729637992 0.338452774229728 0.158736746326513 0.00292557975295996 0.165348750680475 0.143534878919907 0.148711575038372 0.136093978813304 0.0280488962972801 0.184211623952710 0.0753784563004261 0.090888800436646 0.219593391262716 0.276808360662366 0.226678387040905 0.00977671071742288
