0 0.499542411737366 0.871229678920658 0.802868277936962 0.614687510539551 0.457352474710046 0.491421294014207 0.153309613955814 0.359823055625564 0.239709255630951 0.579405507015901 0.445571189083589 0.663048122227637 0.632233892233752 0.566463409253871 0.700888917016963 0.49752380654729 0.666050043994358 0.592176203788416 0.729760294831931 0.518199455056412 0.263805262929145 0.655329389862351 0.516967778825353 0.572914113310329 0.66810578650485 0.733367676730973 0.620163815284256 0.613047786607896 0.594138189277197 0.727293522140244 0.478673608751827 0.423164324662662 0.392968939193329 0.38025960905873 0.381097648068865 0.280151707253077 0.458687792628412 0.424045355602919 0.276585589039321 0.380299052798932 0.143599784231532 0.54599500091334 0.845359092034636 0.341285358518012 0.762861887721283 0.608740797285695 0.399692786845273 0.287534181957726 0.503753150001662 0.209172180746902 0.440597008028394 0.474130669884491 0.396682436112305 0.320739126689832 0.557463442589165 0.65665778646855 0.47532007332440 0.631394825892098 0.497839576436959 0.594054339216201 0.618945605252597 0.717146179788044 0.631966863143815 0.422418203517661 0.667396254868658 0.715167644181284 0.49952479001686 0.675568967933636 0.748969561704559 0.722745817862137 0.553167033103564 0.56286330583777 0.695125208873857 0.517430504346088 0.448755254179814 0.356014343369443 0.542040051993067 0.252485380346652 0.272576754743617 0.434655656734608 0.311817816276068 0.192040678000788 0.43364025372309 0.261103496611154 0.635997414685322 0.677589351417999 0.648660810483207 0.766314434321247 0.7657009536584 0.62413329959196 0.57030633500729 0.597495565233678 0.766022002700866 0.698362886037796 0.660474715373193 0.6982387358983 0.545576816994074 0.500566627329016 0.686260506777986
0.499542411737366 0 0.536013314560381 0.517391780477371 0.521793446151414 0.47257397431054 0.688659743960764 0.54890127697091 0.68406691195509 0.509256374588646 0.647077708250927 0.663811248383869 0.289639734136146 0.559292366221019 0.629922561403412 0.507496972740249 0.484009496384566 0.401318280950605 0.114295959369522 0.439102702956011 0.555007496073152 0.578786766512797 0.517990052487078 0.481083492540002 0.228912360401143 0.28120734740127 0.299520790095404 0.112443879972635 0.377221799789338 0.445778328691145 0.471237505625697 0.52288954485036 0.446220893593508 0.510190831839365 0.498936281509257 0.590880778805995 0.723730056289316 0.687258387807452 0.772239974264944 0.624314009484319 0.719176709736057 0.492281229099764 0.482494328662352 0.48297697555873 0.5795071451638 0.48175567374505 0.360512417532562 0.486367649881279 0.375941087011864 0.687616251105595 0.617413251815543 0.63889675006723 0.526544210864866 0.483147352258441 0.516017657589926 0.359961581961725 0.437735877832612 0.650974740738719 0.67445499289927 0.688191381439086 0.596219193018713 0.335052162967601 0.444285522825115 0.616744205656759 0.489764445307118 0.567964344415328 0.456130636122796 0.218943347674354 0.343836844556134 0.375021963565108 0.303580947936543 0.51616430067419 0.465793702471374 0.481514936798063 0.542498080282499 0.470196014193969 0.536763269479422 0.500466983397231 0.401513828674461 0.625501482828822 0.757456627783937 0.665696094972736 0.327720980721692 0.678251163099752 0.516914147435632 0.371770138247562 0.124638652385082 0.128076072068397 0.495578639691587 0.424815793350408 0.505387606975059 0.50068338600303 0.199810011084975 0.230842788018508 0.189115485299741 0.504245442771173 0.401667406482342 0.466955893618877 0.309530121894959 0.265386275704346
0.871229678920658 0.536013314560381 0 0.846392464505232 0.610299436933189 0.494085038387431 0.537316988140464 0.165996527790059 0.382036854801166 0.256712773946456 0.602723406617372 0.478224032755566 0.639762834967077 0.601367763760615 0.590543817014342 0.701733269451028 0.509585024209224 0.724147143672536 0.572526419320392 0.77421449310119 0.553135726474154 0.352285719978398 0.682747993619656 0.417571694289280 0.615014845565587 0.696942994692921 0.686037944404317 0.547317775228824 0.62035996995861 0.456197802624081 0.684082343381298 0.534734176412463 0.363470307309107 0.407766047792652 0.437264885833558 0.363488098378938 0.369806448203077 0.530682821498077 0.506728272267968 0.351720299399268 0.436081850695516 0.220709237811378 0.649229423117037 0.79479378548992 0.386823531627187 0.869577688568214 0.65830380367313 0.522605903377651 0.383736981844443 0.557329735634699 0.249925635778235 0.393053752617657 0.430363793635951 0.414322773278506 0.386860710715987 0.494832712775859 0.699469759725977 0.517780389046433 0.666747199024906 0.503314540112333 0.626025850279822 0.687895746093078 0.769551394081292 0.634818661633133 0.46061056491382 0.747570557819718 0.622981405482932 0.569221087777155 0.720053729454919 0.753445276400002 0.710327431717311 0.576351657983451 0.581112582944831 0.624947261924288 0.543212455223268 0.379708230854080 0.347008053009390 0.571317670388469 0.374259425665829 0.295239993883197 0.483571526751996 0.383501313129685 0.227309455959026 0.455730928413356 0.335576727456833 0.70729819381854 0.638337512018245 0.567159714433835 0.777673754963227 0.721147082290446 0.571397432097528 0.506839294801838 0.442879907957941 0.73921750086329 0.627681770319522 0.694718702571955 0.727211798950839 0.544340127190164 0.45070145482583 0.627557292271961
0.802868277936962 0.517391780477371 0.846392464505232 0 0.631996663119328 0.514284283745018 0.529112379417754 0.183153370685088 0.318059295435233 0.104692405916389 0.472577825216117 0.393307039706739 0.569969179222391 0.647867891295635 0.526424570807344 0.694774757469145 0.648975845292187 0.730530162184563 0.588703782489326 0.76512218490731 0.413090055884164 0.365770020867826 0.664319683639324 0.419204506522634 0.485200628957944 0.564299372332482 0.618275294660002 0.425854418719735 0.443501822491621 0.435563593816074 0.586748202320371 0.519627125925796 0.306787289302478 0.373948456120588 0.32293391367054 0.340442066533497 0.355108564602639 0.469834567506875 0.562882633567164 0.407411820605801 0.406935407506306 0.212948524649866 0.621044325339332 0.812371484557289 0.404076401378906 0.83926789800367 0.829725669714327 0.539900439570507 0.420449373730874 0.54135184948356 0.229603467615062 0.341098235758845 0.257204249096183 0.25649776168604 0.373477570805866 0.435612136430084 0.629484434415793 0.448866734029093 0.660455614735129 0.488404211475272 0.690536943071734 0.786090560983465 0.719537901057334 0.500657566587037 0.453242532507584 0.716418699696386 0.581742827387617 0.555321845340935 0.624387019579879 0.709960556019644 0.659020385377892 0.409325748126952 0.564202525691862 0.55277912017952 0.501646987141728 0.413072780176186 0.336556245921914 0.436509900307513 0.462644478646661 0.288983936483680 0.479657278231255 0.391226393445106 0.193414988696711 0.400257156657877 0.273660179163087 0.511017431173541 0.593373403292731 0.502236909143123 0.721042056347573 0.759953082440036 0.555740531639502 0.548458394786407 0.432819210039477 0.68028996444248 0.575683956981074 0.632654634696663 0.675926021853138 0.516436114407435 0.367042421702425 0.566737708966274
0.614687510539551 0.521793446151414 0.610299436933189 0.631996663119328 0 0.748503052650473 0.585546188980217 0.343518420750397 0.522566401325379 0.411012600563207 0.693036960663637 0.514928588567848 0.393568962540356 0.650213690443124 0.581840420507901 0.637151205681944 0.526556949106512 0.505894353607869 0.184316203734871 0.545287128140862 0.495732749618813 0.447113486488329 0.669827632381517 0.362455177131053 0.328470682144244 0.385184274598639 0.312542287948796 0.128150718572123 0.459139502996747 0.626095891195522 0.515367855880818 0.538878714748506 0.323030654405284 0.510037936238976 0.495598414684142 0.55413991964169 0.393543083403174 0.552340498161294 0.565532244536349 0.433688048878269 0.51856012988298 0.291868165969914 0.513483797693234 0.56024772967926 0.45473308636897 0.583275772127918 0.474146489940973 0.738597945353767 0.472726324456749 0.577443287081185 0.351042778204388 0.48089046144594 0.448332179900999 0.353253833734507 0.438025576944428 0.359722064732449 0.489872614646686 0.533087961765717 0.645885008942229 0.610902166117414 0.67780977047498 0.471915622952561 0.545005531482849 0.587654878786257 0.507293940641521 0.701655249116745 0.485289163360923 0.216411971871157 0.333349407044525 0.404456467054903 0.359280621312882 0.445746074635266 0.581137886689459 0.451268243906234 0.551205708951927 0.414744430973496 0.487918861083601 0.542170208986881 0.325423888511714 0.382470301198478 0.546825147619296 0.443817681259655 0.138577554923455 0.494021251422669 0.383549317074637 0.52227033548818 0.353370582639357 0.310645553572248 0.564361012670653 0.617848839131186 0.60019081584173 0.508910542516285 0.270542459339682 0.439899587228305 0.4295298254271 0.526230355856108 0.594178697709713 0.5366974334271 0.359438699347052 0.361138892684847
0.457352474710046 0.47257397431054 0.494085038387431 0.514284283745018 0.748503052650473 0 0.607865696371249 0.368335219533493 0.501548923681324 0.500725316580222 0.720565423910176 0.576006650091934 0.292581147995785 0.414860825028817 0.512366623802909 0.431166027942419 0.306958384479678 0.452245980021327 0.151185846274751 0.42262240213139 0.515423586499901 0.508694020870764 0.543790313238802 0.232899956844952 0.148379192657224 0.111089398006599 0.126645732731705 0.0139447425199776 0.469374431514290 0.511710060647555 0.36661263564752 0.539578506600666 0.241621880251999 0.496463429748106 0.554372111675124 0.342360797106248 0.464884007940405 0.461641913584713 0.481675642352942 0.373553344751252 0.478590934022339 0.332784687698304 0.455308267590413 0.384065257711209 0.501140472994721 0.525295637808168 0.311238278537175 0.546140761437542 0.519183046426017 0.62830541533119 0.366617706137925 0.390427934851587 0.48287397061153 0.426440981363337 0.459346011880374 0.222634356342818 0.257497420506398 0.582200722394998 0.541182792495085 0.474525284246719 0.439713297157829 0.289544249100386 0.430426013228381 0.539223459736067 0.561588911326444 0.563179298628071 0.363512394487779 0.127692718347437 0.130590761126916 0.213589609141391 0.197872088319612 0.456060966653625 0.409891658272618 0.337721315149226 0.517287641159987 0.329691832655092 0.467908994585561 0.516379712188228 0.346733987510538 0.430108476139514 0.492811048801822 0.386409083014452 0.217621142966141 0.426330311863591 0.441779418485257 0.501899660103533 0.123629162771649 0.118882370970122 0.452824920761847 0.461477982871633 0.50327105922456 0.312993292925354 0.068622454154159 0.227481001164107 0.251935702160538 0.43887396890863 0.454330262858824 0.455414732160393 0.192605982243993 0.206201124516023
0.491421294014207 0.688659743960764 0.537316988140464 0.529112379417754 0.585546188980217 0.607865696371249 0 0.616036005550071 0.69241955130339 0.58572068705181 0.668862478892809 0.723108329178002 0.458342992242571 0.69605914518381 0.865930509784925 0.602408262946523 0.534115944575686 0.383206367025483 0.117604203488072 0.541807478443206 0.724463142152111 0.764053423804261 0.686070456992385 0.432561001275736 0.0978282263173556 0.155340825796226 0.29178242853096 0.122748538894449 0.569417793018366 0.462286542957474 0.500540524192375 0.77342189794521 0.582475812400448 0.681232321152145 0.650818827563764 0.285971815926679 0.7863280878016 0.676910292331511 0.672863206713676 0.68060657774409 0.770358020059358 0.608559800385822 0.616659446353627 0.494389578381617 0.605264390954071 0.50922591657828 0.465577616706549 0.531562674678336 0.392291780697417 0.952781598456254 0.708209801432661 0.745159023435212 0.646401817863741 0.604584579176870 0.649448293682208 0.391871675045559 0.527429369247109 0.922651012561854 0.772739707474906 0.727802133318835 0.619435033359735 0.37288309803255 0.596346553083204 0.780588717581595 0.764304579395825 0.741992865056575 0.519744045448688 0.041644361998902 0.206179952084423 0.41507070621217 0.364550236166876 0.688795843913684 0.51800765552241 0.536894056767724 0.772087383932558 0.606969451963923 0.67678855812208 0.666007462110875 0.280418325262439 0.780039030074052 0.779935454098759 0.568154732275534 0.309063464980626 0.772293826371436 0.763172404107253 0.544746826219419 0.108912834082027 0.181355730348468 0.404923546855169 0.403023271240373 0.653026007285236 0.479494224482595 0.174901390354620 0.239836307592898 0.230095975787881 0.426643924414914 0.415670998569644 0.618888746657644 0.266220570872273 0.255851217300438
0.153309613955814 0.54890127697091 0.165996527790059 0.183153370685088 0.343518420750397 0.368335219533493 0.616036005550071 0 0.738887764416578 0.568239674706924 0.4347087979866 0.499074478670478 0.102225405929634 0.301647872176164 0.54095159954944 0.281328212232641 0.210533889575086 0.0353030475521591 0.110486009755682 0.144399979970470 0.403247580472534 0.4245682241789 0.44366192126558 0.222420563237704 0.0427092703828259 0.00404273792393659 0.0569347673772685 0.00514466633564772 0.180668402430754 0.221037539795240 0.148893621200427 0.433089140731648 0.324372711124245 0.390914988904338 0.462228874063667 0.32749383629992 0.645107621570096 0.45284791557615 0.494379221381712 0.58393606188833 0.717162663375794 0.473323450975272 0.162761594947658 0.1637053535036 0.382820199013935 0.18175585008592 0.150547937434321 0.288096949816128 0.251146114730133 0.571389986774977 0.660875700775018 0.66579382899694 0.40782082989858 0.449279670698976 0.524003402420328 0.146666754474776 0.129885867966817 0.577144877734181 0.455729058184978 0.533188598046479 0.371322890105701 0.140625887707319 0.247091189660528 0.472312687835044 0.415257400189882 0.451337292739732 0.190981099276291 0.103905202249158 0.0310819534699897 0.0774648037402526 0.124301103238593 0.381945898020216 0.232610380717114 0.155217164971841 0.430046880877399 0.503477949376417 0.503594028671318 0.41999977899539 0.163444145435839 0.574883533679616 0.653108492840898 0.515492604452847 0.282489347483917 0.599049288888917 0.545709409449101 0.222335029697580 0.138123123075525 0.107262663306793 0.0935630580494877 0.201735664542319 0.192822126475913 0.176071130314808 0.0147482637447255 0.0749024201819374 0.115155902865321 0.176985142009358 0.151140109284639 0.256539997413384 0.367784853895546 0.00437644196944798
0.359823055625564 0.68406691195509 0.382036854801166 0.318059295435233 0.522566401325379 0.501548923681324 0.69241955130339 0.738887764416578 0 0.669803772738576 0.67049341611519 0.6203543157255 0.330928233359811 0.404610957944336 0.649864818058065 0.389789492935038 0.295842577696966 0.236504436041094 0.000480286818467645 0.271383058898463 0.466914513176555 0.513907919207857 0.582149930830896 0.404295295570894 0.116768330792412 0.164132249171202 0.214505197071889 0.190502704680515 0.420866936183305 0.485040283673928 0.437240404567211 0.544107269359534 0.507377049447832 0.488651064389974 0.524352922845442 0.577861262823688 0.695329618557743 0.670810883603413 0.53568650680165 0.582552245815762 0.873015612377593 0.535346081291324 0.302448871947623 0.383412077817412 0.516310734495398 0.315499368607327 0.177610827738597 0.403516812226769 0.346848841965737 0.639760219006886 0.593584175358677 0.808491257911607 0.543719688870327 0.565935685916312 0.608770218399935 0.346511218748999 0.323981512221963 0.651614249811714 0.491843222770137 0.526995600482462 0.473744713995683 0.203501747638917 0.347245146524753 0.556903389338783 0.505973619318261 0.582361472342147 0.38658880210897 0.00840528049120222 0.170232309273113 0.246118540065514 0.297336498689477 0.535655546087202 0.47553805917289 0.374715592648833 0.554557613039536 0.510734447384698 0.508785362281123 0.535986361289554 0.289996706692713 0.624524350788443 0.726032078251662 0.603828668965588 0.362846779425068 0.70370781266226 0.593614371677745 0.354777256271810 0.075854499019774 0.0518739579250861 0.346429333198646 0.411842172897913 0.43275824195804 0.441160118429425 0.128548328388544 0.193479963358280 0.0988685949644684 0.364793635107196 0.344552401641736 0.429343520705474 0.384149016503855 0.165721999459827
0.239709255630951 0.509256374588646 0.256712773946456 0.104692405916389 0.411012600563207 0.500725316580222 0.58572068705181 0.568239674706924 0.669803772738576 0 0.771187727568517 0.682060115797725 0.292135180619170 0.367839814010215 0.545758094643698 0.244503129744754 0.0712607274596928 0.0705855635428293 0.155749255772878 0.111347372723628 0.542728315804033 0.559960546926212 0.249999190483959 0.350785706854114 0.0266354714617626 0.0075944525280373 0.0856274778945758 0.0219505525076445 0.367802290345767 0.397570767840646 0.3312478673968 0.50937575335561 0.48358030184119 0.487498832212388 0.542886361421421 0.30267351650404 0.525399301186061 0.434590984038939 0.491437331710698 0.478386486797388 0.614455551739762 0.537806394618314 0.320515053110149 0.213937688969637 0.483948521503351 0.27086391552484 0.0544192949932973 0.443310944668165 0.392005982185619 0.595167837005275 0.562331396327063 0.586495710127358 0.758539222551692 0.729184208053289 0.620347782443527 0.319259369963588 0.153350506306734 0.671773342624576 0.483742695604392 0.509686217936213 0.330909004960605 0.0165624411529147 0.274893819700561 0.618556445332297 0.500831705430863 0.370875166235435 0.424886727968867 0.0565915393653588 0.0221964207919049 0.146506878499397 0.150978364121145 0.500433895502128 0.332017727456769 0.385262379161043 0.522169509941185 0.416259155479504 0.551924987887685 0.516107650807404 0.0868211732415662 0.581707397944601 0.609289128697686 0.388471704608261 0.186271439850388 0.57459239892318 0.595436767598852 0.33043841316548 0.0923956078774141 0.0488436441157551 0.268231517525678 0.219608940522352 0.489383062864051 0.339837120883281 0.0789857542127835 0.0112225975055181 0.0316042655820854 0.200060913144684 0.231445536262589 0.472581330918481 0.112723220807028 0.100524629334853
0.579405507015901 0.647077708250927 0.602723406617372 0.472577825216117 0.693036960663637 0.720565423910176 0.668862478892809 0.4347087979866 0.67049341611519 0.771187727568517 0 0.757703444245499 0.474744346428218 0.542786881816907 0.649492500329295 0.499830151556196 0.271372880561973 0.472092277784019 0.171091325742639 0.457368782045457 0.649508303556255 0.608934254281488 0.548971471442518 0.503670147713494 0.287077563994448 0.301628524749266 0.329743995440934 0.192554053492349 0.621088763318143 0.626025448390954 0.574212297892335 0.633069443040801 0.52508339819478 0.61319076883598 0.652123544166001 0.469815061738903 0.618542331549826 0.596688946290587 0.655074848644145 0.521728275388951 0.66187065587319 0.461755006701189 0.600463146451526 0.526315438582343 0.538989949553027 0.544559676445585 0.226025960230421 0.601619102813538 0.49517870239034 0.693810841334929 0.512601250811433 0.641877548454557 0.723657765273657 0.713888380440212 0.657629401445531 0.519221326175152 0.427946290958092 0.733989673316139 0.640513744305722 0.621356970331631 0.524620348526304 0.331699275707660 0.525878722994899 0.755587902707613 0.633845478318295 0.620466649166579 0.598068873811794 0.252255908330072 0.332800051663283 0.418815317996716 0.392798519190542 0.686950308503415 0.596062147842414 0.589754805678831 0.676865224660468 0.522106684237881 0.60634193099751 0.683864165655437 0.272063194304736 0.59057416285065 0.679506716252795 0.504991669197089 0.314912394865954 0.672156925595524 0.579836481049825 0.607538672022747 0.246697461517505 0.189862405577471 0.579931497444836 0.534847492063982 0.699527892948865 0.533556559246723 0.259609760849096 0.360805760890806 0.336386577092486 0.520445415671594 0.503211079404893 0.637657434810161 0.27162603101204 0.334024438341165
0.445571189083589 0.663811248383869 0.478224032755566 0.393307039706739 0.514928588567848 0.576006650091934 0.723108329178002 0.499074478670478 0.6203543157255 0.682060115797725 0.757703444245499 0 0.309680836595387 0.533388272205266 0.691728867243494 0.451876464522908 0.402550268894724 0.458358971119976 0.215457195264769 0.476137192862045 0.695092364067614 0.667301991848638 0.43582435647034 0.432143714037184 0.191287716388556 0.201273342928036 0.305918682685874 0.1722823147515 0.434938706300975 0.362913213611451 0.458167911615188 0.641301617340351 0.501566594366214 0.617617888094166 0.54215732367617 0.320610566540593 0.672985070199003 0.635634497787237 0.620963923457406 0.599404578248604 0.672054294315788 0.597412013509195 0.553281768919874 0.479948225604436 0.551329694470474 0.471861334334782 0.239249974502286 0.484646659268267 0.455825274510737 0.724838388000883 0.607616841704481 0.635423859703278 0.651413724168009 0.693213269504407 0.71722983383735 0.401998446474683 0.349961725169082 0.751118112451998 0.67290771053265 0.681500521980859 0.536390526366471 0.286969718683991 0.498735211489566 0.71599230657243 0.648032446334067 0.541391127411976 0.447952676754829 0.156219825575135 0.234715558624303 0.382115248774031 0.349768530782623 0.568998943180618 0.467252431908799 0.456175242772697 0.651053153225579 0.503621588756466 0.631984203209126 0.551269333958486 0.280607225793266 0.669891933824888 0.71304861560093 0.564508435335024 0.403316412247422 0.675132960194945 0.674131908459244 0.445064163412066 0.0211275882478268 0.0243071052083453 0.38256009466176 0.332654457807459 0.576129743137803 0.394930902233434 0.100386550875249 0.144217205978057 0.125075395767106 0.446070495491434 0.368541693862694 0.520838407717631 0.273118618410664 0.184637030503329
0.663048122227637 0.289639734136146 0.639762834967077 0.569969179222391 0.393568962540356 0.292581147995785 0.458342992242571 0.102225405929634 0.330928233359811 0.292135180619170 0.474744346428218 0.309680836595387 0 0.562064836684494 0.547370208193855 0.546246467525594 0.427864326169346 0.455313099365413 0.330075399745434 0.53881664975661 0.363270234941149 0.199610008424329 0.484595112718971 0.465050976393602 0.243231952723719 0.396874006600304 0.467311737104616 0.512010459572076 0.607560228135166 0.439974437728955 0.54017747946069 0.419739301792736 0.517122584035458 0.302792421997699 0.337932305407203 0.359622186939105 0.270878754840982 0.428795031499024 0.293450731771662 0.209357982944683 0.355584945102197 0.0179307912876692 0.491003541560848 0.637361286151844 0.354452807816674 0.515269078477915 0.423090319093312 0.346025364542577 0.237504833906048 0.457212454565914 0.200382577696001 0.460918886191938 0.413212989047709 0.418567446946235 0.316218112341471 0.484194948958425 0.532825501921881 0.463516407638675 0.457383354113454 0.33186887302407 0.504493400439449 0.476465193080597 0.572366611970334 0.503099455371908 0.39290795451842 0.549335359728445 0.679731200881798 0.307253009810324 0.500823810877309 0.556684777944165 0.60208754152753 0.533644840216097 0.522086555561181 0.601401712941551 0.465591364860615 0.489048281192358 0.252130768780264 0.483164328816784 0.26871137205087 0.345051618421965 0.362901522130683 0.289871534255352 0.346421686132140 0.469621389816756 0.212744423436091 0.542589072435678 0.638721576092355 0.611257352428142 0.593976486758916 0.549611430180349 0.496687756078497 0.359097765443369 0.465183127317963 0.71099516844003 0.645187064089862 0.447734960490528 0.495407176226664 0.458984444971315 0.274208734525088 0.491240592917392
0.632233892233752 0.559292366221019 0.601367763760615 0.647867891295635 0.650213690443124 0.414860825028817 0.69605914518381 0.301647872176164 0.404610957944336 0.367839814010215 0.542786881816907 0.533388272205266 0.562064836684494 0 0.699062455452139 0.761306612549758 0.773009017103431 0.465216257193945 0.179803571276217 0.687956003250493 0.70697606629737 0.510680159408292 0.608731099838813 0.556316223935958 0.202045705715926 0.391351352960003 0.436368247172866 0.244599954545229 0.491958372644985 0.554168615164318 0.59514119496158 0.619997058373395 0.540590352582978 0.657750290280498 0.490761285246575 0.315003232337827 0.50994002045235 0.57110732998734 0.608732714574791 0.499813134300504 0.493699064078071 0.302022655090308 0.644999017576677 0.694465901925918 0.436476879910451 0.602730114558344 0.638624106188378 0.661108296612722 0.272661551271802 0.690775442218623 0.468275815650428 0.539620157076203 0.449482877873759 0.395163769535292 0.353855224097002 0.513508912129822 0.690808718558745 0.651022805124327 0.821925659948423 0.708289368088464 0.79150861310293 0.55559856726183 0.731019667369771 0.699209352429735 0.612312634199161 0.68523690208376 0.685849582288243 0.201377736970730 0.442595635202539 0.551894118466204 0.505991535427714 0.520145073539726 0.666415703022152 0.595800658432412 0.679040874283962 0.513841461035357 0.60052270774908 0.640645784840658 0.28442519344182 0.525079001433166 0.617664732359883 0.472369595746811 0.151227752129777 0.564769107204047 0.453649509900072 0.568089771702507 0.416458037997073 0.475961364239347 0.626346661204004 0.611050690574158 0.710769408019118 0.590564493042854 0.392538181241409 0.519607683935877 0.531965467321366 0.515111283362206 0.555963444551079 0.643890017490418 0.327746089840401 0.469055131894456
0.566463409253871 0.629922561403412 0.590543817014342 0.526424570807344 0.581840420507901 0.512366623802909 0.865930509784925 0.54095159954944 0.649864818058065 0.545758094643698 0.649492500329295 0.691728867243494 0.547370208193855 0.699062455452139 0 0.783275325592436 0.600536704305675 0.38546199205039 0.161019300479120 0.638713499806699 0.758808535821517 0.537353464751793 0.640926513437678 0.440937959703448 0.114537848307033 0.269222845120676 0.361769649920732 0.324056132457128 0.621600902006025 0.477460291301955 0.504309952216857 0.683703062396627 0.553853439259799 0.665396401526256 0.665522276190542 0.309116169042344 0.653891549468532 0.726912989024449 0.574251818855275 0.58963183324762 0.753117446034017 0.389475123508974 0.524638589547255 0.536147479119997 0.481550007224995 0.518191606264353 0.421325308681572 0.49358481294364 0.286853919739455 0.796108107900373 0.579545400216705 0.705526116141404 0.588369935476364 0.572213995281435 0.602324850830067 0.42078510092584 0.589955788786671 0.870458597798636 0.789617666745738 0.698503040669715 0.694825329818275 0.434017895802707 0.665086150371342 0.813788738270422 0.644420214372512 0.666099069139095 0.57947690715171 0.0808030044111685 0.330809353868861 0.467707394473964 0.506655085964359 0.67977462179857 0.49964360913503 0.613710746334035 0.749096920400667 0.653575868336177 0.590821723958547 0.6962422193139 0.184384617802399 0.619614529644686 0.717902170630032 0.483000963916173 0.278862494122258 0.741990339332576 0.610652187231303 0.565773377069574 0.275130684038771 0.324803610343662 0.464568682773611 0.445891116539715 0.586209038517366 0.44446432019234 0.306085402439882 0.407961313374346 0.366349404907256 0.384506469914019 0.426437050138277 0.593321607280846 0.301491060484359 0.388156903119935
0.700888917016963 0.507496972740249 0.701733269451028 0.694774757469145 0.637151205681944 0.431166027942419 0.602408262946523 0.281328212232641 0.389789492935038 0.244503129744754 0.499830151556196 0.451876464522908 0.546246467525594 0.761306612549758 0.783275325592436 0 0.737560562884287 0.471195458510682 0.257551999555456 0.835884745862889 0.656079587749017 0.277886438235160 0.656879718676305 0.39849680446549 0.262248285116882 0.529610827484398 0.46217361757044 0.471886858148568 0.608176367123622 0.581257861433261 0.568628306838002 0.507126540921472 0.354727782266633 0.508766760779203 0.449142075468576 0.374018037033403 0.407058362174152 0.616148579882754 0.522841257487405 0.352645262345557 0.504449798051368 0.0538017906333845 0.530434205855612 0.686105708723285 0.362646447139208 0.641077379679317 0.595526701136223 0.496723153376103 0.199042397849573 0.562679143627307 0.33187968526811 0.461650054728038 0.350404742830542 0.336474708114136 0.326445022124227 0.401131050482607 0.696738949591714 0.571983209680083 0.807591493080052 0.595447880991463 0.754289165674498 0.589847605602329 0.755919463340632 0.673187023257167 0.465557442640268 0.71525580650757 0.639990132709859 0.286135406590060 0.579026172208124 0.602490257105279 0.674257221644954 0.505593372068158 0.567757169432244 0.62334771584432 0.575618521436479 0.522060554604010 0.423395876331575 0.558183454062877 0.257955979741595 0.340415059163893 0.52258761593808 0.403164109030401 0.180770888061803 0.533777532801591 0.284817443792416 0.558429742967811 0.566198903354057 0.547369154119419 0.642904473071909 0.626886029085138 0.547622839154189 0.514923559414632 0.438383424100776 0.653218885442744 0.591507630660843 0.47364612701618 0.533058392351199 0.533140297039299 0.376267735755544 0.589595883077699
0.49752380654729 0.484009496384566 0.509585024209224 0.648975845292187 0.526556949106512 0.306958384479678 0.534115944575686 0.210533889575086 0.295842577696966 0.0712607274596928 0.271372880561973 0.402550268894724 0.427864326169346 0.773009017103431 0.600536704305675 0.737560562884287 0 0.506445056479261 0.218538406139750 0.634088954224654 0.483698766481567 0.327092179918537 0.467835953653931 0.401578390874954 0.165438273828356 0.366107303706699 0.343397902747432 0.198178190781049 0.279762296111834 0.332373200363714 0.427903469449916 0.416470028643406 0.280022428698040 0.356824655725191 0.232313267666853 0.287260826840303 0.360821485911861 0.513049140023172 0.446155097671387 0.337638801072732 0.394767275611344 0.122911746240315 0.48694551247996 0.629127267325328 0.379690507152764 0.518120091725724 0.647757271846678 0.505606727350079 0.175158494530847 0.52462064757921 0.306964583485678 0.367233274231496 0.173033108566379 0.143661219591386 0.255014188134041 0.297282471155797 0.601649842259984 0.447661794245488 0.719402830672836 0.572186351907746 0.806625277556597 0.606981107554217 0.574943586272019 0.412235114033741 0.397239487626132 0.577184317731203 0.488630195002875 0.234441258178932 0.428952408755526 0.478771915901909 0.410066435818751 0.245725172150146 0.532027859425387 0.385111618154041 0.446929895645536 0.405935638490158 0.306770952317176 0.371740674217152 0.337429675931311 0.319529525065227 0.4896743155423 0.397515818979028 0.115202530430341 0.433014798930369 0.221121628676974 0.326016467145891 0.38497063586666 0.404828740359391 0.5314689695458 0.523604708756908 0.4538017332677 0.454736122934144 0.309966468708693 0.459110005251926 0.452703056809854 0.458549620515951 0.493974210913046 0.430064074514625 0.270404002656027 0.411917669220398
0.666050043994358 0.401318280950605 0.724147143672536 0.730530162184563 0.505894353607869 0.452245980021327 0.383206367025483 0.0353030475521591 0.236504436041094 0.0705855635428293 0.472092277784019 0.458358971119976 0.455313099365413 0.465216257193945 0.38546199205039 0.471195458510682 0.506445056479261 0 0.787679718135976 0.677471626447202 0.364095352814924 0.288458447943131 0.512197774338678 0.386831098956871 0.502927864742976 0.51865201780786 0.514261156167131 0.353146825175141 0.392743313314903 0.361224858156100 0.510956567512446 0.383143777579943 0.210800529634596 0.300078143903294 0.245846807834109 0.147150652461410 0.295477658740639 0.394255584565111 0.421237367599046 0.340412746122548 0.291848350420169 0.114671089299605 0.558214540824704 0.678366034208498 0.274981785250418 0.628179134623706 0.543050317255703 0.438532342406741 0.37646440160568 0.378352691437037 0.109178961163482 0.222885816694811 0.182055452536802 0.211454714709658 0.312768451555325 0.444770871929210 0.488791726443177 0.354899237817022 0.473784606414808 0.318626995822502 0.430773742070568 0.672483528187668 0.544801316129453 0.374249639861079 0.345967502628386 0.528531959791037 0.454080118596062 0.505777354630087 0.549170176008775 0.598086692548353 0.444018093777936 0.380013785799805 0.536071556401278 0.463054233013011 0.383917969991544 0.264040215906306 0.243852548086716 0.366303209886837 0.350065460285004 0.238310286460502 0.325826707721144 0.31399857004371 0.318224811847649 0.341127752816899 0.208518491179743 0.459362739442618 0.511514336056361 0.386226379919314 0.600304070725135 0.5743457621517 0.42617200618351 0.405464559527869 0.278245893206447 0.551577059939991 0.476414329035886 0.612638653290629 0.613670048254417 0.404131968092999 0.324643471280509 0.416560319025662
0.592176203788416 0.114295959369522 0.572526419320392 0.588703782489326 0.184316203734871 0.151185846274751 0.117604203488072 0.110486009755682 0.000480286818467645 0.155749255772878 0.171091325742639 0.215457195264769 0.330075399745434 0.179803571276217 0.161019300479120 0.257551999555456 0.218538406139750 0.787679718135976 0 0.556106179904275 0.161636106275294 0.0635576072888384 0.320381390104724 0.237466843019434 0.586225313204061 0.537703522747839 0.608382751806724 0.472964202783251 0.232097647049180 0.141168166780965 0.346026388638406 0.198277549281124 0.0212689841458795 0.142945392629225 0.105225512458407 0.0366001168455652 0.0663034509952708 0.204379126122894 0.186897558100955 0.227121304141408 0.123604955137965 0.0385299667997752 0.36810506791619 0.560085021001398 0.0700363242359797 0.495734103452056 0.469896716601951 0.120336249704365 0.203487860524695 0.097690870101493 0.0592406514606568 0.0381409376027403 0.0187753245202378 0.0604614971790963 0.116741892794397 0.355639800218777 0.346178070320126 0.108069448163172 0.224570090268190 0.104916461886756 0.169893739157095 0.572636907311346 0.418583844996473 0.182827743560456 0.110273310508513 0.323298891494357 0.308661477438332 0.525672322698673 0.522528497945887 0.5835433757081 0.473427672877715 0.202948707083604 0.303131428445371 0.363013433738762 0.185520594429023 0.148391216922106 0.0606053711976983 0.213165566784009 0.263943671614652 0.0431734176858113 0.121149678716121 0.100222501660543 0.236180079238473 0.149227598998797 0.0662979823910595 0.331502104957787 0.471733383890067 0.337616639951041 0.462128528884798 0.441564948447881 0.190088245130818 0.2763633384536 0.286962242153936 0.478218242535852 0.36312973721035 0.437923433868229 0.498997546032523 0.183663622097218 0.276967216490405 0.397865792067395
0.729760294831931 0.439102702956011 0.77421449310119 0.76512218490731 0.545287128140862 0.42262240213139 0.541807478443206 0.144399979970470 0.271383058898463 0.111347372723628 0.457368782045457 0.476137192862045 0.53881664975661 0.687956003250493 0.638713499806699 0.835884745862889 0.634088954224654 0.677471626447202 0.556106179904275 0 0.619918736054038 0.342196277284156 0.650273991836446 0.395201093439504 0.406966315533908 0.604097903045047 0.640158903216924 0.611450160676862 0.657438226301073 0.477934971536677 0.621191010800213 0.562817430960184 0.356165579986039 0.475931327721066 0.382240999827805 0.217067558039945 0.389925171150122 0.560774779039796 0.5190645310163 0.378587775225434 0.418983996443751 0.129156351567328 0.689705865177107 0.757098670302049 0.299582421846929 0.743680746889245 0.713530441555045 0.49963460643554 0.253078751814688 0.507028374938079 0.230588066720873 0.334408181666726 0.248004268272116 0.32993592682024 0.34719297221194 0.454615185450978 0.678245488372172 0.489743443617946 0.669748415750123 0.470459590493165 0.628804832658341 0.707950891176114 0.863923586060078 0.609162464359092 0.522508606648666 0.699620487956346 0.652648082048812 0.506846971224487 0.692076726625793 0.757937940579137 0.776050049701514 0.562279776414095 0.588104863166853 0.65973051705244 0.583982744952617 0.398122067454176 0.370922946734605 0.527203663784199 0.374983681254849 0.283470059921860 0.424674217785978 0.332020565419784 0.267927476912367 0.441726991815267 0.347141293776103 0.647965770878397 0.5930069568443 0.523876859297995 0.653112898937038 0.686232516006358 0.543773440130922 0.480591471983015 0.347018190929746 0.669660910596528 0.551884368479237 0.568212005896074 0.578199512355213 0.510578617144341 0.359667639629604 0.542252447304876
0.518199455056412 0.555007496073152 0.553135726474154 0.413090055884164 0.495732749618813 0.515423586499901 0.724463142152111 0.403247580472534 0.466914513176555 0.542728315804033 0.649508303556255 0.695092364067614 0.363270234941149 0.70697606629737 0.758808535821517 0.656079587749017 0.483698766481567 0.364095352814924 0.161636106275294 0.619918736054038 0 0.627302182882971 0.487695674032227 0.398121614964493 0.157660407627665 0.271828515571221 0.271589763636372 0.168102123594173 0.636446301002954 0.491714886522275 0.568315523904366 0.697359424504375 0.513034923244379 0.797564460317109 0.782409502786656 0.213971568808950 0.595788574974364 0.62420709312788 0.580218875905906 0.504691812771494 0.60486229390372 0.418409994385138 0.659835149849429 0.512718779720321 0.435801190294023 0.509403577444136 0.309511469199885 0.493759651226717 0.264998411686644 0.705900088350271 0.576272288619676 0.567799268620673 0.62160531664339 0.537438134861457 0.418234113270152 0.346212058885653 0.494169376886553 0.735723515137596 0.749412605665636 0.682812405934295 0.559316122686312 0.280119994118740 0.66864406459158 0.893424470716725 0.669180168374488 0.588564382746021 0.573557646001144 0.129628306750635 0.309262351345966 0.373918974995221 0.368389458221535 0.672558274088942 0.529893948883041 0.580001638974331 0.757666611540413 0.485843533698724 0.74083488746622 0.848168982114882 0.132256366393113 0.569484910740881 0.648978349024031 0.433596730670204 0.276845585740831 0.637155619793425 0.618536682153023 0.73538128146034 0.185461750763906 0.316620927878295 0.478838240481039 0.430603855002279 0.67482669157588 0.461982064366428 0.254977508148264 0.331619614539436 0.358423466027529 0.412377017721432 0.444956935099908 0.639935784593925 0.252662365890444 0.386113692780586
0.263805262929145 0.578786766512797 0.352285719978398 0.365770020867826 0.447113486488329 0.508694020870764 0.764053423804261 0.4245682241789 0.513907919207857 0.559960546926212 0.608934254281488 0.667301991848638 0.199610008424329 0.510680159408292 0.537353464751793 0.277886438235160 0.327092179918537 0.288458447943131 0.0635576072888384 0.342196277284156 0.627302182882971 0 0.389668675080088 0.328515899676357 0.107758242799475 0.0499836943692154 0.183914021331699 0.115492642458370 0.461556018074093 0.327611251746185 0.448656212981844 0.85928069492218 0.506654219771915 0.7375314989242 0.664965650463509 0.167348112977734 0.671325794780919 0.512782729139913 0.631211484664618 0.651263252202008 0.576861654912884 0.854838504081102 0.704675331610114 0.366656671833976 0.631238877136805 0.408878577372613 0.346200765203548 0.52089059326607 0.486035406114459 0.769925750911115 0.581568581713943 0.543992868122545 0.60939523400776 0.54380896524739 0.604017438928731 0.295785289215446 0.319360479736683 0.733262352491091 0.561698847931722 0.537606090965368 0.406680175270666 0.233983529463487 0.432435703929105 0.631217951335424 0.849771096315134 0.54059835048537 0.360186076464265 0.0924376129627349 0.071573539966434 0.285070653856873 0.18501041787118 0.642190816857382 0.420894460840657 0.377943917636212 0.798942536179023 0.448625354401059 0.740274562148005 0.60908130841218 0.285375595729407 0.67570300568735 0.687012685042694 0.470240944784367 0.240952652671048 0.647556810095602 0.90348724691526 0.445864407736393 0.130766597198754 0.0740082690916018 0.271239751323228 0.278418095318829 0.672795848146884 0.480037923105403 0.0284473649226004 0.0155140497674717 0.0147833394809714 0.364461336522555 0.391850700844609 0.575774373824558 0.0839188246758844 0.0687212359651162
