0 0.0349399433254689 0.854025096094665 0.802462060660047 0.623497959384653 0.621221997027591 0.627007323475441 0.186150245333142 0.496202856973446 0.199460431777176 0.507561232441217 0.633616403822758 0.64067829171656 0.45876074080734 0.621075275973131 0.595454224074806 0.391588915247269 0.683898019264352 0.71670442420492 0.643779592293468 0.617486841376825 0.404194185482826 0.635676393677389 0.563364298269643 0.62637862718708 0.510666629416415 0.758996239292688 0.575846964151746 0.339582800041209 0.68741808761889 0.570960990253388 0.553306428747292 0.272853543719976 0.445253327230375 0.402535756098913 0.141172525771338 0.324292204125449 0.474724459892235 0.155452260021000 0.300154274949088 0.327715592019368 0.404236519498938 0.591533361209625 0.858113483695161 0.095423678826142 0.767914232783153 0.73253961886566 0.56184268892037 0.50575385560959 0.54960434629859 0.333481054624202 0.111802953220415 0.360862835664979 0.291485420247194 0.286033335486414 0.425359071936002 0.457738820079435 0.498868434947349 0.494253134130868 0.252812679012094 0.470491770929403 0.605253631410146 0.762893641000754 0.599718541269491 0.394775473435237 0.468704657894948 0.593382615524532 0.56647769442066 0.431006618048645 0.650186115406318 0.53307793472582 0.375163179315874 0.487883981177467 0.505932121405158 0.552363422137476 0.191861486711277 0.334723855619331 0.387614616901334 0.150576066732972 0.255815211010709 0.359723468664855 0.0106955530899876 0.113410088616474 0.449580016113697 0.436099220958446 0.530937768767057 0.599039270200737 0.544694065653967 0.320627898246572 0.327596341259047 0.545875004493698 0.135951774374733 0.456374154130902 0.53157976974367 0.458822396586188 0.40113924976507 0.308497717280202 0.395991529416257 0.174027592643302 0.442816652682539
0.0349399433254689 0 0.168539971463467 0.0701841568526264 0.0918268960994584 0.185985797211472 0.249299721383405 0.245618822705717 0.348245094923341 0.131811496932074 0.0296268808041819 0.165013525145372 0.0843768536664012 0.147003172403841 0.166890191565466 0.193662256119192 0.265330711903184 0.0954868381876515 0.150813988611893 0.0806458028797089 0.199207316306171 0.135087726957686 0.0903215254972501 0.121329956877606 0.139502471935013 0.397843187525292 0.0164438129981736 0.109944121205674 0.0769051884926502 0.139906821753155 0.198008447190726 0.193630894854511 0.0185885488259543 0.16415897289792 0.189364812577332 0.434737049129453 0.675243876192389 0.254330464290611 0.562474114286996 0.557605379725144 0.412169471322542 0.0230222356274028 0.178517833652544 0.0345456436678668 0.674169156183983 0.0242492181643210 0.0150367599700867 0.0217120507756105 0.136871722961584 0.230194772578041 0.453076761298609 0.377945443240702 0.156863947232962 0.157290416911925 0.253050551307575 0.008665292606364 0.121280226221636 0.249428041047077 0.0961808258420115 0.309282665742554 0.290998162171554 0.0290880497967391 0.0757424235948419 0.302978311797334 0.117772039686763 0.282970441091644 0.0969268212261719 0.135973828708366 0.241194586307094 0.0431984365861018 0.0480323055843046 0.0761926689657667 0.0269708755767139 0.308921681616612 0.197190828676682 0.011679461339812 0.196662610310473 0.356029689172807 0.305017776851617 0.604664836326138 0.267742754214227 0.630517918356802 0.614140033932561 0.461065617335238 0.169667154870618 0.0092936609112711 0.115695396517577 0.0238388536464098 0.62332208227035 0.478435586358754 0.279829846921509 0.479891500089359 0.390830617069137 0.0630809519319208 0.194878388876096 0.551289325546213 0.551453754843801 0.491367083025271 0.404345428689545 0.0335220611214613
0.854025096094665 0.168539971463467 0 0.843535770561793 0.519815076854913 0.571982406993453 0.615528202083219 0.00493777467457191 0.307401353326037 0.221500761292033 0.463120170252477 0.573327348373919 0.693448502885334 0.455978551894676 0.669927544476739 0.623118233640008 0.359972523419406 0.741541126746017 0.770718137014986 0.71387523978269 0.567268066278936 0.417654059023509 0.709307918179373 0.607441872347134 0.653503669900863 0.52496065369962 0.76673594310819 0.680071955126781 0.395587904685550 0.533878359252797 0.525673175828594 0.529030844024226 0.309254051751342 0.47415263626543 0.424544098346065 0.0165999766686274 0.256185944660728 0.437436900193426 0.0501685830499998 0.217216623245579 0.183935362426026 0.384161643552756 0.734262618402166 0.752738162698776 0.0118157732716389 0.851551405586672 0.737690554174994 0.447271938527871 0.469097636182373 0.52090219886364 0.209928641531394 0.190031788317470 0.373040640980459 0.219520183754836 0.1968988249362 0.604825533782412 0.498123993005551 0.49889100817867 0.493085276672695 0.211411121776447 0.452337915546363 0.661216173153545 0.838339735186778 0.529800999607697 0.389381367156083 0.504106191686834 0.63128150049305 0.626097834600862 0.509588703272087 0.711575281140607 0.617952744015261 0.39087532755409 0.321387510562328 0.451199916996924 0.527716175946706 0.35681022412038 0.307285221248763 0.291895616144703 0.0348365519079260 0.174121015417989 0.373477070032387 0.120205063239373 0.0314161064238044 0.343276994340736 0.408716921751472 0.510502119499709 0.717904632328034 0.728236012657175 0.293293169676402 0.307729293521336 0.510496898678734 0.160077698504797 0.480685814623703 0.70750448489899 0.63199957820116 0.377933788191996 0.259441665207696 0.385986823009071 0.151772388571894 0.578941776556053
0.802462060660047 0.0701841568526264 0.843535770561793 0 0.62212273719701 0.638987207806655 0.665329823783657 0.133887709715177 0.424411154635888 0.113746300617411 0.411268367952806 0.609065998830705 0.649899419024137 0.548635623236153 0.699431892203184 0.626825666408017 0.443470351627963 0.736076577475821 0.752623108405181 0.786775779529016 0.613146344796026 0.447757386390526 0.463021743956531 0.52274646448668 0.580442916321522 0.464941997469001 0.714751713783051 0.623979645628315 0.318644156749765 0.599285963461157 0.577302526716031 0.58124071480761 0.251637177678837 0.473592274612859 0.472776302843796 0.263349771397300 0.369456693371327 0.638897023517927 0.146969833933257 0.294919509800574 0.396783943987239 0.468238794811585 0.605340364345266 0.680892258108536 0.156967302823545 0.740737268465314 0.817192920370926 0.405959959018057 0.494396781146715 0.582343232187222 0.355295248042303 0.0019983110977078 0.329705504494565 0.213739546998622 0.313254457943068 0.496587079767911 0.612383308597175 0.60331225052914 0.516829517412382 0.267415236959935 0.542453872186714 0.670388166894663 0.820242300969765 0.6682974496397 0.451897404218689 0.457493012771228 0.62461520690083 0.58800664454075 0.433443819325675 0.686427211529096 0.586681349917641 0.413781136802212 0.282338536951125 0.499477354284598 0.594398447187911 0.334715322007517 0.391232917728725 0.384937250387595 0.105693405826833 0.289407292816368 0.476552746056921 0.0202547802763917 0.111595918001126 0.470519345719443 0.467010688199509 0.526744605611076 0.687133862242344 0.641202027726386 0.431268216976138 0.387765683027534 0.596540955690645 0.247988753302901 0.485060510062440 0.646057923944075 0.535201819443028 0.456943174453911 0.361109714269384 0.472089979720271 0.174668626341311 0.560171764682689
0.623497959384653 0.0918268960994584 0.519815076854913 0.62212273719701 0 0.773333178845553 0.506265427648277 0.353790758865574 0.60591218153276 0.203185302533154 0.571116329451231 0.673449459563711 0.478141791414234 0.585492855520679 0.448581743033409 0.443830185721602 0.559953844015264 0.506814637088663 0.545922445569756 0.445768898862321 0.37488478250393 0.371185602868885 0.428566879358822 0.315506087324219 0.381697142184459 0.339385740527518 0.475566192654258 0.373217260277441 0.227409575770424 0.572046569371601 0.479481215501154 0.374983298555009 0.109201187295913 0.418199413442562 0.152328520755121 0.414490998873032 0.368338221538939 0.548307095347196 0.372058386150189 0.328074128102575 0.47202097723973 0.418475807298978 0.151529561340568 0.405816056849073 0.181044096909875 0.377617706149621 0.451240959242834 0.478248576464498 0.49122916612412 0.513089144535699 0.473021403944922 0.323017591495934 0.407557474652369 0.300026888366377 0.356117036905741 0.298982890755444 0.520788535691664 0.542751453224558 0.474131031430105 0.39585072147836 0.507682180194883 0.340259231140417 0.46156257809854 0.549755521315764 0.279123816254618 0.401130042260495 0.431836039099992 0.176370382288370 0.214949584155836 0.337567554836846 0.265586285815584 0.268936803708102 0.180839396565484 0.378461818006577 0.388867665787709 0.121970355502252 0.483630349600391 0.348365503980727 0.0302068105734520 0.411821180856021 0.414352889071656 0.151478031950047 0.334045418519011 0.581009160516678 0.337395987866108 0.263478782281983 0.436895400462574 0.359583273865372 0.467200098092065 0.471674586375009 0.512728742450217 0.206019640463656 0.488693933523942 0.316263565222685 0.192641495649225 0.490041717455561 0.467579972527932 0.459545739036361 0.0615263911291977 0.225605846524207
0.621221997027591 0.185985797211472 0.571982406993453 0.638987207806655 0.773333178845553 0 0.639790615980542 0.373780895132693 0.72661604933981 0.349741395880774 0.675029251700903 0.667256590216316 0.561438939525719 0.692798729683197 0.57505524988932 0.520392161042474 0.639428379149851 0.545734589085565 0.545787328258833 0.45484075958324 0.498806949342765 0.293072377901265 0.528376946102895 0.370376890006549 0.490298794385709 0.482272540006327 0.464360608735328 0.292238338280996 0.146347292358881 0.605767836715613 0.568024299150106 0.395724573116853 0.117413722306437 0.610797805488507 0.296541175488244 0.412019353601393 0.473269192286578 0.58631298056407 0.390115604358823 0.420277889820252 0.447436984329163 0.279749365730340 0.219600033354494 0.480640590386866 0.264646479805819 0.470305905817766 0.535644025123472 0.563255337726332 0.644206556815347 0.565380766515883 0.474708843246161 0.320612752819389 0.402079658311166 0.222552858054409 0.345911494253469 0.274044768542082 0.546310282042388 0.559341963544767 0.494969689073738 0.457499401991949 0.621071455395626 0.423764205091484 0.498975884529856 0.632157259863627 0.214465988051205 0.416474668516179 0.500413206118258 0.308045583184248 0.345434309141049 0.336348309513085 0.261729328276446 0.268808572153996 0.314401888154764 0.534890380541807 0.40794930602155 0.183711121930513 0.483372279444051 0.488337997159112 0.262142672537854 0.45188429070598 0.397786296058912 0.214769686143031 0.347581429122577 0.564279587879206 0.309870373002597 0.316141376801354 0.53560206526705 0.462728109476418 0.519261087450075 0.535345840110239 0.622438268500296 0.246867327666617 0.475498356141096 0.437990710668504 0.301181350278159 0.56141513802607 0.496072594801148 0.503271289024503 0.0686051740790342 0.337293051410499
0.627007323475441 0.249299721383405 0.615528202083219 0.665329823783657 0.506265427648277 0.639790615980542 0 0.218192113970599 0.496804556563314 0.222914495933176 0.402267297492868 0.559036454050264 0.492691389504645 0.71163345195238 0.897357146695047 0.87034175022126 0.59751986610424 0.597671751412072 0.513297258837431 0.650877622034247 0.737039536166208 0.367014371338745 0.666845919520282 0.612718366551915 0.401658054130964 0.513991840733204 0.56836924302932 0.489194058253597 0.395806005166777 0.588264016496305 0.471214184448434 0.381829787224423 0.309004196343251 0.402497486809933 0.34753057000929 0.344891802484570 0.59878270532541 0.47744639499766 0.215848164410946 0.318782734790691 0.509900582581139 0.296225633329285 0.559910859623957 0.565964312555483 0.337124448398278 0.553519814976964 0.614087124871458 0.426002778437055 0.504227738624221 0.805598107342094 0.559203404215196 0.130569126453837 0.385647694005504 0.158652257676975 0.271789127756186 0.328810634434541 0.501145504695531 0.706801259426995 0.716440033280656 0.533979955313822 0.710742272816219 0.431994270167899 0.671786632065177 0.736502703226586 0.276364060430618 0.498978631247227 0.467001115741827 0.324553494176205 0.374951863797430 0.465618364192315 0.404665366932003 0.3837321666949 0.369394453125084 0.440092273015008 0.420828067310493 0.331192190842335 0.23482392563468 0.330633304898741 0.350580270169459 0.52450754802423 0.529980525224549 0.209580139687964 0.280339504275961 0.569086873620158 0.354500386614269 0.589634816944738 0.728306037597016 0.606274895263909 0.445481811496141 0.399018138383372 0.643403784767718 0.225688190166794 0.525817138776306 0.63509751057107 0.540921204345774 0.521393297233924 0.369072934191647 0.528934050470158 0.279014043097404 0.592650170237624
0.186150245333142 0.245618822705717 0.00493777467457191 0.133887709715177 0.353790758865574 0.373780895132693 0.218192113970599 0 0.555365454911173 0.58077257795814 0.320665492859322 0.292245404915595 0.0560581098537865 0.340871220232180 0.0468187000167578 0.0556702458671698 0.285741992677327 0.0564138092949173 0.0292975515437958 0.0668182031549617 0.172422845897843 0.22168275316533 0.00734963780476264 0.0253952550284660 0.0909504563438668 0.0551688074625156 0.092926058280335 0.00500950829186228 0.0204815539427388 0.201187196398312 0.173652654835330 0.238497516102062 0.283726790315437 0.264875399132638 0.0473177033706478 0.257692110219095 0.237914375453974 0.225200886095446 0.628383852916323 0.191156498114884 0.574026234163032 0.269322016562006 0.171473453154974 0.179076249787308 0.25275795402622 0.0729204547050661 0.106610702981016 0.305057675023412 0.281157837053574 0.149017237228391 0.484635088873653 0.5694517806077 0.295800402375284 0.376716956483904 0.204848780464468 0.0562200967966305 0.192772775623522 0.0737034777861027 0.152118787622235 0.274207136544985 0.303624658029591 0.000431651951740762 0.00708420021764082 0.317068987436508 0.199683315258706 0.0610684503021726 0.0236480025941064 0.112917188191424 0.183916230641688 0.0874178196599101 0.124460652243207 0.118514816344220 0.249228023040457 0.0858582122688359 0.268865197301586 0.254311228127343 0.334629620403482 0.389463122880337 0.067878810159514 0.242747467243697 0.178015540540540 0.346250226333093 0.290883522838535 0.355200761971362 0.285455086427262 0.080477221253484 0.0776688322435255 0.137208799672957 0.256657971047157 0.265577531320117 0.126767600726385 0.0100100671653924 0.162391362427954 0.211496813831748 0.266489319349376 0.251495068637634 0.314506254842502 0.23000279404644 0.0649881763295265 0.109675543472258
0.496202856973446 0.348245094923341 0.307401353326037 0.424411154635888 0.60591218153276 0.72661604933981 0.496804556563314 0.555365454911173 0 0.260012657051312 0.708635243646601 0.747659787277025 0.392036359695523 0.466318220535859 0.412599871589094 0.387370205853731 0.470479976387483 0.376728034841847 0.333758436578752 0.258498002835365 0.440504357507613 0.38623672083463 0.300045643191248 0.234229773323347 0.40239161766178 0.483951769628341 0.290137880314290 0.0783627976488922 0.0894788094008066 0.447114339441294 0.510457967452241 0.452296265632066 0.00259507038376026 0.539138338618023 0.242309281848885 0.442536124632952 0.462483105512715 0.452509093420261 0.516541265767534 0.539087717618786 0.632016811876962 0.331998864847213 0.0633851974730521 0.385227109403211 0.308237807623330 0.336904259067427 0.424022379033948 0.479638012749265 0.638245830704939 0.515739600145087 0.577314063894619 0.657987779212747 0.385461490655133 0.512541709155088 0.564420069095609 0.211373934351956 0.414948776807341 0.47536650218285 0.40602398828457 0.365676781893486 0.587016585793676 0.397131546894787 0.337260600751452 0.662877249809553 0.370434025716072 0.403444685396802 0.406647657142783 0.257094203981351 0.272694697438263 0.191853716410761 0.120288502591686 0.363798461561392 0.294128527012585 0.534183014573806 0.474626292495323 0.029701808406704 0.468427280600647 0.585774508523917 0.290871560853127 0.496917416510579 0.386881196531749 0.377273512180457 0.439043461882217 0.643628227226349 0.467340492394213 0.298200612730273 0.313404689176207 0.284858056731658 0.603419913480842 0.572636352168836 0.514390443320071 0.353681198333225 0.480887294287635 0.214524435749239 0.118332099187486 0.666722867124618 0.686585990494328 0.51821652945263 0.215202187998445 0.164820129973954
0.199460431777176 0.131811496932074 0.221500761292033 0.113746300617411 0.203185302533154 0.349741395880774 0.222914495933176 0.58077257795814 0.260012657051312 0 0.399739240142979 0.168104723786456 0.229819963670419 0.260907061122722 0.131783838600227 0.135349938983390 0.152176046830391 0.143208147271925 0.172674429667624 0.128795858916247 0.19790279520298 0.215795724444857 0.266328173861045 0.121671539107321 0.0561679491381173 0.0636534234815437 0.166092417554993 0.101009316424783 0.108398239279494 0.166876275754599 0.169474061088247 0.159771278797075 0.180389028228684 0.31550095916649 0.154454514536861 0.106597608039087 0.0868659079456673 0.0465573908231429 0.260334499452538 0.0453281633234554 0.159193749682855 0.158963885911399 0.139019218549093 0.231885555301422 0.0350685193643907 0.101053193366039 0.128292839391729 0.348631649986065 0.191920445426098 0.0935143512382118 0.188690114083892 0.220359631367994 0.504122688332702 0.384010363841519 0.0814815067428574 0.197699970311482 0.181890963132922 0.091696215188129 0.0900959774659297 0.115086160739324 0.0897389556823154 0.103560262212819 0.157937301527489 0.211820353276802 0.119414629591133 0.128192853319747 0.129327789834959 0.114405883370577 0.097617210390389 0.0127722272932228 0.0447874744604154 0.107593561835934 0.21571338567969 0.156228479969713 0.164601963056381 0.0222010789437452 0.235244692899357 0.348200713967668 0.107687219996804 0.069021192824769 0.0215751893352030 0.00246429005834380 0.0211294993143725 0.142334748811282 0.192438663049057 0.243918023780761 0.0087185480737884 0.0329565704688066 0.0685250680797118 0.08172397010199 0.110272486289673 0.0931782507769227 0.00343820489250786 0.0340803878881526 0.0537996721292038 0.0559955356971011 0.0555663448416447 0.186908623294052 0.0378800535559701 0.0133320060396173
0.507561232441217 0.0296268808041819 0.463120170252477 0.411268367952806 0.571116329451231 0.675029251700903 0.402267297492868 0.320665492859322 0.708635243646601 0.399739240142979 0 0.716050817464549 0.597506636169552 0.453086107545428 0.435712911622457 0.382654281109301 0.378212137300044 0.56195199737506 0.56927796491819 0.349419149115362 0.354021670250735 0.531377972337099 0.428896214362379 0.331819089675735 0.302745657074359 0.336181724301714 0.351147907920361 0.330798847239517 0.403896201170885 0.35620551515887 0.47264974869387 0.387558406013767 0.142579116667956 0.524696825749456 0.134666151241016 0.0904517369224433 0.156538880069065 0.28465464672947 0.172723899345560 0.184872388413991 0.336731794412363 0.485460574404502 0.262347770958326 0.335874000406342 0.00556879844721433 0.403156168824936 0.369747132124778 0.463568403699272 0.491810042149531 0.45603249143702 0.360037553423199 0.308170919505743 0.570702233730649 0.542650064251633 0.477873834354512 0.471058992943385 0.438002342666938 0.540269750533695 0.441713097287296 0.276036258909941 0.398331479046286 0.392701092822554 0.476833253037727 0.508933211666731 0.381681417822781 0.348686465685502 0.468640776545985 0.213355741317636 0.23689861707839 0.31873540009219 0.315033083013208 0.541682431063596 0.259586159751329 0.415884094114583 0.431779379998025 0.201148805297130 0.472732647256247 0.386012975907691 0.0685489479712864 0.233746412030214 0.333426606093171 0.0918903100960986 0.221729696905689 0.433224151675227 0.533065883704581 0.324172453413868 0.318984333543631 0.361407720583435 0.373228558080045 0.456284632098798 0.397304227977133 0.165129682004024 0.381513879029756 0.287993784340247 0.196514445106432 0.523728929180086 0.517578605450553 0.346702052398989 0.11537239956859 0.210187513699668
0.633616403822758 0.165013525145372 0.573327348373919 0.609065998830705 0.673449459563711 0.667256590216316 0.559036454050264 0.292245404915595 0.747659787277025 0.168104723786456 0.716050817464549 0 0.59051539209637 0.589132716449322 0.49525326928689 0.465634865690488 0.464092165130275 0.551699731605497 0.607392372681808 0.512072049013384 0.566148518170824 0.480551748462017 0.490967384199438 0.454868149685446 0.380436845074875 0.494815106276236 0.566143907501651 0.460016840040502 0.307756884002205 0.483702350443889 0.622431987643849 0.486222015530918 0.268176117581738 0.481408528818515 0.298129151970693 0.246948367521712 0.463723865738512 0.490803360152548 0.301088751867301 0.440344765623325 0.446950151113866 0.429755036975237 0.346111044004083 0.472561755963002 0.125036919800757 0.590352416968074 0.544152028782529 0.460510189172745 0.519053015499164 0.612013408747061 0.420118793609484 0.330686939409431 0.352991689035137 0.379451902082108 0.4925090255745 0.421040661955217 0.448350554745986 0.593578215686037 0.488698559266487 0.335302694275174 0.575226533861454 0.504296568337715 0.598589860984092 0.676029790367154 0.394008432530085 0.554391208091601 0.59625923872464 0.437506630213342 0.48778216621615 0.466554900626903 0.490502348317081 0.455224410190965 0.234095051924991 0.549056267923565 0.475771576566885 0.265256203451044 0.352846978403819 0.42256984478214 0.0882671522414258 0.322540325741455 0.422725858832933 0.226202718606296 0.269532472980434 0.567450972980208 0.519358447844305 0.412099445061093 0.526224633472353 0.464810153281214 0.545145225905865 0.519209500113836 0.614129447099205 0.390566159465183 0.472491078458653 0.463236780259893 0.356355457865236 0.598767586675183 0.606603793267828 0.531586594289799 0.248435044967141 0.323675983836969
0.64067829171656 0.0843768536664012 0.693448502885334 0.649899419024137 0.478141791414234 0.561438939525719 0.492691389504645 0.0560581098537865 0.392036359695523 0.229819963670419 0.597506636169552 0.59051539209637 0 0.505559341270231 0.56350174227088 0.51593284180676 0.30936719702625 0.747316563017176 0.778145427196675 0.567518914364637 0.475154050249052 0.472750569510476 0.512437396913421 0.522340760618408 0.507682507589793 0.413334336859202 0.64505148655449 0.56243253243378 0.409138581635777 0.428765025125673 0.446439408435578 0.422534950635758 0.442580758854832 0.523543803016158 0.240290166527053 0.0370728350459628 0.238685771325586 0.427491377654519 0.0101394999380636 0.244666922410079 0.216425063406375 0.379490085074191 0.4811655067904 0.530174534659976 0.00527415886968896 0.582615426297529 0.63093088605927 0.398918992278278 0.504979802883671 0.426073841983273 0.192228941021385 0.0593493290908782 0.377479551480993 0.247894849033215 0.263053998440285 0.541389829793182 0.552915078730341 0.457148525414417 0.393352176151843 0.219868631696638 0.38350099285897 0.61813298627621 0.671945001310876 0.436317050783104 0.393406694238743 0.354496806740885 0.665351906575276 0.499351963920091 0.44177318274358 0.645832476905191 0.534207544436107 0.478958102718767 0.206384547867890 0.463745995610189 0.449285539504138 0.436741213951492 0.289243749328915 0.240984647525412 0.00120241032315167 0.181899381240895 0.414565873554142 0.0161565793809243 0.0377472843146548 0.297053185199064 0.491226641500031 0.413879195276997 0.586756302170222 0.580614186482856 0.315670534738082 0.388886832477154 0.561751407624685 0.197512194151548 0.414614631079406 0.544863576310132 0.455019328755185 0.401129936750055 0.289849053100326 0.330104390655541 0.0751430505317927 0.435809715748727
0.45876074080734 0.147003172403841 0.455978551894676 0.548635623236153 0.585492855520679 0.692798729683197 0.71163345195238 0.340871220232180 0.466318220535859 0.260907061122722 0.453086107545428 0.589132716449322 0.505559341270231 0 0.620181250063424 0.581734098532233 0.696929811809782 0.469425199535372 0.469928115743288 0.587618444456036 0.615400695815309 0.291459667201907 0.490448321030576 0.498795392915534 0.226105837196106 0.384379761223570 0.486567817856824 0.406492788534829 0.305943916570127 0.486008279963239 0.380408516941234 0.221054753663203 0.272758556303745 0.415441353060261 0.124982419624576 0.296374036725837 0.456766956883741 0.619271652308596 0.265893257991744 0.214245523442501 0.417357144536133 0.286490730341549 0.288152087968317 0.365737596164892 0.188629108422690 0.355011704349068 0.450299302897826 0.378548365243283 0.307274720844564 0.680192877302017 0.483562639308434 0.198147326468746 0.349704490746105 0.0995171583119833 0.295681953460929 0.272163375492880 0.485518360696865 0.592922143708453 0.625367638419402 0.572609488446577 0.615738990268944 0.233790410014813 0.498877730831246 0.665497284629192 0.186354610474544 0.404866859829096 0.420014419421032 0.119617533535294 0.330511524816894 0.399409118506117 0.370679873888005 0.346139126447328 0.21602883361444 0.33876995299681 0.246701102242914 0.251901880722652 0.232904894549846 0.216753816546943 0.124156984268240 0.398188975660468 0.46923291103807 0.243704155020921 0.237815714811575 0.494179705704554 0.290554566566514 0.403236998739536 0.582745867315428 0.47061369952836 0.440395711707444 0.390834815658301 0.576523664029526 0.222674992142275 0.39734528458221 0.48529383910071 0.417774735270186 0.437377895715404 0.366200130461764 0.434416556530064 0.161557859432841 0.444865686090084
0.621075275973131 0.166890191565466 0.669927544476739 0.699431892203184 0.448581743033409 0.57505524988932 0.897357146695047 0.0468187000167578 0.412599871589094 0.131783838600227 0.435712911622457 0.49525326928689 0.56350174227088 0.620181250063424 0 0.917654779895801 0.578669078798459 0.751002893575599 0.609444090131636 0.696068029947633 0.692385747598 0.375098053337557 0.576896822746699 0.645045228072229 0.469058879607137 0.533428847846851 0.570381642808214 0.558304897073794 0.462576962806902 0.593367443945378 0.412524102037412 0.368401156433258 0.36579009563968 0.422792358044705 0.269093917267001 0.220621222683017 0.481549044940537 0.480566609410854 0.0774295220080618 0.23078973102534 0.401401286210503 0.346529950408728 0.605930180976217 0.574421916672113 0.26283344646614 0.575581694757202 0.636585951749385 0.378206876394951 0.522019473812543 0.70294447637562 0.470847932770339 0.0290986907444715 0.425086806515305 0.243130649554837 0.343606305634348 0.506842210038665 0.560369208236121 0.692325754289375 0.715402382598303 0.454791301400584 0.617133323206 0.555537665442058 0.702307990367878 0.668229881898564 0.300299467744238 0.445687885877755 0.55808861243446 0.411622286944955 0.443260324629065 0.548755908738606 0.489296603181234 0.445188049452865 0.365875880947545 0.390649287845846 0.404413485040924 0.362797635930923 0.253631756796858 0.237434427892492 0.283528858914673 0.426309298199111 0.485782326213601 0.106121417266132 0.176667482738229 0.454463624536669 0.358531400602267 0.528596890943513 0.70851047821108 0.672331691458833 0.388864553201519 0.366406630822134 0.544415310121403 0.204857089932212 0.511931269632534 0.66931666104774 0.574234511384104 0.481993808214328 0.331615345220722 0.482405432304304 0.259086677781513 0.69104785092281
0.595454224074806 0.193662256119192 0.623118233640008 0.626825666408017 0.443830185721602 0.520392161042474 0.87034175022126 0.0556702458671698 0.387370205853731 0.135349938983390 0.382654281109301 0.465634865690488 0.51593284180676 0.581734098532233 0.917654779895801 0 0.501186153233032 0.656910761105952 0.498615942554113 0.681540460056526 0.713179672702836 0.389632236994746 0.57190090419791 0.587682842591419 0.437018764121737 0.51188969272763 0.50510337415129 0.493935168697314 0.452450356497507 0.62370057844251 0.376183134800261 0.417418065560627 0.328044937411397 0.441840195866852 0.294233339520899 0.215095926862894 0.464036231861384 0.36748057350346 0.0390697908145811 0.242059971506035 0.344568518226516 0.333737672891281 0.601396340062621 0.52193961948317 0.20415053634809 0.519679791386501 0.50506735162436 0.351325434732724 0.515932737645776 0.700223424545237 0.433894841724491 0.0011237498722329 0.467686884831959 0.212380530513724 0.270976350852180 0.44337260429181 0.474358771350804 0.630813882311147 0.743709846714328 0.44768326901441 0.531649718299328 0.413766302600501 0.642533968972323 0.640862880226488 0.362070562433355 0.500759013227453 0.500402094465784 0.331570095730860 0.374989097473094 0.443635184430985 0.421455697903430 0.440867666575672 0.402858834611018 0.363340172576796 0.448867468159889 0.353517705531618 0.294468886529546 0.273441935966762 0.221670961129439 0.376606092765113 0.403685653097366 0.0581361917176583 0.152167912491509 0.412506263092491 0.385292821463831 0.549173413583329 0.659972694044921 0.657002961923511 0.316412918877711 0.291679343978696 0.476985076464208 0.120475212549787 0.513742238630799 0.593410037083379 0.524984924518681 0.439392720412697 0.276095884392951 0.422949387173701 0.278150240687723 0.59103365164779
0.391588915247269 0.265330711903184 0.359972523419406 0.443470351627963 0.559953844015264 0.639428379149851 0.59751986610424 0.285741992677327 0.470479976387483 0.152176046830391 0.378212137300044 0.464092165130275 0.30936719702625 0.696929811809782 0.578669078798459 0.501186153233032 0 0.499173061262256 0.309150612896858 0.362519091915077 0.447971219948291 0.104073068008302 0.328947517121656 0.411282789514751 0.337146933924214 0.502144052109691 0.329749586233321 0.239649483933215 0.0740364263956713 0.383745416799698 0.446324561156032 0.18633956195795 0.156119124689407 0.363058294849483 0.0630277449147859 0.297191479063749 0.520670861109243 0.632663765402126 0.380698917796205 0.309576590246805 0.420912377319976 0.193460116873680 0.0716001906429217 0.339846181906363 0.401229431649124 0.335860164939407 0.380992256147214 0.298339623542609 0.267202043343350 0.561312990239425 0.546031383292086 0.358095173975573 0.381909713008739 0.313069263743571 0.348713458650914 0.351225605875386 0.461000598967506 0.537769971432617 0.631697094757033 0.802475701307482 0.707648863333334 0.363646573258803 0.324943404630954 0.579783700796704 0.0271347397976775 0.328281664184276 0.413210271686938 0.184658620780561 0.372596560370857 0.274409899918905 0.251147441847484 0.103692271542825 0.162473340955725 0.332288490722182 0.181645861888083 0.0777677055500368 0.324491697617293 0.202371916859708 0.227632783872613 0.46676037854065 0.486458084133585 0.453126996562112 0.468976884862337 0.614053450456148 0.086600716365576 0.120194746363731 0.440088694267525 0.314216808851421 0.483677975940977 0.487313820071933 0.495860438265274 0.343512182261984 0.388904069909019 0.369440841996412 0.259081486500979 0.50076426809657 0.470047744344581 0.543729999593947 0.296317876662537 0.420954709300263
0.683898019264352 0.0954868381876515 0.741541126746017 0.736076577475821 0.506814637088663 0.545734589085565 0.597671751412072 0.0564138092949173 0.376728034841847 0.143208147271925 0.56195199737506 0.551699731605497 0.747316563017176 0.469425199535372 0.751002893575599 0.656910761105952 0.499173061262256 0 0.840506274976769 0.600063571107846 0.481251581216799 0.41716013553942 0.418218228341044 0.537912047671458 0.543077502513523 0.421282196585656 0.62038757960803 0.66206658337101 0.471513538612101 0.48958161100327 0.4204123976572 0.389823500057280 0.334787503552495 0.443417361884423 0.14942031952702 0.0433881129204908 0.209510112576658 0.400566765319968 0.0395744502132305 0.133373320753421 0.198506735638132 0.485494109292831 0.528946874011732 0.615347818112082 0.0590945442568702 0.642869184784592 0.72931250073037 0.377300400824143 0.531670368915278 0.422486875877828 0.254981334886759 0.0854313179786526 0.403785020668796 0.353762204821927 0.368871658022807 0.664348850851885 0.653031440637916 0.487450426683807 0.499751182128285 0.295749220834555 0.46479140074717 0.778420258295162 0.740481544096701 0.487388730756462 0.375684708618854 0.302434185045519 0.647837707230392 0.578550444144006 0.443023568932577 0.664726883014554 0.613733175793383 0.446135502302891 0.314587757115393 0.30201683418383 0.415911484487882 0.299831227274569 0.333171614902757 0.0793954999892195 0.126404798426368 0.136947154055376 0.368643751034969 0.0448062766259306 0.0241864634729811 0.286822102692926 0.449275563158169 0.371576925426914 0.545090324373187 0.552270658583324 0.265748469625496 0.32935021220241 0.436340074515381 0.161342900784179 0.390444760480218 0.551130550538938 0.460139424217697 0.352195608330919 0.283563595286657 0.330230667504381 0.123938975312111 0.543361846768286
0.71670442420492 0.150813988611893 0.770718137014986 0.752623108405181 0.545922445569756 0.545787328258833 0.513297258837431 0.0292975515437958 0.333758436578752 0.172674429667624 0.56927796491819 0.607392372681808 0.778145427196675 0.469928115743288 0.609444090131636 0.498615942554113 0.309150612896858 0.840506274976769 0 0.648249380807092 0.478254818145749 0.460094084820355 0.49913561411491 0.459499576924361 0.439819920490058 0.304098559214964 0.74729550296123 0.729932316964868 0.536078743342802 0.456685650026203 0.406894351058482 0.347867097249776 0.298295362723592 0.361738447800615 0.244920577400395 0.0512817875429087 0.215097182740776 0.405012827548839 0.0751909202067576 0.170239463000718 0.177585323916059 0.506207685143664 0.540856546282713 0.610188062154217 0.0520087626621031 0.653899132189084 0.689183887453891 0.322906074642649 0.410520974595152 0.406256839353181 0.175407816001925 0.135675156242216 0.333907622559293 0.247865010748363 0.195812030501151 0.58575506338909 0.551154454501502 0.473996887905995 0.335276696164637 0.0817516002418922 0.322780936987705 0.645763288369122 0.764433904318195 0.462577257868377 0.365770581555496 0.35167693706984 0.538193150786641 0.525175364141752 0.379608281805221 0.741381296946311 0.678878206882056 0.539497141255886 0.257789176299119 0.329567109951693 0.381281755667351 0.337227500994479 0.227530477029345 0.138602165347912 0.00486725616955815 0.123882109067593 0.335138576335568 0.108550611802353 0.00416400814340629 0.265523845299131 0.493879789683775 0.456863844882543 0.565640321313335 0.538220265245618 0.280178686385409 0.304997561679195 0.467828215639364 0.130530995587885 0.285018229412215 0.550162514229185 0.445240201665217 0.316070799261185 0.244971614513456 0.267480140595313 0.049043159335749 0.412700176632976
0.643779592293468 0.0806458028797089 0.71387523978269 0.786775779529016 0.445768898862321 0.45484075958324 0.650877622034247 0.0668182031549617 0.258498002835365 0.128795858916247 0.349419149115362 0.512072049013384 0.567518914364637 0.587618444456036 0.696068029947633 0.681540460056526 0.362519091915077 0.600063571107846 0.648249380807092 0 0.700850269137439 0.480014883177753 0.509794432170556 0.575874141457169 0.417417032142668 0.42065846163771 0.69871809296615 0.679481940198018 0.4709254878112 0.592325515715997 0.481720920639925 0.521526565586453 0.409795680393764 0.447027499863803 0.43754943260964 0.121964233542069 0.349359579582253 0.533057956803945 0.0456501062803084 0.175370421867001 0.347660202182979 0.440809393348395 0.707640531888343 0.622741084012406 0.0771561550985939 0.643979957218083 0.647666721231742 0.367524828181279 0.323230478327919 0.571694192348304 0.354547624867857 0.103765340725547 0.414254894859476 0.157261578647531 0.188989636243123 0.507867379580476 0.422568307892237 0.567354328488265 0.501384679710287 0.271580771097312 0.41729774934525 0.405021952206040 0.826451796293 0.628289590003052 0.485136164160944 0.464304673910759 0.541290227802605 0.439883915794986 0.398832754239274 0.697513562198965 0.598504348425989 0.484899591358314 0.336903412615031 0.419304262409680 0.547703411282153 0.412113658708084 0.338016796501291 0.281726897788816 0.0155420169151929 0.299878872611598 0.414082313874617 0.0116202222928261 0.0556406614429489 0.372546436812467 0.480628189792957 0.55025472996429 0.648916193018398 0.62651824783454 0.349770580167151 0.286699812672116 0.545075490869056 0.200139034195359 0.433066896103887 0.608513911850995 0.520035974652803 0.380734741832923 0.271679660381652 0.433483922649007 0.208689591759327 0.545563747805571
0.617486841376825 0.199207316306171 0.567268066278936 0.613146344796026 0.37488478250393 0.498806949342765 0.737039536166208 0.172422845897843 0.440504357507613 0.19790279520298 0.354021670250735 0.566148518170824 0.475154050249052 0.615400695815309 0.692385747598 0.713179672702836 0.447971219948291 0.481251581216799 0.478254818145749 0.700850269137439 0 0.386675192490159 0.512246078244042 0.564020459415898 0.347399545330669 0.49172725498318 0.552313650636709 0.455468345023573 0.342728370536636 0.549742185857495 0.506153728461463 0.526215745661855 0.433745791366692 0.497724847956329 0.527510117909052 0.184962414015172 0.448724540130947 0.452939301526445 0.175611103543971 0.285534641534749 0.401236006437119 0.33743570260175 0.651205451598865 0.632094284173951 0.205997439750024 0.583755919095511 0.572356219720923 0.440277462557774 0.398094578840058 0.677224573863218 0.429352605636832 0.132508190533838 0.373338474165709 0.230592057505486 0.262600433121629 0.361961424434046 0.377169670729918 0.570932192108873 0.564730977367182 0.418606921900667 0.579080013344958 0.404055272987551 0.698860542003833 0.837326101861598 0.344769850101676 0.39963302301615 0.470065861264691 0.354620675713168 0.371673156767330 0.511518483059419 0.465776338891921 0.408139487367244 0.432188121080505 0.503964316819843 0.515145172035002 0.334783639801753 0.338665270582484 0.444835260010205 0.233199776591481 0.363329202599749 0.349688473434862 0.131511274168183 0.107707553793661 0.435002616161281 0.40701151402778 0.705864651267918 0.669539507323933 0.57476029494912 0.375931319438374 0.308013946704629 0.600870504183036 0.201202638005086 0.450505111534227 0.573719065706924 0.515635753009445 0.492073395362469 0.342268169333325 0.473425815009651 0.319966873878493 0.5426286404733
0.404194185482826 0.135087726957686 0.417654059023509 0.447757386390526 0.371185602868885 0.293072377901265 0.367014371338745 0.22168275316533 0.38623672083463 0.215795724444857 0.531377972337099 0.480551748462017 0.472750569510476 0.291459667201907 0.375098053337557 0.389632236994746 0.104073068008302 0.41716013553942 0.460094084820355 0.480014883177753 0.386675192490159 0 0.313467288437392 0.395123757902558 0.288738657173034 0.354412487325679 0.490642238711319 0.474753327279071 0.649064703683019 0.139607041697707 0.354641035466049 0.683082974510899 0.197529627890195 0.500837802317108 0.278346017250910 0.0658577631341391 0.122614235816708 0.196436866312474 0.068878548396003 0.125062463449835 0.28542241393238 0.826959386909604 0.398483397656723 0.211472005153621 0.0724586885858385 0.325952972338429 0.298551070169518 0.0697482426406165 0.213023777443474 0.414043030210564 0.366624450777674 0.105057550234943 0.463918510724066 0.473899841546777 0.358424631567272 0.47448091489604 0.239776332456282 0.482297046632931 0.356857680209154 0.0719269412217961 0.261644925320893 0.287046788415191 0.536517130280621 0.469610220952083 0.831493747811335 0.389033046888476 0.474078900749396 0.189738631501171 0.230185891222402 0.371749903849848 0.320295343160516 0.759950908524689 0.0336340083677397 0.354378787240843 0.702264350729117 0.186375713646457 0.410931143422621 0.384545020703336 0.168336068747134 0.205241230695093 0.376684171325028 0.066881880355014 0.176953268158648 0.364932766908288 0.891331541419787 0.503777657059064 0.263808214930239 0.34752853454377 0.383702265244636 0.332742475478411 0.324774380097932 0.265402093565931 0.421287682488256 0.25088365684463 0.107504879723797 0.509836067247153 0.473234356188502 0.404374925941702 0.278611099749416 0.150311842884455
