0 0.803617679027196 0.825065573011673 0.880410076952305 0.758191640272753 0.583856661462648 0.799955122769531 0.769948228698213 0.707032330232456 0.673263887214957 0.55202171772873 0.611271130220721 0.688013980984074 0.603861215455463 0.759886959269609 0.688504089770109 0.522161646033982 0.7354976451517 0.685737548843565 0.823159935335432 0.547539917024137 0.806312914562 0.763962540365392 0.592840951953012 0.806695448060463 0.724534802631795 0.829778098189105 0.85828384619032 0.752084140156241 0.907351925815896 0.71996473753911 0.802626578019266 0.734588859737789 0.750200340004795 0.783295571964142 0.628101909598278 0.827194956053386 0.670234198379114 0.697610785319146 0.743464883568096 0.78227143913229 0.728527912670325 0.734049897551385 0.921880221727391 0.788294128817343 0.750053472634804 0.833345516473514 0.733984149641421 0.713127432883591 0.827517369999911 0.75554420533266 0.784025598770612 0.87627671270896 0.752729816767978 0.699990190845219 0.6593824792476 0.61154589031273 0.797014626410058 0.778265715940648 0.736361181692517 0.637267545770719 0.433021006826325 0.726504459324388 0.561041404273935 0.705627264529669 0.79462400594093 0.302799155999916 0.732771594793356 0.609733927929604 0.801053209311457 0.831824965877348 0.72216338308739 0.815536735290964 0.677735129618424 0.773376581491326 0.674892583297096 0.445047723330122 0.708561014523574 0.694412933280308 0.627091732399913 0.741969074020291 0.757496212901255 0.683702055931933 0.795940684306222 0.700049516346588 0.7522690558511 0.508924453100352 0.324961390758003 0.456707016736564 0.332612689879353 0.479920360212796 0.197331645822120 0.209975086473155 0.490231181433899 0.578831864489826 0.403098829037448 0.0989715425370102 0.62704438792565 0.200445501177270 0.202673785676395
0.803617679027196 0 0.760360004907504 0.801936960901483 0.709215035907697 0.671941915168118 0.792638367757176 0.846680546461693 0.774683133736981 0.62495766994638 0.590848856828498 0.563242804182007 0.54021285378461 0.504133651012372 0.613941916618815 0.439805290889369 0.554076940070579 0.722124262149927 0.545021509368552 0.62851745675341 0.424435516795146 0.605909599621283 0.754597192115147 0.574044451749724 0.776056926877288 0.781842392791544 0.771664137469774 0.595036363579663 0.545944228103298 0.842361433842874 0.678800084040848 0.59116860635081 0.668410311828629 0.631931542906308 0.695894517528195 0.615634356437063 0.805914635073677 0.577283419852182 0.884738187763925 0.840103057229016 0.808286488498223 0.465593919032086 0.524997930933428 0.722757528797312 0.762982792462693 0.675525758084321 0.729127591307962 0.662556272227833 0.680435624680833 0.763677031084842 0.752121008247669 0.810142068315355 0.83491621961927 0.782715134927366 0.599803007917539 0.466838429387816 0.444160602272812 0.665659502739552 0.60144042146163 0.691345817146659 0.653409683592577 0.337610520689480 0.510286754004934 0.336437130655947 0.541075078793092 0.792363949668815 0.366457806828742 0.722545658734165 0.637170576307547 0.764504922452689 0.638082242085582 0.499695683701223 0.685342486454218 0.537522254422758 0.603506394575399 0.650497503886632 0.126856953396597 0.594076692172391 0.538432707038703 0.58772625132855 0.643749497202891 0.781930623820891 0.518929207224475 0.679897665304957 0.476148379953576 0.576448494117871 0.332247902778446 0.127607167159183 0.52547623284343 0.394142869577781 0.584136246401122 0.379213666511668 0.295331309101271 0.259251510792156 0.470815884450771 0.280185163235539 0.162802796786436 0.578462776177377 0.194454426879404 0.096282523593732
0.825065573011673 0.760360004907504 0 0.837251264230551 0.758638155004115 0.641159849644723 0.780106872005798 0.736074113556992 0.696030286619551 0.67891286658558 0.63665375764195 0.646395354992535 0.641737129163732 0.555599549117808 0.649264417886953 0.575958040804472 0.562970324197219 0.702089336034038 0.56365517801578 0.672239039789149 0.474010385887634 0.640167449203136 0.857354035063291 0.479624759841243 0.835711892082223 0.78482139195466 0.750621553333932 0.684054667545428 0.559945583170292 0.77715559871491 0.603547918621791 0.623323011778076 0.562602645104130 0.623138402626149 0.700413662002534 0.744274998125136 0.69691892564765 0.590062318164501 0.660095067437937 0.675940660763562 0.699618906300792 0.575086457817321 0.608590823224716 0.755065950236112 0.687926218862467 0.82373108082888 0.759213864474702 0.639253027022629 0.660667014043466 0.736432252045316 0.707904003899435 0.673809603002057 0.776777118757464 0.678459079349633 0.557653916647193 0.560246477222876 0.575683992454817 0.650098233223402 0.650288870070517 0.643096169657212 0.592800094895636 0.338367427658764 0.582354574041569 0.47512998365649 0.527431803511641 0.784605535960147 0.299108754190779 0.752009548750785 0.58676835726595 0.724646857637603 0.710875201509931 0.507961552235586 0.66060856535508 0.488092006699669 0.62836063592631 0.541565345184423 0.276861556442025 0.613896202694694 0.580744914183883 0.537808738572256 0.656057901873645 0.715571437512296 0.47773032065252 0.69106377018195 0.54088578080989 0.629752083352168 0.42688107338493 0.226008452691781 0.50294632882982 0.415375323489296 0.506634740321295 0.272171992852734 0.323229209866028 0.401879828689891 0.45026505334936 0.326584611652759 0.127888797336022 0.532011867663044 0.156752091689729 0.238333051175131
0.880410076952305 0.801936960901483 0.837251264230551 0 0.770366644602477 0.75275649399544 0.737667182416152 0.723502869617699 0.72942844131036 0.631129662779228 0.616742945408219 0.662035937520513 0.64423673097954 0.67601124086218 0.563572259642883 0.479689732033947 0.669440622996173 0.799633603909002 0.697824329848049 0.77028410531858 0.410241785154848 0.634815795212108 0.755778909856794 0.648409289992083 0.81623568443649 0.676074724253784 0.739242087196473 0.66350316687724 0.624702995338171 0.832069255029836 0.551481468441714 0.590484641582168 0.598138377486354 0.55000677913155 0.597337873320286 0.674006361297886 0.741226234952838 0.62005964791956 0.6127398909866 0.695781652792976 0.74895945603761 0.572621627424895 0.519341717108067 0.781159277384796 0.73818260277685 0.727786595295755 0.880212309639324 0.805393596469288 0.80570555946519 0.716537752148342 0.757906584361406 0.69107703359622 0.810298313865652 0.69578772814891 0.648499974831326 0.596950422852141 0.652823748140246 0.607148806097182 0.599809684375529 0.675908698201742 0.663222718059167 0.521068015104209 0.667925856751537 0.527950228123266 0.603212957109566 0.736812926528466 0.210856778891581 0.726388769556712 0.489596363671518 0.742745911761533 0.705776494771636 0.60524279567954 0.708157273947189 0.597869303164663 0.603662998267595 0.495157223817663 0.323300735516158 0.583359807571818 0.634341526132037 0.588530193497036 0.639206732102948 0.752785906315555 0.510657749921978 0.683000594141974 0.588914306434398 0.528904629218579 0.358921348366868 0.180145989386666 0.549216382928584 0.47563565006782 0.419931480960011 0.364290188832566 0.344379462570169 0.392706753883971 0.566674279717309 0.425860836302873 0.277346059194689 0.641272987258746 0.315593334953078 0.201372143445474
0.758191640272753 0.709215035907697 0.758638155004115 0.770366644602477 0 0.773618695764523 0.709397597075702 0.685978622242033 0.700798723525199 0.743356424395271 0.714014852752398 0.652761364151574 0.72341897994916 0.645463373510732 0.592823654207257 0.507122512925392 0.630734795840009 0.751822665135504 0.677452609744456 0.593458998009746 0.400683380098257 0.444894676780742 0.734666097958286 0.456325965475271 0.752123630177472 0.600606721326707 0.582001680266716 0.560160122137978 0.456429378313314 0.76136936837902 0.441481567009727 0.469986447877664 0.455191842474206 0.58189255329197 0.625959641374542 0.829023542631422 0.661298696413327 0.564242839182394 0.629048630515157 0.671085518774895 0.705563565540849 0.389130955620709 0.57590198445278 0.654038752726338 0.607734795145145 0.705535337323302 0.656344698953393 0.609583064155844 0.671340954002099 0.693226137279758 0.670688046939814 0.6351254583805 0.750507298167354 0.681518505004531 0.438254893574192 0.56561174704309 0.518093136941668 0.591921931937277 0.586242483797019 0.546262230611303 0.497398288477057 0.375377308643691 0.411767880316506 0.285493322504284 0.288616367284050 0.719213757941503 0.0545659414281163 0.628988417539829 0.405746132886771 0.578765885611615 0.55732423831815 0.372642599775305 0.547788283458687 0.380564854871205 0.508269625811768 0.412319244266503 0.231519651649577 0.526760051734171 0.490963230984203 0.510644433218125 0.589942587467394 0.605478249976431 0.450294324788844 0.649645909595215 0.312049818086601 0.575820133444384 0.310239619199917 0.154511147029113 0.344522180555645 0.271688012960323 0.351412510883983 0.210655858826045 0.213137262355281 0.370929413109948 0.451399277661902 0.254833309164065 0.196383878478164 0.404896551964097 0.101813506085976 0.124896718416555
0.583856661462648 0.671941915168118 0.641159849644723 0.75275649399544 0.773618695764523 0 0.626387024268731 0.586461615134013 0.712859036290306 0.662123893965366 0.714385934212969 0.602132228742834 0.600293635617261 0.643772998392624 0.366037058653021 0.295371924274131 0.71826340363253 0.705148206740507 0.575912237500224 0.498233298495605 0.235507254225172 0.264731362564117 0.632927310346377 0.481562091037124 0.659251836361902 0.472650344914495 0.439882690913581 0.308160261198431 0.275131179653529 0.666840303007596 0.227792276435547 0.252230201367640 0.393823763731447 0.379538126164825 0.405342501098697 0.758057293471672 0.545364681806702 0.459843160028275 0.510287036049819 0.612052999489959 0.66003955497186 0.186640238584073 0.274522069846761 0.439542072330077 0.508246876696309 0.539883443785029 0.587604755872344 0.649392001990046 0.774032432677268 0.526595932695888 0.607508988709908 0.51559529505306 0.604787195559599 0.607975730598171 0.375831530052126 0.432605174176571 0.444232857710049 0.341713750088251 0.339752531965915 0.435880773614057 0.506934399208032 0.412495781166334 0.345202275210418 0.163017489948680 0.180981090736756 0.579746954007136 0.124321221250162 0.53072620576445 0.215646331892092 0.444260279250262 0.358598764905824 0.208697595767159 0.394605569517459 0.232544571488741 0.301209311418155 0.249919300767837 0.0554080894967376 0.352670082632601 0.394789612468675 0.477628026143565 0.49593159481968 0.511449518460927 0.247005953260548 0.463080350950385 0.163524979501408 0.271391217009327 0.0542709270814021 0.070248107397161 0.285726042877609 0.265147236425118 0.161134778391949 0.242802664543004 0.213046059369101 0.158760581120880 0.376659220648284 0.188576755512635 0.304572039945328 0.292444002866346 0.117870865122629 0.0294404830150549
0.799955122769531 0.792638367757176 0.780106872005798 0.737667182416152 0.709397597075702 0.626387024268731 0 0.890709873551666 0.809247390358319 0.706117985038122 0.657518107461942 0.562648975044312 0.576136996329835 0.433915558442656 0.837403555623093 0.695549196530391 0.502970733404394 0.732507543683985 0.487804055100744 0.557195836032988 0.364385617689115 0.64207581424302 0.86899494080349 0.61911904984561 0.767089196661737 0.72419067005624 0.834091973805164 0.714866003023208 0.547087267011038 0.825719467605254 0.651668552272667 0.712330491261389 0.62737855993339 0.708909471130742 0.76554688999097 0.684204133034102 0.881638487581046 0.45609644131417 0.807427216307023 0.916944283092159 0.889974685452417 0.508611963517169 0.677007421019886 0.813295967387705 0.757512460223549 0.780434630033467 0.693788362224423 0.70383174975916 0.70612055528598 0.906772769758851 0.804916437763945 0.852672817227268 0.874250459713534 0.828402705253844 0.653140675114389 0.603669930675427 0.541027894400824 0.827174716140666 0.782301754278716 0.734892103044836 0.680960958753327 0.404295432568536 0.544629796877057 0.443917477479916 0.609563076582662 0.906420288282967 0.172575841745165 0.711176327444306 0.602525665141644 0.8123463100836 0.763606108105614 0.528358869819951 0.741002967436901 0.604967383721992 0.77582635307332 0.687185562610819 0.335018790347781 0.77492524454495 0.627460865530618 0.767422523130096 0.794210257741254 0.785222964185056 0.646858763225503 0.790210157484963 0.516920140676141 0.728235880011595 0.414435253633025 0.1815240969614 0.405128332093726 0.313581041853817 0.444556023651531 0.251115168946427 0.330159026005157 0.393535143256305 0.485543571775053 0.331594059036449 0.211788421839492 0.58834656743262 0.207238077181904 0.256791618069525
0.769948228698213 0.846680546461693 0.736074113556992 0.723502869617699 0.685978622242033 0.586461615134013 0.890709873551666 0 0.85043286644647 0.767579604427358 0.662531269043228 0.539600561444739 0.562792086304798 0.389904663044134 0.719325252912902 0.549365393209653 0.434520514847758 0.734751075073034 0.536839745455034 0.545264525633217 0.303799094940185 0.600175726437139 0.798377395739042 0.537292331207007 0.789561330583959 0.780898755478835 0.841661589468649 0.617171663729188 0.471554823187592 0.773278826902155 0.692512429880686 0.603974318657833 0.606247980727789 0.574125634708886 0.672281983361525 0.620854046848031 0.883916570035595 0.415651791524255 0.910161650811352 0.91464027984211 0.85873538445924 0.515180785081993 0.519452649495943 0.773114903924926 0.700496010174808 0.744380353188043 0.691145286947245 0.648586367413303 0.648295129070697 0.842956190213578 0.736537401408921 0.864318177692769 0.863163094110566 0.878154796586627 0.550456769865615 0.572757658310021 0.50783074804851 0.765352000236631 0.726902597724689 0.707439582433487 0.610363010803349 0.33164391918681 0.493775148626908 0.360485648026873 0.539807100915376 0.865188566535442 0.306550676866412 0.769046002549751 0.66979458091077 0.828680114295738 0.670091607893163 0.491087582137836 0.632709338774866 0.550207892359929 0.641832306637464 0.691159610793097 0.199206526691555 0.659554898779467 0.45409662213292 0.681515498456353 0.699892167656335 0.781996953105519 0.618296934845113 0.752553681949435 0.517476213153873 0.60201674706026 0.309802853937185 0.0114874245076325 0.390982304517684 0.298675307451352 0.510793988811329 0.267021616128442 0.220514863982083 0.22017012682392 0.388262746061739 0.132942085347614 0.0804475674548823 0.558326847609535 0.184336682132553 0.0903746923808749
0.707032330232456 0.774683133736981 0.696030286619551 0.72942844131036 0.700798723525199 0.712859036290306 0.809247390358319 0.85043286644647 0 0.836548416515875 0.82329147226319 0.668266334089214 0.601851970276514 0.490612387338026 0.615786655189654 0.50463213555864 0.558736300048953 0.754780677426781 0.551222212681709 0.536620762465384 0.35744759395819 0.501830138341464 0.722524006463334 0.640360885400795 0.722619186389053 0.603453263583037 0.667968082225614 0.510890027224083 0.43334298768311 0.734685112735171 0.534644770878538 0.484496775598430 0.570561565617288 0.522415289194275 0.53164918639007 0.703642737681555 0.771963953984823 0.499704578816354 0.78437065090552 0.803524116926882 0.884969485814603 0.434385769656591 0.410092683160223 0.662936616956121 0.621681227038169 0.663969183881105 0.676634417653065 0.656778070959324 0.734198700091809 0.705942717859757 0.694325646972655 0.750955293399855 0.791928742181962 0.8807711011472 0.589690850550551 0.622777287684529 0.566639671557443 0.582423680806667 0.558598220353774 0.575771107715677 0.556333739731707 0.395387378600197 0.482256264681177 0.385053345845115 0.488878780925158 0.743136878349962 0.154432255896073 0.618138793138871 0.41271354219483 0.665248355944875 0.575816414980736 0.432707428370916 0.538446570199065 0.49363279516834 0.523100996522384 0.589070855254319 0.166237363657654 0.51185823399156 0.476843761310098 0.619480981707098 0.623873481069213 0.64334355378966 0.457416335093933 0.633812632994206 0.465803437932223 0.483449052815657 0.199228529737115 0.0349092493214176 0.336500756612693 0.285220572476156 0.310003448441539 0.229123122261037 0.245432981958167 0.257261918584552 0.473038507122929 0.202995583683694 0.181881171739578 0.443809266563643 0.164616050390379 0.134471010030568
0.673263887214957 0.62495766994638 0.67891286658558 0.631129662779228 0.743356424395271 0.662123893965366 0.706117985038122 0.767579604427358 0.836548416515875 0 0.884442623834623 0.718426404131741 0.764677197763409 0.56100168979779 0.611943550401718 0.539513573104738 0.522759300181547 0.719667949003238 0.597959624171604 0.536554276280404 0.321592565738115 0.412145329435665 0.660391781595698 0.499811656829026 0.65711680605826 0.539880582206737 0.568824618154362 0.509930048050968 0.370836174200914 0.678409839549346 0.489270574615707 0.428018453803864 0.506871593858372 0.513008995894453 0.490367353983897 0.738930626737607 0.672840278446044 0.471331743672899 0.664402681239694 0.664552152787169 0.737779618708679 0.373542120930341 0.418373029783845 0.627295448766039 0.558625822509503 0.669638084188473 0.611294072245709 0.560588196779515 0.646915416998634 0.63536091249825 0.591163441994273 0.660251926846038 0.735863780366801 0.798181567997581 0.429873488379966 0.718455347674048 0.596191993268264 0.563734200081049 0.590675302440861 0.550289585162107 0.484049228997218 0.424702826368513 0.478477786732716 0.292352166031316 0.338715024737409 0.66610861012137 0.0923571927533147 0.593178423941619 0.407688825336169 0.564419484896393 0.534537543024437 0.379737803665788 0.467713534670654 0.395574818407989 0.447113759482099 0.531514738471966 0.220886650855894 0.457547922835236 0.395061969665866 0.55199128322369 0.618645267497228 0.554801174938384 0.457887199215451 0.654141314574526 0.374175733744216 0.460758680387755 0.237689973538920 0.00271547870148709 0.241330000786881 0.196772727750088 0.281249825080401 0.146816232539201 0.165028203337744 0.294152893721719 0.421846995638372 0.157454391294846 0.126254979638849 0.385944399093425 0.0482427902920448 0.0973276249185013
0.55202171772873 0.590848856828498 0.63665375764195 0.616742945408219 0.714014852752398 0.714385934212969 0.657518107461942 0.662531269043228 0.82329147226319 0.884442623834623 0 0.824505343101434 0.782593732367502 0.571064226337544 0.508988440132383 0.438104259685537 0.604752998802802 0.773688269673075 0.568280221291085 0.444339879538491 0.262316118697997 0.327133158182634 0.667905070247724 0.462804897765608 0.629211889524818 0.507272880804567 0.508611146011427 0.404027702391977 0.326342390708198 0.597123251576002 0.419080769763579 0.329623336119666 0.402017509031588 0.470455659334314 0.439826751240883 0.818988071093903 0.598811888767585 0.438449427594044 0.572472004263041 0.593216065026908 0.678951839853422 0.249276652286872 0.327600978354416 0.528513643722941 0.48811749138371 0.644082042358135 0.568599776878166 0.532604895254723 0.612031416116178 0.53088393676035 0.546893182499323 0.544524801881989 0.650891907354173 0.725464107816645 0.412567429293642 0.68030294756684 0.638018053418455 0.418422826452449 0.449506252968381 0.474167882613639 0.45234398197388 0.442815295652986 0.406507591896187 0.209624856519653 0.288802274928361 0.605875089746579 0.040444563525893 0.531949132395684 0.352730215353953 0.513601947755983 0.483953709859496 0.302179574522150 0.373247348244540 0.346127712786131 0.387389157041298 0.384806870774033 0.151595992580785 0.415038333181341 0.327288876266633 0.438170485377734 0.518860799045211 0.470158402931184 0.281594615762628 0.527039018980989 0.286541706018622 0.348782939240496 0.169374296062459 0.0299699323793456 0.297925157834839 0.251369456188966 0.284026815726756 0.216645953464383 0.262690105287742 0.227676662767229 0.393557665584588 0.170712566787223 0.179776714725671 0.329250194565569 0.0563955122983713 0.101671045317400
0.611271130220721 0.563242804182007 0.646395354992535 0.662035937520513 0.652761364151574 0.602132228742834 0.562648975044312 0.539600561444739 0.668266334089214 0.718426404131741 0.824505343101434 0 0.802210396501876 0.646999405356563 0.502606355077557 0.527029834174939 0.605521795881382 0.83391024446129 0.685193088517387 0.580756471884364 0.564168017442179 0.508180042427046 0.580603368036611 0.416715375480647 0.568266925114442 0.454175940195282 0.499299586159112 0.544397418223187 0.461960500012854 0.621475972884893 0.529277750524184 0.463075945329884 0.562974420260617 0.526421111851032 0.511289847175821 0.705952256352418 0.503379370220503 0.632708320909072 0.471050210187458 0.454706248861203 0.587516385537704 0.385443828882772 0.459676206138357 0.565776465226157 0.490230842001028 0.630582954750929 0.567706199877992 0.538589560843621 0.545093100048181 0.512101504528969 0.464380661974912 0.507352712457869 0.641298921514674 0.634959916758091 0.627908994918867 0.695136409301953 0.766655056367962 0.450411220186885 0.479775101976627 0.552845726370038 0.513846439340424 0.418920100528667 0.495295174196941 0.469477769576554 0.43552140873571 0.52767332337288 0.175041873106466 0.43763556036964 0.319233174477114 0.492363258349738 0.612425979415686 0.454340860086557 0.445868328838437 0.426913832084324 0.47624913448739 0.411701967007749 0.296615173370001 0.450399804833762 0.422061570683115 0.312671948206009 0.523949934259675 0.409892877457528 0.311864634210116 0.541192458985759 0.450224588031993 0.462179505085889 0.328549717315074 0.164180525408802 0.414131747794771 0.306482864082697 0.426843156712134 0.181977170813934 0.257812762204311 0.360645776066007 0.435056051472619 0.261916761949959 0.108546565667797 0.422878170527264 0.0117402186558348 0.145153222847748
0.688013980984074 0.54021285378461 0.641737129163732 0.64423673097954 0.72341897994916 0.600293635617261 0.576136996329835 0.562792086304798 0.601851970276514 0.764677197763409 0.782593732367502 0.802210396501876 0 0.724825708236753 0.587833323340546 0.645405042009191 0.496533397858979 0.774989730352362 0.795516010840549 0.667396779007453 0.510926742896714 0.519734262926188 0.600498741676872 0.414912376703482 0.56473002768676 0.451119855086379 0.503046665881129 0.61989396798025 0.517367735669716 0.644234215502282 0.500715962766563 0.504418958793497 0.515990730749261 0.56333519934669 0.532530055724612 0.715938709332742 0.601820993601547 0.650593192122266 0.510249225565524 0.47924982753879 0.611046147686642 0.456096474403617 0.501888377064745 0.600621328623333 0.49887759514822 0.574304325282763 0.529609963979314 0.500125276581475 0.552824362596425 0.551127532658419 0.524483462906615 0.584900603109751 0.685869261076041 0.653565268838327 0.507152605554718 0.735294638893734 0.684034103477728 0.526444450109835 0.568463280443991 0.549515646165113 0.451432237599768 0.449543659880458 0.541679529462304 0.384439911884153 0.371619463499248 0.574842341046127 0.152191650277019 0.447870076514571 0.306324255280245 0.456989874383673 0.616828558169643 0.509115217114813 0.486720850336475 0.417315609789149 0.485338090852156 0.500069969594685 0.350834500629161 0.447260103385137 0.424991191687859 0.435290231101408 0.627881671635058 0.456861300107383 0.465330581819125 0.70690863310811 0.462262079240781 0.500882359219462 0.336417434131687 0.200700366133815 0.309983319031993 0.163386050100449 0.313822161630085 0.103614708885801 0.136591938470979 0.404353505578120 0.509547092688407 0.223274036382062 0.00990385991259191 0.396110024399958 0.0401990192720966 0.0530002681428464
0.603861215455463 0.504133651012372 0.555599549117808 0.67601124086218 0.645463373510732 0.643772998392624 0.433915558442656 0.389904663044134 0.490612387338026 0.56100168979779 0.571064226337544 0.646999405356563 0.724825708236753 0 0.398080668224542 0.456176977459254 0.571330695574569 0.609311458686847 0.58598379540268 0.689695991646693 0.471496242285443 0.35745976833801 0.494505961377524 0.408659334979216 0.430394619237287 0.283727389628704 0.32990399219418 0.502047159367123 0.433658138919399 0.538431781731907 0.353273969675437 0.378960980182546 0.496856837537843 0.519724911131407 0.415556652173386 0.649225802963598 0.47870577256123 0.648564275258474 0.354104745900261 0.394362713787397 0.501037221104551 0.270845824044825 0.434069305718932 0.463241292488421 0.471663369806116 0.353160434946809 0.516795552288421 0.542440789341778 0.524662352336384 0.398584728585481 0.43253588030177 0.398529983403425 0.51067209249349 0.496838294184666 0.44267038882803 0.518794361228583 0.55934252336742 0.362074056060935 0.338132682605057 0.461131020752794 0.418537360422152 0.411446811147962 0.548701193347971 0.392304134413057 0.300863858143222 0.401952542802359 0.0508883946532512 0.288869843864069 0.108947771352116 0.282448111491003 0.476281034852359 0.404351008072801 0.441385466767843 0.415837181576885 0.398569964151926 0.318678231013802 0.325799216749993 0.383084475563465 0.50861882101076 0.405451344345989 0.516469939771854 0.37596578717354 0.433528373648924 0.512192286709194 0.275208042344365 0.413609518782434 0.292045293832838 0.271194335261686 0.315208689966905 0.230117673284362 0.192228085861849 0.148388635052195 0.107070016286028 0.399234963662085 0.55843540156932 0.316729663044611 0.18741804178055 0.342237287341828 0.125113779079118 0.0573304608528147
0.759886959269609 0.613941916618815 0.649264417886953 0.563572259642883 0.592823654207257 0.366037058653021 0.837403555623093 0.719325252912902 0.615786655189654 0.611943550401718 0.508988440132383 0.502606355077557 0.587833323340546 0.398080668224542 0 0.863069085235098 0.317491283201038 0.579881700412465 0.467123252227015 0.620517794246414 0.436073040480035 0.641493479963551 0.669295636650509 0.496538276599557 0.573018845702229 0.568094772661012 0.680660896105556 0.805002472355446 0.656807084729848 0.752012938504827 0.71636562272808 0.758490839694877 0.642804460805781 0.728260791184935 0.754262224541168 0.535077662952244 0.822593482974667 0.462374220130806 0.667980518279038 0.725825183534533 0.7085796682106 0.497065058005146 0.778082223489307 0.759416370465106 0.630353946898402 0.585628255559952 0.529146479439204 0.592356259613303 0.517727539886182 0.77908209161175 0.609274579162156 0.743181934121788 0.779674696439872 0.732954817296675 0.628986411607101 0.652118448040927 0.471282334825167 0.855935735209838 0.775018611695076 0.770416846340065 0.609288116232238 0.381192093625185 0.628238763889382 0.472695645273772 0.600888433875335 0.712884832069556 0.283496091069368 0.514134676585143 0.517540623485689 0.629201376084852 0.765195817180648 0.616233959277125 0.756816680621893 0.657480277541004 0.804869186210087 0.74239897785833 0.437920736423209 0.753551660866836 0.639250635878599 0.676242197027834 0.789538104567953 0.618490406040993 0.65761071107289 0.802263233028805 0.515406459070977 0.79403549399148 0.514236407144723 0.327685166239867 0.284788887870181 0.141975547743189 0.424404412189315 0.0973409455934606 0.185614878594713 0.500128967950622 0.540320739823394 0.307310747390169 0.0288568369250482 0.520507879120433 0.0605344580215242 0.253504119841173
0.688504089770109 0.439805290889369 0.575958040804472 0.479689732033947 0.507122512925392 0.295371924274131 0.695549196530391 0.549365393209653 0.50463213555864 0.539513573104738 0.438104259685537 0.527029834174939 0.645405042009191 0.456176977459254 0.863069085235098 0 0.283993903473051 0.546492503145802 0.481594393809785 0.671823600763429 0.628454753949775 0.648517482944399 0.564995162455963 0.336450134936479 0.452216697384393 0.445681136419857 0.559210912828736 0.790166940632331 0.596740150882344 0.647836523263596 0.605810388817014 0.736860555683175 0.615882638428029 0.692125678252295 0.657669258477283 0.443688940062558 0.659118323138758 0.558524262442358 0.485904764232056 0.521842000727576 0.613140761715471 0.491536226499738 0.757883450284382 0.683437055422126 0.525322693788352 0.517745872368738 0.471947838992253 0.552301919299113 0.459506860594614 0.673870218525074 0.506891104527431 0.647021631275922 0.672239213977962 0.593998678077368 0.638947693729825 0.62720584386808 0.492096865079499 0.721252931622082 0.758013675807278 0.637833646267402 0.596066605384783 0.412560453554947 0.666520576509364 0.61351060011504 0.58597510407476 0.58641018597184 0.197228939636836 0.367411845346294 0.377276248417624 0.482247766297696 0.748067472693178 0.596417281525726 0.661263486885103 0.598936052803949 0.738025548288137 0.661256571010793 0.498449490021153 0.63181544878404 0.61069177493356 0.581252698191536 0.73346989491103 0.50300801226672 0.57852889011884 0.730865642648438 0.522298113067303 0.787725672192993 0.480159137522670 0.388201916616729 0.170495173028012 0.0378139358936526 0.296075867464419 0.101418361963522 0.101300888434924 0.474354669134698 0.464184796427761 0.238948018853153 0.129648102919987 0.41764908948885 0.0317361226549858 0.148811767250511
0.522161646033982 0.554076940070579 0.562970324197219 0.669440622996173 0.630734795840009 0.71826340363253 0.502970733404394 0.434520514847758 0.558736300048953 0.522759300181547 0.604752998802802 0.605521795881382 0.496533397858979 0.571330695574569 0.317491283201038 0.283993903473051 0 0.729900500256537 0.522438621662782 0.466529865360468 0.285404849098238 0.268859950378865 0.463884494423858 0.399946412761204 0.500921098052238 0.383431746176481 0.368034683267512 0.354626904155131 0.334761059903041 0.508667412827918 0.218136228747644 0.244906179297366 0.346882479300474 0.379391126038157 0.391762270168443 0.598822657869236 0.424067167910737 0.57946624422234 0.381031148976613 0.426826620681964 0.520966646272013 0.207281002962524 0.297280170326159 0.425259217137125 0.507708752783734 0.50850272050691 0.611080999186124 0.632919556840511 0.65454029492156 0.423999435672601 0.54890948591136 0.389802104301539 0.54009443350321 0.457609636235348 0.45481995966996 0.501668202588507 0.504254585744825 0.265268614900021 0.284961597099048 0.435512707754901 0.542665464294742 0.516003044909569 0.40627691053679 0.248260597113486 0.247626174993686 0.447696345008677 0.0724552832845492 0.438175984790601 0.241650023200048 0.402758433931428 0.403348871668361 0.275562394111369 0.354896956847866 0.325194302178945 0.317380248066511 0.272257634961128 0.188606273633638 0.352269913211799 0.412144415431579 0.331463937147469 0.422122306322045 0.494698731887131 0.238251256950724 0.345833571952996 0.215031512486578 0.261865550634576 0.126991486361223 0.0296046971718821 0.239180255808737 0.238243018033031 0.166346068827274 0.193781090940435 0.217548851743789 0.200771055146100 0.428811901071892 0.198607408830438 0.216586344791256 0.344789618986453 0.124074047557750 0.104499787797874
0.7354976451517 0.722124262149927 0.702089336034038 0.799633603909002 0.751822665135504 0.705148206740507 0.732507543683985 0.734751075073034 0.754780677426781 0.719667949003238 0.773688269673075 0.83391024446129 0.774989730352362 0.609311458686847 0.579881700412465 0.546492503145802 0.729900500256537 0 0.79138620139527 0.631307536429129 0.458023691147297 0.58331460469562 0.679935467093554 0.518410614536712 0.696143348815378 0.603525271043284 0.667257887177721 0.633243540612726 0.576793381759889 0.714093212232298 0.557126525142254 0.555049264558454 0.560715804339994 0.565791670458863 0.615482760963297 0.682337451964072 0.703984700205103 0.653701201910255 0.641248100509116 0.672010974561287 0.756193730106708 0.495697208796232 0.508557169952869 0.695386639402144 0.659782324466603 0.737717818966712 0.728631113201304 0.678846829404 0.693630019638465 0.704996987380114 0.678922277796903 0.698627047929285 0.812617257953265 0.766721997686038 0.694950589433773 0.721820954060091 0.750590709127576 0.621221505085887 0.627339338673838 0.686746589976926 0.6771204528156 0.568672700837097 0.577672913138651 0.455263117299453 0.516357821461436 0.709749812257362 0.220813299846468 0.604669759335308 0.450117466592404 0.674382370754501 0.705954512240154 0.573438724802674 0.549284769633067 0.539074604871184 0.584535105044513 0.51696023840139 0.331755221472224 0.585966828475927 0.510585007375288 0.527060065683661 0.637928534822085 0.637359284220136 0.497097343607421 0.67417802177063 0.536809225928561 0.534474664426519 0.324160739059046 0.125983730187165 0.41324142704211 0.295828737629458 0.422476428389362 0.206740649780777 0.224894141985471 0.338842400518215 0.519063063058637 0.257033503441425 0.101499611267424 0.547877506825805 0.067024162324935 0.081795725581615
0.685737548843565 0.545021509368552 0.56365517801578 0.697824329848049 0.677452609744456 0.575912237500224 0.487804055100744 0.536839745455034 0.551222212681709 0.597959624171604 0.568280221291085 0.685193088517387 0.795516010840549 0.58598379540268 0.467123252227015 0.481594393809785 0.522438621662782 0.79138620139527 0 0.655288928947386 0.447410061297791 0.587874533400351 0.444880145512725 0.364266191408174 0.516123805003275 0.400134437452067 0.498356877680916 0.550563443808515 0.566119256604399 0.608772583082242 0.406624655450319 0.487013286467057 0.474067358105975 0.42649572159586 0.471735297058268 0.53733853932573 0.570941849889989 0.629872334510035 0.460119324644485 0.445377181774024 0.586123344519337 0.61437166745521 0.412823207003654 0.561823000260191 0.449037292087702 0.503206136584998 0.598391145815593 0.503320362412521 0.574340655091457 0.524890303549257 0.495012484461764 0.586373289409434 0.655901868549648 0.601938370816077 0.545469512878721 0.585931894521227 0.588058436694067 0.505139681121862 0.524027380944294 0.57143518409916 0.507946327828718 0.486067650218672 0.5373256658779 0.379369651199196 0.399871882961798 0.471794133717576 0.182571173126134 0.439803074507021 0.281677519040335 0.48081219874376 0.563038704488568 0.597385153906518 0.451908537692379 0.380628719759409 0.422634891427787 0.446646861106427 0.296329797092004 0.398645353872952 0.311063033535045 0.30954987811826 0.472226626065077 0.470601535188793 0.413166333040814 0.612064836705811 0.581338679281679 0.420218894207511 0.253788690306553 0.153193344920696 0.314450124211908 0.169539825764463 0.257972808444105 0.102227483344559 0.0921875057786435 0.342910439024533 0.518394171854672 0.208568774130675 0.0231708640630093 0.394551828210503 0.0445331087602937 0.042135011909982
0.823159935335432 0.62851745675341 0.672239039789149 0.77028410531858 0.593458998009746 0.498233298495605 0.557195836032988 0.545264525633217 0.536620762465384 0.536554276280404 0.444339879538491 0.580756471884364 0.667396779007453 0.689695991646693 0.620517794246414 0.671823600763429 0.466529865360468 0.631307536429129 0.655288928947386 0 0.65138187139828 0.686212470651275 0.512359462123356 0.407724298522282 0.545656337276735 0.467138536009647 0.555909705424701 0.769277683037942 0.693942681591746 0.683629999846238 0.639191106221471 0.667581862717852 0.675331901401783 0.603516876723513 0.593978764485341 0.455183708011087 0.614448095585856 0.716049450063008 0.494572291787123 0.453129782622777 0.549273378860934 0.58111548372793 0.618863458434072 0.705721290161833 0.526426145077552 0.42782224756049 0.674868810159233 0.62283909648102 0.510951656720522 0.530290083359794 0.453723750305324 0.556833299471792 0.653027256365647 0.571734158933156 0.58215042954018 0.555802819982058 0.496062167599742 0.562361885455945 0.542128305500352 0.584286549395508 0.557067380393787 0.40714640444856 0.809365464265291 0.555322284532554 0.595743823107255 0.479577170320447 0.32939854162733 0.454506125000063 0.357999749854635 0.511418633481408 0.717728751855885 0.661840595865624 0.634845748640181 0.625388910594649 0.60308753404867 0.624202511317702 0.417499072793974 0.501318665281326 0.545646270836859 0.456842004249129 0.574338634080202 0.496286126160277 0.536974774275831 0.648297487020112 0.573903828175413 0.601190081148051 0.417052633737748 0.326768351875296 0.324983989323179 0.17822486928591 0.399314655750867 0.0506677979356933 0.148066384130959 0.408359249940055 0.552075670490642 0.284683206597317 0.00164499810469391 0.489570569078036 0.0586007627567538 0.0280850166725615
0.547539917024137 0.424435516795146 0.474010385887634 0.410241785154848 0.400683380098257 0.235507254225172 0.364385617689115 0.303799094940185 0.35744759395819 0.321592565738115 0.262316118697997 0.564168017442179 0.510926742896714 0.471496242285443 0.436073040480035 0.628454753949775 0.285404849098238 0.458023691147297 0.447410061297791 0.65138187139828 0 0.590561489340762 0.316723369406287 0.222373531908145 0.323158847035882 0.303178501830433 0.331804756308663 0.586848162442102 0.456827298798612 0.486655764386457 0.60740890807422 0.57069754580735 0.615875610827523 0.606712874384586 0.553518715339396 0.283844613415187 0.306766853031206 0.720016711844248 0.377673787226852 0.231914048831361 0.381563291540753 0.424545815233560 0.585069536555055 0.438879458001986 0.306651780988087 0.345713797681353 0.354983181019382 0.327265064545083 0.256860870812221 0.366143937725588 0.199654571830106 0.385013316875711 0.425190204203714 0.366622657160287 0.574998083418668 0.332271573849878 0.349127723435358 0.384496556895331 0.388896689538445 0.342139768604852 0.354928198379951 0.103628273388300 0.495388885699274 0.626304773476396 0.442346685013868 0.320455304468630 0.36863647752115 0.189319860679720 0.196805161832453 0.257494145812953 0.558346143228667 0.417694793069661 0.397818901321766 0.410450413071252 0.486819252268802 0.482100822949538 0.256857995390096 0.378860880495748 0.420788939374887 0.182662090603841 0.447429215343181 0.207318337308804 0.359759398575135 0.436430417129123 0.427653166544568 0.620085786409636 0.410496156460542 0.341144657633474 0.282709461579831 0.115649691464039 0.439613047227839 0.0980325322141724 0.131710443031579 0.356593595112279 0.323109490934764 0.204853962666615 0.152737405491641 0.266680048749265 0.150293649448048 0.00332551279277074
0.806312914562 0.605909599621283 0.640167449203136 0.634815795212108 0.444894676780742 0.264731362564117 0.64207581424302 0.600175726437139 0.501830138341464 0.412145329435665 0.327133158182634 0.508180042427046 0.519734262926188 0.35745976833801 0.641493479963551 0.648517482944399 0.268859950378865 0.58331460469562 0.587874533400351 0.686212470651275 0.590561489340762 0 0.584801437859595 0.414482685032461 0.604911613465509 0.662390859810931 0.79864072971249 0.859910367901248 0.831235171416847 0.706343667629475 0.680905979329775 0.931320933416685 0.685489902219554 0.685450360208107 0.762161253866658 0.377515709296861 0.629437886506921 0.539825100970490 0.54764328939472 0.526767414770214 0.571501907530392 0.868631225065493 0.741040342589788 0.793549921947044 0.586112769912142 0.614871883457341 0.628035158887594 0.457444407615453 0.393861055327457 0.702880070108514 0.532061862539731 0.652422615980746 0.686368103582395 0.597690423157273 0.685823361915232 0.481581987211133 0.478132865720493 0.725310902565893 0.729802828858774 0.588333472818857 0.495894662840524 0.247026232204547 0.607138309092436 0.559033039276906 0.855138033176584 0.646344592131064 0.422879197409375 0.560832001099631 0.606861727007942 0.748479578267889 0.841606916855875 0.806147097160309 0.695647828290629 0.564983551303168 0.828779408401908 0.610097654919593 0.431720324017687 0.696469662560813 0.514782397787913 0.378057769527794 0.560953967765356 0.579272268380849 0.537339819862105 0.617254259857565 0.889023732854986 0.763598392361543 0.562077539298635 0.399645767139345 0.475064962995809 0.247264104670718 0.471619813862695 0.092916088984162 0.217922509354113 0.456179892690025 0.468246350855227 0.348137949653178 0.0282594882761661 0.496841738740263 0.0686871004795192 0.208677862616106
