0 0.0779116556853956 0.174059586376168 0.439315172237273 0.316877515220162 0.224505779080423 0.200855938020456 0.0051745973879895 0.0187002357706469 0.0830262802719076 0.0281124126948631 0.0076289149447358 0.159834550053547 0.0776359698759844 0.0435547028031362 0.00274279160561675 0.128953422141723 0.35476242238881 0.61321334081837 0.498589777391956 0.0550220297720779 0.0985606927676887 0.0569808275011228 0.0155695419777789 0.425824820177866 0.12106408909917 0.389613628249681 0.308622013716773 0.317358441377161 0.157132242066353 0.271135827438129 0.202428895812594 0.156115401779954 0.00321432864855028 0.0168794987928184 0.0795286253852915 0.0765304655556004 0.204274615467967 0.258719873846875 0.248255762696106 0.281125536950119 0.124605375851698 0.118992936657165 0.418598641750986 0.0918840807245818 0.232949824495927 0.284777091305091 0.109541928404067 0.0142995599164251 0.0418544803378427 0.197421411277081 0.034499567658057 0.099291181222509 0.0189345037243922 0.137989023392985 0.145096807129124 0.0302723581779440 0.00759327276763825 0.152540417643351 0.113320533191662 0.154769775724172 0.504405312725375 0.313651126938489 0.0391235656214741 0.0644787879724877 0.0972385862082594 0.0468877029490417 0.245885452468652 0.087683642527073 0.295308503747105 0.215620230820280 0.0811496890066891 0.00747361101061628 0.0569424049997595 0.0586141848560219 0.122376715493142 0.0185253052854051 0.0334372789522855 0.150712829282377 0.119278464370057 0.0407573148093358 0.100088751318374 0.275034287726095 0.074976463401779 0.0736894038597309 0.173882288161572 0.0591336231239806 0.00101000221112674 0.137260633133442 0.221007821404363 0.218599967413664 0.099095494332181 0.179761716618908 0.0496642734632753 0.175429399579145 0.108014093314380 0.075626440859422 0.130014094637102 0.0123811696622730 0.0399774505601597
0.0779116556853956 0 0.346388240867375 0.0091537837881671 0.0179693411822181 0.176569952025259 0.229109628329585 0.261259395245594 0.0982862628093611 0.0883499599632964 0.189027143971368 0.210958493060021 0.220949624215849 0.0216078710720405 0.182690935171967 0.169811448595586 0.156299312040981 0.0195553316541746 0.0384636937633877 0.195607723406652 0.139284710274296 0.0427203868995703 0.323083670290128 0.0248225754230648 0.591682100638838 0.387407803773313 0.259782826557497 0.333928622589041 0.316508647205234 0.176461525901713 0.0701772570195533 0.147168908798806 0.0363753901949011 0.0273417453786462 0.130729094089504 0.443470353790252 0.304057178435488 0.0209649367934461 0.27228290355176 0.0906783794128847 0.276672390380005 0.113791538461516 0.162722590172380 0.111849975219202 0.446448581658632 0.382634624855978 0.0639525769852626 0.0171331580205641 0.146340651364102 0.159487726364822 0.306201791422454 0.247934370746927 0.00413791261040725 0.101261773182519 0.146744593372249 0.241003960624068 0.125476564488135 0.089670952675438 0.00144919355732063 0.00116671323926095 0.401721659627089 0.214610565505341 0.0922876624994703 0.124996673041441 0.207265747766264 0.128092919553482 0.085235326936651 0.315165625418929 0.284017993968139 0.378576227025737 0.309800030451592 0.120285245309946 0.263467028113208 0.0438217611429801 0.0824706844499578 0.124325679474539 0.100009945687770 0.240359075609758 0.362123692074368 0.338490481074460 0.01520789413675 0.419684041022467 0.0219277479015827 0.190670450813470 0.100163244727202 0.154906053557307 0.221270293846896 0.252137496278313 0.343219001701595 0.334708514196755 0.183944627320758 0.293169744242313 0.0609683078726177 0.241410085073162 0.113393735374665 0.229806184364077 0.274302859921941 0.0115766811068606 0.204857383935026 0.0594782743932196
0.174059586376168 0.346388240867375 0 0.51278542694763 0.0136241714985974 0.0191747036184153 0.722675875732379 0.197631007369256 0.203591460950366 0.0583158920589506 0.226746984665289 0.141390829985025 0.213744811789587 0.0341360192672462 0.70277467204151 0.677082804059252 0.379462655375764 0.440900378520383 0.203766365739177 0.389842750376943 0.152722586432414 0.0455441611330576 0.458353793010436 0.337935010696905 0.283244816164802 0.112337278716341 0.0870992448852329 0.160147173400201 0.143693782659754 0.331467498399245 0.105151949015408 0.307712320349055 0.198141402997941 0.100733726669254 0.151015303315497 0.342751036978118 0.06048199738273 0.121320207179603 0.0563625721806433 0.155027849865225 0.222422021115765 0.0835222256046948 0.280266515421160 0.167502874759285 0.154598040418133 0.722932510262794 0.354860193335504 0.0393100676024082 0.125055200069888 0.633017331905414 0.172765004007718 0.145463068109209 0.234649226671497 0.0555998130142909 0.313486671547818 0.327303030000502 0.273483344412458 0.635135577348375 0.499081429112574 0.284096620999943 0.273444846441130 0.248781006282046 0.274076088960322 0.139393350899651 0.0228172702279664 0.372246256876187 0.229068047999553 0.0241246269293209 0.0717077965079447 0.12708726863599 0.0671982850311481 0.0495895350151101 0.376144091317616 0.0442779514248516 0.108035169911585 0.383322568343546 0.120944728187980 0.0471782025106604 0.163747316000442 0.246107343491808 0.277640625539404 0.145202961664348 0.240599982358375 0.168439783210607 0.0984922197954945 0.185560007700651 0.151485765780387 0.282010331022038 0.095517350372859 0.0129624919322786 0.0199602577236943 0.0253471673169201 0.241629750958053 0.0580574744331752 0.189029646791197 0.0348980435242008 0.0936393829267975 0.0188558105212351 0.112138594069306 0.0413761317127491
0.439315172237273 0.0091537837881671 0.51278542694763 0 0.418921435817661 0.275309403185333 0.475723537263181 0.0748773597546887 0.0783964048597555 0.122734459094361 0.326334817992202 0.326750083831671 0.10751231455331 0.121695710677633 0.412763530961362 0.412515321443474 0.42418843806365 0.536315122411916 0.672313264460304 0.618531056112493 0.253621823113738 0.180764598248235 0.0287553281291852 0.403480103037207 0.227349550712927 0.176423357317935 0.0185715425250168 0.16612772419246 0.250754964666492 0.285125628606022 0.171965400256735 0.330426851794756 0.130173282993658 0.194475240364633 0.233845333047418 0.173631042784145 0.095419902091388 0.110849568531662 0.332416137409464 0.0482363974429871 0.063240804923589 0.128933845377230 0.237326166557756 0.177289708650052 0.0167403431087282 0.337956532159564 0.475096063679094 0.033823532980716 0.0903664967166027 0.325633507221042 0.0590984899052718 0.120133441569978 0.115942403288848 0.0292075641614969 0.365335025499207 0.233784575810276 0.226789705586015 0.383272421975782 0.364916846930551 0.180262650242981 0.100235873701614 0.303752734001931 0.441420878688291 0.122556892209958 0.198825067836645 0.0557015437156815 0.204752470418318 0.124751874458331 0.299002409846362 0.176237293669487 0.0159286876145328 0.190440672657781 0.330440921587754 0.102000846925846 0.138634040536224 0.146773241499800 0.00918462707834466 0.121112508500187 0.152618682932459 0.0657907254315157 0.215756587060021 0.172354810416985 0.0921459545555958 0.216702667261874 0.205004513523177 0.188886397240725 0.167685413699452 0.0427346182865371 0.194920214317422 0.095506851360547 0.0911689507981262 0.0825642195990966 0.054532533761674 0.166875093130336 0.0888089525891713 0.187460637031795 0.165311855622909 0.117535789336959 0.207796055354831 0.130846700404608
0.316877515220162 0.0179693411822181 0.0136241714985974 0.418921435817661 0 0.557427216350966 0.259901469237509 0.153997471927361 0.0867859403002179 0.136223184891945 0.301094915893308 0.237005455814969 0.350976914619458 0.276390216871626 0.0454895216393673 0.0606914426443945 0.133323924032098 0.135681527588055 0.353375341180681 0.445802190624984 0.0844789605371267 0.463836118448128 0.0678240774750306 0.00713793914215722 0.171452364714451 0.154640715890703 0.0247525715849414 0.0593025126109555 0.48320130216792 0.195311437759556 0.321148890664537 0.369894645203969 0.0413447218667224 0.117534661823518 0.158048381207481 0.0668230465765396 0.0183745855037217 0.290896072209585 0.266934903612824 0.0534288863978889 0.112696983207361 0.444626913870221 0.0898447940249019 0.240322965096424 0.0189072654914521 0.178958508848721 0.108451394830203 0.105565673968934 0.0901395163040306 0.124327399675814 0.0603657199355427 0.175607990430785 0.280588336942906 0.178405887490166 0.270653503023141 0.0720063562701182 0.0450539934303492 0.0635807844954803 0.0706915433914791 0.193405586548487 0.0894309923970777 0.0197974045362896 0.139379393912598 0.0990936567770119 0.338609478368873 0.0272277405649341 0.111301353261127 0.272820835404507 0.279394947010183 0.131129863177528 0.0533925045095658 0.325495421662532 0.0597905758666002 0.186529787638183 0.27245595222616 0.148255517010683 0.269205428895539 0.221543588657506 0.229591991791023 0.0975906559379099 0.130564219719478 0.162186200835137 0.0253542270752502 0.209518916201665 0.456418284457455 0.0360411152124794 0.339207390520198 0.331898664458743 0.206002568211540 0.0936233239805354 0.140135568055399 0.106470313132083 0.0049825374146755 0.290510949519594 0.464761434486376 0.0973527634268777 0.0983123211108032 0.00290389829452604 0.0380669061200752 0.292590707361873
0.224505779080423 0.176569952025259 0.0191747036184153 0.275309403185333 0.557427216350966 0 0.271314674517168 0.0353519671694001 0.0461905661824788 0.00372481120256142 0.0229406253533393 0.0179722859025737 0.206316041775465 0.225345856520837 0.0372549654571629 0.0571335198665262 0.0674244607654728 0.0797751019335264 0.251603830202759 0.410754622946408 0.0227481308088509 0.303423938286422 0.0927525980371694 0.00151736925644953 0.392170293372945 0.090275224849567 0.126245238637752 0.0574887389631932 0.41276753925058 0.309339618337718 0.169923876880237 0.342397559181490 0.0218236211923678 0.117637312933135 0.146855718609292 0.111035765479143 0.205164580818460 0.2045352363267 0.126484579140681 0.00834877964125908 0.0439281848870475 0.184754300765245 0.0605913716024048 0.166044041570013 0.124287327306117 0.0996975536418854 0.106696913153527 0.0175707360573943 0.0672678729559283 0.255099995778458 0.0614568614692369 0.125688837914565 0.155602781274363 0.071170269414096 0.106999389240691 0.084314801166237 0.0294112050317694 0.0970994217977217 0.0619011198192337 0.278188652634888 0.143829410774351 0.0378839314193921 0.134227084911123 0.0864826266835488 0.280787865485644 0.110714141253419 0.0423351933146658 0.00554690664878415 0.165052019179232 0.00445072560428543 0.00687179398912191 0.260616634201656 0.0102288576937775 0.0669905648973305 0.245162233745556 0.0670769636561891 0.223004806823574 0.123914483904764 0.173943225822039 0.114366199240107 0.0350543026472807 0.0318081160267684 0.119344103369019 0.226537973119254 0.27737328832976 0.060947963346035 0.150216876803979 0.202312641649656 0.0135219811897718 0.309379490396637 0.0904436782340392 0.0972669956732099 0.000423628955077744 0.117265041425213 0.299703998291004 0.0128647734225545 0.139045548748411 0.203701559047646 0.0242783718285876 0.193421146288105
0.200855938020456 0.229109628329585 0.722675875732379 0.475723537263181 0.259901469237509 0.271314674517168 0 0.0443509467108665 0.161639521352196 0.089206756112044 0.380404452689755 0.187811414145557 0.0576863640097752 0.0598420598670426 0.788999273957798 0.652319908752446 0.353115787993374 0.176330081796740 0.159637500771449 0.548457072576717 0.256212761627859 0.352964897025881 0.327631932087057 0.220058982275473 0.164551074513427 0.211391864086138 0.121491214751278 0.226601742888409 0.433292400738133 0.218877402198028 0.0778123098068597 0.44249329345284 0.0597464762766886 0.175848432704012 0.328315637563689 0.195912108620742 0.197236422486579 0.00597143202240178 0.0890619588454094 0.117611255878664 0.104900330464934 0.317216522729866 0.359402326411601 0.164704268509772 0.0331855742680938 0.32826298758355 0.160166498473355 0.0359492334366105 0.0554566382595144 0.811266498523057 0.0127809647911470 0.0869700296789188 0.11171879006665 0.0917864848645592 0.327449916455505 0.191956752564130 0.251736645231038 0.747246392302736 0.483157962338246 0.436853061455756 0.0416108117345047 0.0455215810519927 0.250881187797623 0.155007057858882 0.240343213194173 0.396930391252328 0.365764436782776 0.243779981309992 0.374890333319676 0.123366974420711 0.0385718891211497 0.318514177518195 0.24736677057573 0.157607584038463 0.3141421865812 0.233708670366232 0.113752092307098 0.184260783175834 0.0656010984991493 0.0588507426693866 0.16450178379443 0.208575510910395 0.0729192678112073 0.120469467360597 0.292203534635208 0.287287757439356 0.193302769443576 0.0892392283095816 0.152808878583833 0.0519549839989201 0.0847058278809943 0.0851959061201501 0.243407815517775 0.243882771674801 0.0699418880010616 0.263142378851742 0.144721197886558 0.139918133749728 0.121662945418642 0.249229611912037
0.0051745973879895 0.261259395245594 0.197631007369256 0.0748773597546887 0.153997471927361 0.0353519671694001 0.0443509467108665 0 0.445644160302166 0.0872227940017018 0.0519076656219781 0.00766552586861833 0.00347575067319016 0.0754091149313825 0.0126604575746391 0.0511863752695285 0.0619763405103736 0.0109272133327590 0.132355151909831 0.101570609550402 0.0754554364774751 0.0887617646444513 0.418767754602997 0.0578401073118093 0.126370955631174 0.291105365692101 0.0324315090320020 0.125284226831335 0.0156747875704532 0.166424390092341 0.0910055852929103 0.0285202018035101 0.0824205879884106 0.00731026612370544 0.0833108827703044 0.0265241495471175 0.245555557220033 0.0753061088300637 0.518046931910495 0.218755463710312 0.415123845805884 0.0090641529296556 0.0385043835655087 0.098043832797885 0.228326310388879 0.292439357495946 0.0948706533112018 0.141713757162673 0.028110845718801 0.0733488027427694 0.297844396896496 0.357600511022495 0.0321852267227308 0.143208730555838 0.218228382711912 0.299392818700893 0.0828860874637932 0.0436749828813076 0.00182739509262609 0.041848930147621 0.407119258332015 0.0822583540475298 0.115499171973190 0.0524384176413252 0.140107836034048 0.216318451876043 0.192043103040611 0.193614212457085 0.206100374083067 0.00246549903127834 0.10671664385666 0.205988491929502 0.156313084544280 0.172666190202234 0.0517532694178689 0.236622530361223 0.179753986563120 0.0741224460438706 0.103712814387543 0.411057279250592 0.0636290012811245 0.546872801553082 0.467812716280604 0.294890017680825 0.0407792101260996 0.0874922256769062 0.179677703902767 0.135751586836749 0.353225045283666 0.0749541682404716 0.178483317866028 0.133964991455013 0.0341661244131960 0.0456147577419531 0.106546400380923 0.349434858866156 0.157939541887174 0.267323833328929 0.0289961261542835 0.105361559948345
0.0187002357706469 0.0982862628093611 0.203591460950366 0.0783964048597555 0.0867859403002179 0.0461905661824788 0.161639521352196 0.445644160302166 0 0.0184734605437641 0.66966423737964 0.557110575163726 0.114617780048551 0.461573001474537 0.100311895147096 0.0883996435341403 0.139636022938678 0.0303614109262147 0.183834885255334 0.0584035722823545 0.406967516203046 0.182317285238446 0.266194081530340 0.0156173973293555 0.0959863204388207 0.131773564883394 0.328603566552629 0.0641568710512203 0.155275703145815 0.0425406745203986 0.0892029886419652 0.276353391306766 0.123880926154130 0.314139606978860 0.478365219889723 0.084188960633436 0.382848732675807 0.374399617228846 0.392753804568422 0.314698704672881 0.6973338730534 0.205847980412162 0.323963462242085 0.236251970006664 0.0780771424743092 0.0173220962693071 0.103792186972403 0.346554743260225 0.106366356163279 0.166260148871603 0.25318574365654 0.4733350147277 0.131978926924356 0.415513717577042 0.4550377534591 0.0886945406809152 0.158814980232498 0.224064501257046 0.0655644113810494 0.256562198560438 0.478222562054805 0.113706226512573 0.158318309347073 0.387632082741163 0.119606525461421 0.108395513219807 0.042284698494676 0.351694106217298 0.284348437447252 0.181196380330976 0.110707759105568 0.0226120469820961 0.0766062056565037 0.138451425994335 0.401136398450917 0.137986901597228 0.0208799694488984 0.438706280686327 0.178616320695107 0.254801095813582 0.0835427228109887 0.107050411890292 0.252147348543628 0.184813238828066 0.141494078636229 0.325000342766069 0.223253839479378 0.0585113825827572 0.0582225658766853 0.0393905346376481 0.113409164660426 0.177882833052423 0.223866517382666 0.33673680343111 0.100814061219683 0.0676440821542013 0.0397566547809407 0.164511317485751 0.159676180897498 0.301298783989285
0.0830262802719076 0.0883499599632964 0.0583158920589506 0.122734459094361 0.136223184891945 0.00372481120256142 0.089206756112044 0.0872227940017018 0.0184734605437641 0 0.0826755560783415 0.0977129019993353 0.105670003479640 0.0179009223798536 0.179226764730470 0.0685601766475325 0.227531327977916 0.209714531108124 0.0957421046998745 0.142819011745645 0.0807511321543459 0.110481789444007 0.155498984549061 0.0164380698273100 0.0781396346186055 0.101867526566058 0.0438963223282528 0.0615781051481015 0.00171437615726484 0.166989256948675 0.19997712484789 0.158935601865606 0.244360089419358 0.0613784847384923 0.0774911724764606 0.152119314212182 0.0809404067824914 0.257383571201235 0.141085320319179 0.0246660204327685 0.0295631646146793 0.0536309933604322 0.130554397486344 0.107459869709803 0.0505760945651387 0.0587206652381596 0.0527040949397265 0.0510517735862837 0.134372565420391 0.0233002565283933 0.0151731220637970 0.108248733146434 0.170013388650132 0.39959808383281 0.101589606119737 0.180145461813275 0.0738736951093669 0.0873440858586963 0.108588369474219 0.0505718075047382 0.0934391727224087 0.0509641808463383 0.034953928852791 0.0137519618583191 0.226074747453104 0.0753321739201399 0.095253708228046 0.0429611713871082 0.0720720722998605 0.115883321255937 0.073854711765647 0.0328662640494983 0.0647811332169159 0.111948781718525 0.168158602126631 0.115592174057556 0.220489816271124 0.0548875559162931 0.00961340247396805 0.045603050478794 0.133849340571403 0.0287543247114844 0.0213722006858188 0.101004421243969 0.143236067939511 0.181849546799548 0.0104706061751110 0.128863358048214 0.179924620417094 0.0210679443711845 0.071582822051008 0.108995084101114 0.206385276075582 0.051960344078352 0.00789632599257614 0.124286111344058 0.160813361159006 0.120262905211369 0.179860895550444 0.0342073998526670
0.0281124126948631 0.189027143971368 0.226746984665289 0.326334817992202 0.301094915893308 0.0229406253533393 0.380404452689755 0.0519076656219781 0.66966423737964 0.0826755560783415 0 0.745893643204798 0.216214138169012 0.518222854417073 0.264983016302337 0.152592188718872 0.180424297767155 0.140972194399985 0.091388137468557 0.129600732016509 0.515859071593376 0.437868353923616 0.0978426622431835 0.134009379057019 0.283787218107319 0.408596217706103 0.438956473445692 0.0778273599770468 0.197941020911656 0.328159851860983 0.122934065699339 0.418553040699229 0.089179067382554 0.43473214679074 0.637303812619434 0.105498639343504 0.151800524387125 0.171163128785275 0.00812381396654988 0.108172176773791 0.324106694960264 0.30072668431816 0.448763319265621 0.240076548143419 0.099815984305187 0.108678156887815 0.0134554513602279 0.268582060293646 0.195332930513396 0.328598373414136 0.0858480392454642 0.219017380545965 0.094112812257209 0.457325103190345 0.504679369792395 0.00100458686022554 0.215842327491054 0.384331444869894 0.209447731926971 0.271427472680534 0.091020777575784 0.20896755890415 0.0223896974465136 0.503895339401841 0.45832447449849 0.152522882987689 0.0461149535283232 0.61667068042865 0.555676346951126 0.416305217295818 0.259226387686189 0.190703782750190 0.118581045143673 0.317854457148666 0.532400598833122 0.0385387821330282 0.267272776410812 0.5873167578808 0.398047111855029 0.10257122172812 0.101852251875452 0.323047301262711 0.165036722497087 0.0527202596918433 0.392021301724862 0.500543420071648 0.475566086749425 0.204005505076108 0.213024063500247 0.253152983099516 0.0775153492768726 0.299200362595506 0.305652575291407 0.577140765115945 0.280739196045120 0.319712729499497 0.307749090048819 0.0456609667023034 0.307049038320836 0.261182054247152
0.0076289149447358 0.210958493060021 0.141390829985025 0.326750083831671 0.237005455814969 0.0179722859025737 0.187811414145557 0.00766552586861833 0.557110575163726 0.0977129019993353 0.745893643204798 0 0.380316613447099 0.506885890256174 0.147931270736727 0.0695473152266015 0.210534112175688 0.282602441242853 0.000359758328130468 0.0696806743925172 0.589358450774584 0.281113974820295 0.049392521019346 0.226628526797267 0.335860483795545 0.295735000503374 0.539357022141658 0.104828947559412 0.0541227361931848 0.285699964585228 0.111947471641770 0.318078538604110 0.0618316700805625 0.556451313607713 0.557815570755431 0.192625874913545 0.00920572997905545 0.197019407295411 0.0227300940126871 0.210125402257861 0.378287718575857 0.202611194247356 0.351724862119897 0.192283108075071 0.1213092463994 0.128156498730646 0.0941799503001282 0.346976071800507 0.271150051188085 0.124955264917882 0.0746677787506392 0.241353980466631 0.00134945628185146 0.405881216953669 0.510674256156006 0.103359214948788 0.145753672452895 0.282389876377223 0.175864646642955 0.29027417734732 0.188641479869413 0.10608049190861 0.00836707237368005 0.68625937549873 0.367676180760729 0.0447698646756921 0.228408967782414 0.562936156619522 0.453341736025479 0.502235507345105 0.305068018991563 0.0642251253628004 0.144408127414100 0.212077484154816 0.435943854895409 0.067793038726109 0.153631817613074 0.600868830237325 0.325506133748038 0.249516139177097 0.271813518194813 0.239490149930052 0.191517017126211 0.115939230160293 0.314506621704883 0.501703964947388 0.509485449811369 0.298980327280106 0.232331744732723 0.23801404185680 0.08125061352715 0.291411422935422 0.317191981990436 0.553188386267282 0.264986071080778 0.303183218682335 0.385864677406308 0.0547544321758537 0.223409985638832 0.268031306827164
0.159834550053547 0.220949624215849 0.213744811789587 0.10751231455331 0.350976914619458 0.206316041775465 0.0576863640097752 0.00347575067319016 0.114617780048551 0.105670003479640 0.216214138169012 0.380316613447099 0 0.317670800051782 0.227759980565873 0.285829407105651 0.276379144571196 0.1142789300868 0.0888320477960054 0.068697189385978 0.326621859452253 0.325626884331357 0.0614135322973093 0.109050635832922 0.138524393272683 0.0406011192522545 0.122110132542264 0.003107488683014 0.244526264585189 0.454174305345214 0.308318424652632 0.275669155090505 0.43880628896982 0.226261785705394 0.154481758257572 0.242607815561464 0.150972687488680 0.0351051147083361 0.0464897132490793 0.0669469404036944 0.04171505555457 0.213513456610355 0.00556640703542642 0.0707074451980105 0.191889661930867 0.31253140855545 0.0771568494071706 0.0177826847260254 0.126072288755907 0.0483081409158109 0.24464278773685 0.123989623192073 0.248668634129697 0.252867247970793 0.161450845003963 0.0890657495711915 0.0234764359281210 0.000171402102258592 0.00828281506736534 0.246552373570584 0.0270078256548666 0.0837795472172323 0.0948832599646257 0.272369199114061 0.4053340125925 0.124645863005102 0.0642865223852129 0.248066533804482 0.165849551896750 0.168254819868369 0.079698976531564 0.263671003765347 0.0560817346793604 0.0884450743212193 0.301240216254727 0.156662460356608 0.147163774828802 0.196895264937418 0.194581573575904 0.0748154700453051 0.218393266368707 0.283138445049686 0.0953583767518477 0.394825222611171 0.331815650898102 0.107977555788743 0.356310610024539 0.209259483397408 0.0861736652281062 0.13273271175782 0.289469630505308 0.231144809351586 0.00209824818624084 0.320839705269164 0.322429485156758 0.086704996564232 0.0776826916478479 0.0888677431350528 0.122568797550597 0.125136303559148
0.0776359698759844 0.0216078710720405 0.0341360192672462 0.121695710677633 0.276390216871626 0.225345856520837 0.0598420598670426 0.0754091149313825 0.461573001474537 0.0179009223798536 0.518222854417073 0.506885890256174 0.317670800051782 0 0.00654115107044531 0.210612111454826 0.0241055353681182 0.0406393532811599 0.00962409767025532 0.00427876355107185 0.306228515005906 0.297585075712923 0.0870252749112315 0.0262672813899283 0.0595339674254437 0.11936882662447 0.283832310492104 0.0328876079527422 0.215808314646102 0.116035410368424 0.182605330699313 0.237005476215687 0.0902822450623895 0.346016819224606 0.296928999528346 0.0857855644625996 0.171829198436975 0.0711795835776638 0.0233154923895030 0.216332411364244 0.361401965394429 0.257594979532742 0.0734553869221424 0.132219384098831 0.0081889290718258 0.193977911763946 0.131124385265928 0.236435035816214 0.225682977999753 0.0193593602838735 0.101957283616197 0.369400588253364 0.251630977427844 0.496662434884103 0.403099508455145 0.160528726649820 0.0247453482881919 0.0102301335982245 0.116801927184213 0.22035264976311 0.206670001107522 0.094440954799703 0.0839480801206262 0.464603819067980 0.264308544031418 0.0657864162537549 0.088580358291263 0.304596188800265 0.248731650470739 0.252141177863264 0.110241725716462 0.0864024613883631 0.0488770529177537 0.240289862463174 0.314338910731358 0.198211179754603 0.253834441806069 0.367063507288561 0.261972692363003 0.118283694531807 0.110981748731341 0.146906594762209 0.0574984449853397 0.269847116759049 0.223222817169275 0.14638491966198 0.320333536481722 0.307959470003176 0.0966681975527457 0.0449373337802674 0.171367266595159 0.255591662033137 0.106741901964344 0.402769529488995 0.350803976143952 0.22560363815781 0.101056108024014 0.114244834744177 0.134644797067718 0.299169988633102
0.0435547028031362 0.182690935171967 0.70277467204151 0.412763530961362 0.0454895216393673 0.0372549654571629 0.788999273957798 0.0126604575746391 0.100311895147096 0.179226764730470 0.264983016302337 0.147931270736727 0.227759980565873 0.00654115107044531 0 0.779898612337855 0.582624130060988 0.307556610391811 0.166561725188197 0.467690375224111 0.136148211070247 0.110108517745611 0.182576987232999 0.356577942649286 0.0835293981291802 0.124635783500586 0.131877800348666 0.199407907378431 0.207049024760774 0.407617116899481 0.160367472861937 0.245600168153387 0.217364394039662 0.115277418986757 0.166029029941894 0.0956728728084818 0.0791006267864647 0.063807145979106 0.0624324522914324 0.143450552258731 0.164661478085328 0.131529171007939 0.351980355835246 0.190245637399358 0.0150098602379169 0.333859668537154 0.163854155685316 0.0295465537742624 0.0714903938633338 0.604461005635424 0.00148869470350529 0.0493614400422603 0.152107522106279 0.0460471455173719 0.152556036298862 0.250224352071305 0.245953234813070 0.740813000579046 0.576998102462631 0.415044845519461 0.0494628397372716 0.073328789942615 0.178832141132711 0.0570349082350451 0.0159733191637004 0.233993185514491 0.307119433318558 0.215322736610567 0.242398503700841 0.173476562458781 0.119736265595578 0.0997020894468549 0.296512254029954 0.0960810348428967 0.0953112927071157 0.34009587755827 0.0669800258376941 0.0040841434956679 0.0724975985386082 0.100598736620739 0.269994642641088 0.126596803256022 0.0968408950008998 0.269841862228892 0.128828369202056 0.180360565737176 0.126444320333249 0.0448570672276273 0.246952357484177 0.244370407524092 0.114379436856890 0.108172106846735 0.266378778626209 0.220933012196039 0.00996513300961153 0.318672407405778 0.199293227336335 0.170564808861521 0.102170469718828 0.123322494103501
0.00274279160561675 0.169811448595586 0.677082804059252 0.412515321443474 0.0606914426443945 0.0571335198665262 0.652319908752446 0.0511863752695285 0.0883996435341403 0.0685601766475325 0.152592188718872 0.0695473152266015 0.285829407105651 0.210612111454826 0.779898612337855 0 0.498703072344938 0.309707879529021 0.161446355944590 0.51275275235913 0.181740224814629 0.0192647354850280 0.0811879153525906 0.273606347975805 0.032094259139416 0.147409581091711 0.120079059570243 0.197512844946665 0.0728381240424712 0.453757299556980 0.219582311612238 0.224506291259177 0.184244505149295 0.0726699524500584 0.222712414764276 0.189308106233677 0.0733807738215374 0.162405958739006 0.0736349373699538 0.0925241529666208 0.162786088142591 0.00688834461534815 0.390917682326659 0.102964428078175 0.0665699450588912 0.396640822126496 0.274465974597364 0.0769450459503194 0.0340931885414186 0.5330952505666 0.0358932037656719 0.109430328439707 0.107195223562521 0.0899371703759062 0.0524911546556094 0.269857134147189 0.220920717262905 0.615987651260508 0.656087448362329 0.246182247840629 0.0110405919141285 0.0267709069592194 0.287402837880419 0.0169954916282895 0.0378646791211073 0.167861603928402 0.257112724886837 0.184361550981468 0.195363304940358 0.148287464355379 0.158976154790458 0.0368953627974383 0.258837024304067 0.102621018527276 0.0792020080854407 0.356219474564191 0.0872612670419006 0.0171440464635293 0.0399178081711075 0.112584862918153 0.22839992215124 0.0210080756879236 0.118555253639945 0.354188847114548 0.0168256121968572 0.205800007041454 0.0213360407032453 0.150042393498956 0.101032428553153 0.143708075116994 0.0877482448434485 0.0842857500819394 0.328122296247108 0.0127100418301948 0.246330926676173 0.149039125441993 0.195018932519019 0.0424214146172653 0.0141618699000395 0.0308743656098852
0.128953422141723 0.156299312040981 0.379462655375764 0.42418843806365 0.133323924032098 0.0674244607654728 0.353115787993374 0.0619763405103736 0.139636022938678 0.227531327977916 0.180424297767155 0.210534112175688 0.276379144571196 0.0241055353681182 0.582624130060988 0.498703072344938 0 0.676097991702894 0.455148586371159 0.350032924316401 0.050666766424537 0.194483151228538 0.0419812937395230 0.414937433469715 0.169902104333696 0.0112186569975634 0.083846053134008 0.117976508051709 0.129979287225749 0.402093815255225 0.282573462615445 0.00319909960634548 0.461169294595188 0.0586041886722506 0.0523517871640966 0.0394947564413283 0.132143820479282 0.158863348233178 0.116781317075280 0.0657374945159214 0.190222674287884 0.231460301331225 0.202466014360715 0.0168237184266777 0.166492796604291 0.322227760987003 0.421221452730156 0.0172213916672344 0.201648237364394 0.196643867779423 0.115393365751539 0.231186307814945 0.240566332788082 0.0754796156836616 0.146377421743612 0.315897573087089 0.20327658571387 0.338241975808819 0.293776116964144 0.235689174232539 0.380635329521081 0.340559047457655 0.291287534189975 0.0136116758549696 0.304462300489624 0.0106452712545765 0.108425090093542 0.0213384803380757 0.055698393492015 0.149899997519308 0.201009579222413 0.296135172954551 0.367860700789743 0.361534312330079 0.107773757491081 0.401573817345859 0.160393947421103 0.0413003564430691 0.0351270072816742 0.254565851399879 0.190967600333536 0.122360728510158 0.0838652339061542 0.348959728764006 0.261030819528858 0.0676246538537128 0.123537454411253 0.127892507598528 0.233889301127 0.339907717185298 0.31703992636251 0.0688040811951967 0.207410887387884 0.199400117377733 0.0563891154825617 0.201207569705093 0.143135430136335 0.0835390847951197 0.160104902789544 0.0741168444451049
0.35476242238881 0.0195553316541746 0.440900378520383 0.536315122411916 0.135681527588055 0.0797751019335264 0.176330081796740 0.0109272133327590 0.0303614109262147 0.209714531108124 0.140972194399985 0.282602441242853 0.1142789300868 0.0406393532811599 0.307556610391811 0.309707879529021 0.676097991702894 0 0.64198421066224 0.305797340490984 0.0433133810335185 0.175908134865749 0.000468421742568989 0.313438462381413 0.161194638728252 0.154608869346912 0.00448044182746867 0.113004127609141 0.178414123204086 0.435402940909398 0.130386444086401 0.0304358308772914 0.432136783448080 0.0177180544785060 0.0620867307312675 0.0259533693851756 0.351733105633529 0.0209312123282107 0.270391792752435 0.145129463200224 0.003739489895757 0.196283173636036 0.0577031510469664 0.140199242302491 0.159599441252961 0.484622473728474 0.59001119874518 0.125935641289927 0.160514628907768 0.0168926534681012 0.165199792155221 0.179310129303385 0.218026738908129 0.0914086670097221 0.212778998632828 0.168391999195906 0.0347832655087494 0.0636753614793951 0.0538201294196377 0.00492422714812861 0.323569866171321 0.611114553736642 0.344787855149726 0.0875292583533612 0.23732289850511 0.0995830736763288 0.00323483507186475 0.13677989455023 0.122641445550885 0.115469816244577 0.181945557689991 0.264072453324157 0.261596827694914 0.290767890813302 0.194056995743581 0.290659356768556 0.149729053579447 0.06295978766294 0.101730721365322 0.118790569762193 0.101231888789185 0.185308452058934 0.0690281486811775 0.324481089442867 0.17456362652978 0.123225949116302 0.0372151399209893 0.0874634188364941 0.0963352833858264 0.273894096891290 0.159629687437316 0.0798068889473016 0.0821185656007413 0.0210161303387920 0.0248026201939139 0.0226531803163139 0.125623576002876 0.121608571532173 0.0941729988750436 0.0174462590695454
0.61321334081837 0.0384636937633877 0.203766365739177 0.672313264460304 0.353375341180681 0.251603830202759 0.159637500771449 0.132355151909831 0.183834885255334 0.0957421046998745 0.091388137468557 0.000359758328130468 0.0888320477960054 0.00962409767025532 0.166561725188197 0.161446355944590 0.455148586371159 0.64198421066224 0 0.614901779098292 0.153133063016843 0.0407309269315226 0.113886419095202 0.157817858439973 0.431313674146991 0.0460075998084959 0.38052813382574 0.3271119661763 0.231289718298647 0.0335803383300049 0.108253389358503 0.0427254347403357 0.107174570378826 0.160359626457418 0.169438091357821 0.00491826944485517 0.118244398516625 0.168423037348003 0.402217597569634 0.158404574364383 0.246573691741081 0.0732569286810288 0.210862950955077 0.24285029432517 0.0173448360662679 0.307634604026047 0.542504474756543 0.290890744274217 0.00357697419431939 0.0131624192326791 0.0874137786931185 0.322513877791148 0.053957387213434 0.0541289044821511 0.103103253082406 0.0579390218559894 0.167015136185822 0.0445971258935009 0.0557147593641753 0.0719712717138606 0.119928407718237 0.554187272248251 0.575426156183446 0.109807155740686 0.0735913922967375 0.150428854117956 0.0103841595250402 0.29885202253707 0.0410332714543887 0.147871420169292 0.329512256597017 0.0820063862937585 0.125967871676749 0.158157011423228 0.151108903576324 0.0952980754079402 0.0697302051808413 0.208608689702894 0.0486057254957410 0.146068811211908 0.0200229253390701 0.0251307574637862 0.123479515480075 0.225140487642927 0.0354286017472306 0.244376463774574 0.0257150622529279 0.00570967230522678 0.159728785731598 0.0236491299766001 0.0253015800237054 0.0623499298822479 0.132975034709453 0.0637434000633427 0.173485096832589 0.0690888717986313 0.00400908454973715 0.15204728365953 0.0362862440170751 0.0497163184031012
0.498589777391956 0.195607723406652 0.389842750376943 0.618531056112493 0.445802190624984 0.410754622946408 0.548457072576717 0.101570609550402 0.0584035722823545 0.142819011745645 0.129600732016509 0.0696806743925172 0.068697189385978 0.00427876355107185 0.467690375224111 0.51275275235913 0.350032924316401 0.305797340490984 0.614901779098292 0 0.177707714384952 0.449329138778102 0.00358545135200994 0.158819127891613 0.310753608318038 0.129686217555081 0.287412777333392 0.576988267078914 0.619579598439786 0.0791946935647387 0.234829455939454 0.46940801651129 0.0292835769847682 0.013891696676367 0.182112252074905 0.0583865223068613 0.0810542122009982 0.193908749871375 0.238880019043542 0.00534635248514558 0.0756887710523586 0.397447851010368 0.189230219583086 0.00470431222782328 0.00689775277171127 0.200463828570461 0.260667008772568 0.255207619420551 0.0306691190033587 0.357525584873825 0.000617188675316248 0.0398061566011771 0.00416773078185319 0.0636853678784701 0.163188494238338 0.0560953625555609 0.0544273371112295 0.385653847468204 0.321500016103653 0.189274728712277 0.0159922776394117 0.189334055905957 0.660918541098334 0.0324757699925666 0.267332749520586 0.0808279422225742 0.202814372077459 0.0356011286648707 0.17455066804849 0.0804294883544306 0.388417732948419 0.492613358085012 0.214454403110219 0.0328649036470976 0.234186535555793 0.139654666905866 0.131202946409130 0.0625175984983985 0.149356839678091 0.00747534472240488 0.0839647466275679 0.0889030541552256 0.00513509914206767 0.111312139145976 0.425958809404891 0.115939264400032 0.210487770045687 0.0974029805322706 0.176878203991598 0.0345525459324062 0.116651180509962 0.0291189628260169 0.0255536591119504 0.143568217928044 0.262305822278883 0.177008085228724 0.0420917041277624 0.0655776914491996 0.0141014078354945 0.237597122475337
0.0550220297720779 0.139284710274296 0.152722586432414 0.253621823113738 0.0844789605371267 0.0227481308088509 0.256212761627859 0.0754554364774751 0.406967516203046 0.0807511321543459 0.515859071593376 0.589358450774584 0.326621859452253 0.306228515005906 0.136148211070247 0.181740224814629 0.050666766424537 0.0433133810335185 0.153133063016843 0.177707714384952 0 0.233684214386761 0.0565397183089345 0.00986960465090803 0.356643696838796 0.245712442042333 0.412455162643238 0.057009258113162 0.0625998319748152 0.197620132885701 0.143592488099025 0.494772985522296 0.106142939618018 0.560532569359176 0.684748734179964 0.0229704405292664 0.218812937533249 0.115855385626806 0.0416309220638574 0.0602615805246636 0.205432243514548 0.0204592439860489 0.641198113967522 0.0642255258124997 0.0730570353810338 0.114436651821288 0.0922188757461947 0.184639599522031 0.179739937130632 0.216223901009058 0.0908299277739398 0.215526229771824 0.0423350447866667 0.340552514044902 0.382730863663275 0.0233225074027086 0.218893680461374 0.214628696444177 0.280660711857042 0.368641900400738 0.113860945808608 0.0428752918948387 0.193642591266829 0.667750443690143 0.339856342198919 0.0302656610488956 0.104110991216565 0.491655962341292 0.33424184423681 0.328858843523147 0.261834448415913 0.171103035836663 0.0536178283311524 0.190539699308968 0.557738227183161 0.084883045300998 0.258470286424614 0.718869477529714 0.234568817678618 0.088044664985743 0.235101988499571 0.227179782549655 0.0146452464100137 0.0285345608117185 0.163886838446049 0.651623277599047 0.472270752244676 0.208484640131242 0.151652419981789 0.0408815376810937 0.164761776765332 0.176858316897629 0.173342447605470 0.398449609848427 0.0514694675557749 0.154328400494255 0.134113934186474 0.135214301320122 0.287327333706346 0.213087867097156
0.0985606927676887 0.0427203868995703 0.0455441611330576 0.180764598248235 0.463836118448128 0.303423938286422 0.352964897025881 0.0887617646444513 0.182317285238446 0.110481789444007 0.437868353923616 0.281113974820295 0.325626884331357 0.297585075712923 0.110108517745611 0.0192647354850280 0.194483151228538 0.175908134865749 0.0407309269315226 0.449329138778102 0.233684214386761 0 0.0277475782423750 0.139247923463217 0.0319664481290318 0.321518407332742 0.0425158365263725 0.336855457868744 0.736458027454773 0.196252762995434 0.456697993023763 0.680649853464102 0.265620657931742 0.0899260335661478 0.457514872966286 0.0258832501224570 0.162427439244828 0.0895979213902894 0.0674443665364436 0.138304806049518 0.148663399435811 0.795517504554364 0.127529043966714 0.152840391376686 0.0449296125665512 0.265994460806614 0.149836044659844 0.198705566108430 0.133521343299374 0.220901356439348 0.0978889067986417 0.182980386452046 0.190468453504529 0.287881456431648 0.325548397674729 0.144351681524429 0.0823382107671334 0.198778027188005 0.0590834703329874 0.269995428099423 0.052580150539521 0.227729025890987 0.237126670586665 0.220702318440928 0.790943671611897 0.111615777930454 0.140424588864885 0.332437006232953 0.38357495648439 0.00192130341322084 0.131424567893577 0.717032428754192 0.042699392039782 0.45244176655706 0.694896926177183 0.172504722083522 0.45030477410938 0.305332295310284 0.181613673084948 0.0907104052722918 0.146088025353430 0.332655197727919 0.00209091875022595 0.227057655394831 0.791027074413369 0.294839391376660 0.38818090063476 0.202433009672520 0.0689715491280099 0.111898412466875 0.319527330725015 0.0300934240193941 0.0303910329449407 0.365347854286513 0.4931704646201 0.176417159041230 0.0347265766246892 0.0203676951620569 0.061578738872611 0.229926957725672
