0 0.321345280304862 0.628002575019088 0.788430614302079 0.437852706355399 0.222896293690265 0.382437878987198 0.144359624249813 0.186408966464603 0.0586382362462161 0.0862000270348486 0.0983916343581314 0.122311075757473 0.251833684988363 0.381296593553423 0.459614154393732 0.526107910427233 0.530142049367613 0.424016242879744 0.505872863030632 0.118745631709050 0.282022068136051 0.462869086592931 0.215644429720973 0.683311729176365 0.645916507455437 0.642814771097997 0.427717898491767 0.342668162046645 0.179998529883287 0.440535400246637 0.207480411687624 0.344256785591016 0.398025018696790 0.0112184858742578 0.219886065086659 0.177716098601438 0.317877242734911 0.103834624312143 0.265558808127123 0.255681828833827 0.394845206537775 0.0913625774696711 0.7298220256491 0.522012342227781 0.667540038951804 0.475676820263594 0.601359323859739 0.602634651455028 0.432948120849593 0.626176582421222 0.481805820717417 0.0427856422858588 0.439615652416025 0.578631960380185 0.0621668096063892 0.114479717971785 0.431592404986558 0.378741903544463 0.500818964763606 0.539132953012078 0.44769806214862 0.462358768266851 0.0609260461281993 0.164249966280773 0.459724520511285 0.244465592969573 0.590739913957168 0.588877532362675 0.565384063373943 0.528769360974522 0.441714003540847 0.44122455386711 0.317491002954969 0.233031567621414 0.409959006061947 0.220080479749669 0.0829578195054986 0.61845706874132 0.628798291476101 0.540985982442455 0.425707011934906 0.393335163134194 0.513785057865852 0.351403968885263 0.111298472018654 0.321028061364349 0.23343217357209 0.209590291385861 0.327652187047408 0.386187592227245 0.140024083782186 0.0781408784532357 0.312237723469839 0.231975608274607 0.282807765967692 0.278221127899964 0.546139691756934 0.317712464683501 0.0928059427566773
0.321345280304862 0 0.205908823914012 0.236347685332167 0.305833372322582 0.443524315108279 0.451545719452542 0.576200648098029 0.583202611003093 0.64576225616137 0.499778550253902 0.156133544150567 0.481147512538317 0.302923209191629 0.475936829341469 0.445702076061013 0.350221491198217 0.182392515547398 0.134831831764131 0.0921829372922594 0.318591294448618 0.288861741500639 0.296381262076854 0.158545533430354 0.195909049804925 0.513067358285663 0.170563802751174 0.0365665592652488 0.331383837484976 0.593721979309439 0.418351806960965 0.338389253851308 0.598990869991675 0.506116245892075 0.454441575537758 0.62507041474159 0.585205745360458 0.58271736624163 0.709098928351264 0.578865112265107 0.655476254824243 0.242555998711339 0.365703965541319 0.134585157808538 0.667964606113968 0.247944674572007 0.0130887513917079 0.104075266916075 0.307213977886488 0.454827246502525 0.616288637276909 0.519706360260004 0.363905488021401 0.437832198374025 0.356350784978211 0.241411836637714 0.134492455437210 0.527959666057817 0.426492572185923 0.404897831013640 0.39125588479354 0.0627403520799378 0.193033760810371 0.329425638436051 0.308471566023948 0.350786296851248 0.0341832239081514 0.117291413340064 0.438229968600221 0.164102947966321 0.17036633754361 0.24346858672858 0.307077695433684 0.480928977113258 0.399951317435629 0.340755446617418 0.347714853776091 0.373175088177151 0.481786128293663 0.564869672498908 0.586062508035356 0.635130327263336 0.644390942358407 0.654642911174025 0.328951718519747 0.231539183493218 0.368702111616598 0.282508895067397 0.607309659641512 0.508592904219172 0.690302292637136 0.506898199981417 0.224322509857302 0.453704421974003 0.276645365087028 0.583019229435624 0.480977474917678 0.515327294583501 0.411020561728087 0.213494910885991
0.628002575019088 0.205908823914012 0 0.634762926420006 0.150676423703177 0.081803753295526 0.707531951590137 0.310535791704945 0.305163775804765 0.154047657731328 0.350401624878006 0.205928515749668 0.201589481202881 0.169646328834314 0.645624368519651 0.619267305962464 0.5669992799882 0.424673161128855 0.105614953095023 0.373295871919834 0.394263661198307 0.326035821360500 0.676447628388054 0.174581158123683 0.585225108096951 0.634693661145453 0.473226018594685 0.472659510549812 0.391783804499665 0.03265631153005 0.228423064460990 0.269162774778520 0.103959948813351 0.245865127460317 0.0967136001763896 0.178636345573346 0.246201298308523 0.377972497256153 0.1496950058218 0.310333129304769 0.424842215531366 0.412147743572262 0.1885589123626 0.34172317722765 0.508323568806245 0.74159671092763 0.160817461554997 0.224384120852535 0.404535406587833 0.607972915029614 0.602515396948973 0.383383092152051 0.171692509895244 0.377267491218189 0.288930090056688 0.171004842935061 0.184759774065573 0.560504223542413 0.585060125660058 0.357873659982802 0.503985056529551 0.0594718749408276 0.245347547091638 0.398113816730839 0.332226812759403 0.64874509437944 0.209304621606049 0.38527228036578 0.535487076193402 0.310904968924298 0.483799776772103 0.477311407891405 0.466905234654206 0.363713961170489 0.371004634456043 0.2618763050334 0.252433797134767 0.308924713944453 0.594066374081086 0.484425222177138 0.517824136978939 0.288414709624647 0.258750635573045 0.455045364045383 0.457509306235761 0.409474032113098 0.474231115285838 0.42932962380549 0.189052064459902 0.243890371368001 0.307567921167943 0.0506730445780956 0.107999373795611 0.501104897984049 0.260591616763188 0.338251065852256 0.376129354955745 0.436669338292278 0.219235634851256 0.127031329285616
0.788430614302079 0.236347685332167 0.634762926420006 0 0.544808447064384 0.428833988485543 0.449796695279194 0.270625126409065 0.124738179182296 0.0149456781918161 0.112058802162629 0.0350623160877283 0.0596502714009845 0.163485703151781 0.488667296698151 0.558677259214057 0.611844945485567 0.675842036281933 0.591342939818301 0.72928044880374 0.0825800533422758 0.293440953623137 0.277867200705388 0.106351004019903 0.58948886172094 0.435413610940643 0.578841770256541 0.417106683350536 0.277399888339251 0.113960104491914 0.288170620382188 0.166836797732419 0.163238911762807 0.378739251712009 0.0873376346033195 0.315360199147868 0.294404445152098 0.262327027295134 0.173160503282864 0.270744838986441 0.277830622319733 0.393299258229833 0.052319736934521 0.701561350809207 0.4358580600655 0.603151020516572 0.592827274151658 0.643801910737108 0.660145027680509 0.414320550026761 0.458884369439338 0.271855789781183 0.065890992634646 0.323463655141344 0.423419228456473 0.0122518076491048 0.201800265750652 0.368202449221418 0.368913895926867 0.374151695637895 0.527542901283511 0.507113120401389 0.602285240179714 0.0237818016294827 0.176263409697369 0.331078746044651 0.169795922243068 0.559425773836995 0.43377563025958 0.585956220112157 0.60032548169251 0.445480858099983 0.385804004374367 0.344257714742199 0.217975658725300 0.227377659283841 0.108307315388241 0.115083147970490 0.460300068940389 0.465925443025722 0.34718050061083 0.262855313984239 0.277899640279615 0.284604541947163 0.33679644828201 0.125306368778208 0.248942632135757 0.285340736853883 0.0680147225626971 0.140046623373597 0.2508561310916 0.167423613968647 0.0166795332284373 0.311702414917284 0.257961942853155 0.20372645612496 0.161120597292424 0.447244054497786 0.26973886555152 0.00924520643679552
0.437852706355399 0.305833372322582 0.150676423703177 0.544808447064384 0 0.76590348402649 0.243109301477116 0.4585839327654 0.300666253211141 0.274446027699572 0.0409439149423534 0.0419227105983436 0.0638251569976754 0.304666052437081 0.257808971023680 0.465129314663572 0.551964526174592 0.690105984581506 0.63331257139068 0.600583966188283 0.105519330832184 0.221867252725556 0.117796517150062 0.146436040979878 0.283525502094606 0.249066219856216 0.426936210740475 0.370386645409622 0.274742625223269 0.430240466311220 0.121212620996494 0.00897401397433716 0.216536111438578 0.336407093609442 0.194024518581149 0.41033683469717 0.488412768776174 0.375986745452250 0.499089547758073 0.130751727232223 0.309201477109805 0.322523012104740 0.00451166594194968 0.589688126782433 0.427709628949962 0.369084069373112 0.651151649052417 0.77545038213307 0.674597642544532 0.296536382622529 0.346529768885226 0.0140686684661901 0.0162750295228294 0.0564928086185375 0.138071082761447 0.100850396969406 0.31593267132163 0.245005298291108 0.423657675228405 0.294350080469554 0.618811626860913 0.671464679106882 0.662700371744772 0.202386562304106 0.138565842176365 0.190052016165986 0.105314984736728 0.430517162068184 0.332146074567814 0.585663292884241 0.60296122192147 0.354412529582673 0.434644872771674 0.292512622642840 0.116790872408860 0.158921718292106 0.109905497366730 0.0626639956677905 0.318318230029499 0.367025216003981 0.173622429687367 0.358989449950193 0.221113179342690 0.0944289847892577 0.251705218827274 0.0766941040951457 0.185700440929713 0.286907103855578 0.00536707037837859 0.0682768288579758 0.123792568790942 0.113297039375877 0.0288377206591786 0.266840128075382 0.239836025422535 0.0778271643351346 0.0896291485915676 0.370069827772907 0.157189395667506 0.0100795738864251
0.222896293690265 0.443524315108279 0.081803753295526 0.428833988485543 0.76590348402649 0 0.433694373718364 0.699026362437969 0.424446094314875 0.513358375363298 0.295395548461975 0.127635413120341 0.192005314385006 0.275860880269117 0.382312398212409 0.442757144420526 0.456874839527997 0.481958364539017 0.344985547342378 0.400841664713615 0.0169765844663907 0.352755391513988 0.0726499968820653 0.384322286795818 0.257474230407122 0.183257298596542 0.241177536260522 0.224199976680555 0.377138750463432 0.581202139740421 0.182170135488836 0.197278376040581 0.236403610746667 0.228560499431091 0.100627366130021 0.647075708633102 0.757255504351888 0.460403962230111 0.654185231056288 0.293236439635892 0.515358346860214 0.361059656046253 0.153502903484341 0.367981057140153 0.311632700061475 0.277234181073728 0.53336343417822 0.501301845282592 0.607668331947782 0.432568505463264 0.249578056899495 0.0600556904950421 0.133909058508394 0.206908043580895 0.0854969375737975 0.025757665008835 0.271398353729253 0.380683508005889 0.443562948676451 0.249488220251380 0.524597875972784 0.429638396736105 0.575875592002077 0.037833532846394 0.299112683775111 0.176147891039121 0.142916433106713 0.354953861860306 0.291011995665858 0.429457425812728 0.443442226377293 0.371179939000896 0.316216359351698 0.323179210194794 0.293444131120005 0.0109953938491411 0.0898502572046907 0.138032272060264 0.217648142522610 0.329223274870531 0.173532539300931 0.127415621905454 0.28241932732476 0.107316796898961 0.350362457570769 0.151998135452895 0.266547969914277 0.421033380650005 0.189250550093729 0.123570433160915 0.182063484976990 0.195661637994517 0.0329737682746743 0.353811495219383 0.215642802602913 0.154871804807537 0.0996103803077464 0.261511083882737 0.104933072814058 0.0243662623815308
0.382437878987198 0.451545719452542 0.707531951590137 0.449796695279194 0.243109301477116 0.433694373718364 0 0.6291244192189 0.555697956961122 0.474031282351436 0.612344876825702 0.249771392004738 0.264208656339274 0.267271881473932 0.881246158907315 0.715789381351272 0.63249930248619 0.369785609818516 0.104131372431186 0.236366557293115 0.422907825927367 0.593977956512803 0.683087273020246 0.0921753323267087 0.491923416951086 0.615665854407167 0.373423574097720 0.437915577419063 0.661095548602538 0.303002989090576 0.405489647203857 0.548472146824696 0.30687022397103 0.292376510042754 0.430671071062464 0.513189641302351 0.670425084644732 0.659335498523481 0.437669305508972 0.531331980800825 0.741610773706969 0.574702941057488 0.486885801568173 0.188065990920573 0.579129444926865 0.564990605223255 0.0680325905631773 0.108938676395667 0.472547674563573 0.857180231897204 0.614488738159257 0.499500715892023 0.348370066958846 0.495076834651545 0.200537174937163 0.194861799021953 0.160813087723291 0.826899999616183 0.71033395911113 0.47128107020014 0.591027537162372 0.0232759190588901 0.244600080506920 0.537440019457753 0.631414437023203 0.684712833049813 0.0174799126566841 0.354545241275137 0.591562757450261 0.308403043527880 0.433557685175719 0.59687850849559 0.574841468653957 0.595802278056056 0.676084753817301 0.282258843140543 0.412305179060920 0.549290082082332 0.595153344815245 0.619486762357801 0.640846332083519 0.207206873256450 0.508349050030931 0.541794132105857 0.658865602485067 0.631925962941519 0.674144142777996 0.706763961862324 0.436750876878114 0.395506407509513 0.391703874418421 0.157660026166873 0.203782304392658 0.715289868448237 0.370922860622578 0.51951456201472 0.441551390074131 0.430892012653800 0.350247309327652 0.275630977470912
0.144359624249813 0.576200648098029 0.310535791704945 0.270625126409065 0.4585839327654 0.699026362437969 0.6291244192189 0 0.668879927712084 0.757999350667649 0.576150152152687 0.388158292319818 0.292006666388646 0.253701125325262 0.582059631824189 0.537852812611717 0.558000882006226 0.415837125217967 0.0267713477039751 0.149411766754118 0.220892225173483 0.331213451693273 0.280144608748717 0.440121636025297 0.257622201788491 0.351952279244964 0.141072002087775 0.226662444337158 0.401499805258673 0.613969408277864 0.0879458749250618 0.174275444307921 0.110769458934076 0.111265443294327 0.186509157282761 0.651235244641166 0.801416047279723 0.583249816236144 0.845439190879248 0.461016487733071 0.728521730284198 0.368924368553337 0.183399911532046 0.115159862431417 0.53858751250445 0.456546358980618 0.154397350006596 0.170044280038849 0.370754305631974 0.671045238990196 0.544498323870188 0.213592671075358 0.18690596333114 0.245502343642463 0.00422454198659778 0.0286787062652783 0.134859478596558 0.579228162256827 0.638004608505134 0.236335753137129 0.585836074548983 0.122813426693699 0.289110120030938 0.164167301929662 0.42704988494375 0.435851581213945 0.170418128555249 0.303120022764183 0.440919468260668 0.261953780775523 0.415953236771216 0.413954089064734 0.391717032250605 0.342610775233604 0.369350659298546 0.0566310092314964 0.0539656244882662 0.233906695519029 0.455460530186409 0.411626540499074 0.371874529273007 0.195389256535583 0.400093505875147 0.321304515439539 0.444373543696427 0.340650484274814 0.412951666405192 0.508455752359667 0.198764235879774 0.13254701428134 0.217183672776339 0.283664797523416 0.114405716814059 0.538071923137715 0.346437343896874 0.233090062666905 0.113724368024057 0.304530717875962 0.211221290098462 0.0745523900930699
0.186408966464603 0.583202611003093 0.305163775804765 0.124738179182296 0.300666253211141 0.424446094314875 0.555697956961122 0.668879927712084 0 0.690542526494262 0.744733258620204 0.488631589332692 0.428323191504911 0.337043288070164 0.496390501800259 0.429754050092177 0.397589286419457 0.245022411595499 0.194398473944808 0.0582882215240324 0.517231578488467 0.638522812836502 0.453708342916459 0.226654300415884 0.305651468372677 0.554177598431163 0.241962245965133 0.0898165742254875 0.588717447027233 0.41598217287898 0.317209899171626 0.552349073576121 0.244581205295705 0.244584037121385 0.411873635116378 0.380071235383596 0.645220467799826 0.664171676593043 0.61427486724123 0.673000730249958 0.804807006589686 0.553950918732037 0.504844359840811 0.0321777107562287 0.68389979557198 0.328515044335676 0.0621822113530518 0.074100994188091 0.424864180793761 0.68854569075892 0.648651941360318 0.515208762879582 0.409853581613558 0.527316415692545 0.244724970934881 0.180705804004546 0.0230902785736575 0.724469102704353 0.699750134308758 0.357000673914204 0.465890407239428 0.123071425680588 0.232869407807259 0.450438666340148 0.637384799805184 0.538447087404454 0.0579574153079532 0.334049330363019 0.601533675558209 0.274654298347263 0.282392948280576 0.561048118955916 0.424717841572906 0.535156955841771 0.653794918800712 0.337653544750442 0.38542115594677 0.378480096324495 0.521422494041932 0.597043619684306 0.652477175508422 0.284233361539035 0.734443197336147 0.604278155226139 0.63422588223392 0.588797863448894 0.463290906010534 0.433453575480882 0.416877914681869 0.426182199451202 0.30355151517261 0.360389248372774 0.08450760919411 0.486907978870534 0.245824582956272 0.584474098844458 0.544035100117244 0.525355157860707 0.411990092651186 0.287155789680074
0.0586382362462161 0.64576225616137 0.154047657731328 0.0149456781918161 0.274446027699572 0.513358375363298 0.474031282351436 0.757999350667649 0.690542526494262 0 0.577621142692866 0.381105035216273 0.595287409541885 0.319251078087652 0.409699806356726 0.328894340618175 0.302329234232611 0.112708722741659 0.264659320932904 0.154420575432186 0.323695461460146 0.345805631220014 0.376218903279008 0.487379512765596 0.166200628907943 0.397910737778596 0.0569153171018081 0.154413301689717 0.422850685643964 0.651917063616115 0.214263548669751 0.257440297021273 0.408881676571965 0.207073944798694 0.377606503599178 0.489373320523052 0.614170410289058 0.63529180202875 0.755331368134036 0.339014374803379 0.669374966727366 0.336307766550949 0.308787770100914 0.0622235848058781 0.507534884357197 0.320872074653464 0.080647938818628 0.0206083734020600 0.224283174634450 0.593055383605608 0.539882719591049 0.323856335912143 0.324333190317565 0.283864338928674 0.093973299417783 0.0614465121867002 0.00873159029670016 0.609034344495534 0.553221944293444 0.36485983961606 0.424239501606488 0.0721244060707847 0.070890287178876 0.333323422743008 0.471893623586115 0.48306799038149 0.261826279297148 0.169403976514466 0.405270094919656 0.102598832485471 0.203488288303000 0.333003876494015 0.343833531700160 0.372365963214149 0.430503175171064 0.156436442368383 0.240960412571905 0.314368538377996 0.408053163572787 0.461904280055939 0.491479595485405 0.309220323957392 0.46732301412461 0.48931049558665 0.464453942770478 0.325897940395221 0.411414403837951 0.373820141343008 0.38769110029597 0.358578661732063 0.370538954353313 0.289487382275886 0.222548028450239 0.484910426820234 0.34951401553991 0.390970295834763 0.279760877184536 0.396391445265805 0.265795541352992 0.256091756555278
0.0862000270348486 0.499778550253902 0.350401624878006 0.112058802162629 0.0409439149423534 0.295395548461975 0.612344876825702 0.576150152152687 0.744733258620204 0.577621142692866 0 0.65643461043109 0.469288329883692 0.221988441463547 0.624910451169806 0.411146615265188 0.407865090895656 0.170370880861416 0.343311837075543 0.0393776780167701 0.733852284409068 0.497923620685824 0.265125157585395 0.249827738428839 0.212871149533559 0.432669598880845 0.0716570299040939 0.0698083053927797 0.470372441456442 0.244746476801646 0.405729243888866 0.560226694735633 0.216928186162556 0.141508353865667 0.642165868684175 0.386405040476764 0.598225092181409 0.484740677182767 0.503647617465594 0.653564992696092 0.723593159348847 0.337619637412753 0.591520517588093 0.139252549982591 0.522398888290902 0.161216588775074 0.232232583019300 0.176274370090419 0.286828777315235 0.573240859510482 0.448322269341325 0.50434300018065 0.366271892097072 0.579905821165529 0.0835885048936174 0.230206733735184 0.122333092112367 0.630504485128378 0.528770829413477 0.313290525171695 0.292435239476859 0.331074753038479 0.063142973607402 0.548562385453683 0.529491484220369 0.341207374850789 0.139975839437226 0.141811585850075 0.416298888261851 0.0591908594640122 0.0424287661752492 0.387506193375779 0.29372978378963 0.510822420458352 0.615583710983860 0.217695739243458 0.337187662685322 0.539959721550339 0.375961142716192 0.414123957538177 0.517017185397348 0.0780330165091208 0.597428032843421 0.442118528538036 0.471407641906063 0.559272113517546 0.323976409585458 0.413889719685665 0.480515530218566 0.368521955898585 0.263810452294817 0.362257721633038 0.144266245644279 0.338476330513922 0.0952362754365796 0.606609773350207 0.451610126479802 0.389626291840747 0.356755215679911 0.176414946363027
0.0983916343581314 0.156133544150567 0.205928515749668 0.0350623160877283 0.0419227105983436 0.127635413120341 0.249771392004738 0.388158292319818 0.488631589332692 0.381105035216273 0.65643461043109 0 0.398060340561913 0.304188571346091 0.315325683045647 0.151745966584896 0.189294857989267 0.157570466476410 0.145436392865193 0.0137254401114067 0.621811373613586 0.296114738711714 0.00391213242718231 0.347158259618587 0.103759562111796 0.185732335463966 0.0590077739989044 0.100239584985273 0.255235320818825 0.117283659092673 0.00855420853702521 0.255900317533376 0.186434423196145 0.0845576964006506 0.330037188456607 0.153692308438197 0.305752293085089 0.239688700537084 0.293235152913981 0.326858094166728 0.415803733006829 0.203837334174839 0.259028515466225 0.162544471321951 0.25655414030667 0.0961905868194042 0.159116965747104 0.197314189920997 0.112917476434692 0.307359859393452 0.162943687202737 0.065282437466026 0.124031462426435 0.281665380996004 0.0615820262272793 0.0602883309232313 0.128234983607016 0.308826806886660 0.334379311852544 0.0057090499425405 0.122545140454830 0.243700773461925 0.0467575854517324 0.28762964458635 0.31349463033945 0.117810533720793 0.0932448209803862 0.0594916571596159 0.157566728478155 0.0233911398753530 0.0271945326247899 0.271173206362348 0.0860839509481352 0.220026398406364 0.32133498993354 0.0911235724000407 0.0810111637333641 0.274532663179333 0.199698852804315 0.0827691761201956 0.114359899691923 0.0544015884648618 0.200261967556107 0.108158770365169 0.265696487901106 0.322071741292487 0.0365728024581973 0.0944612793841177 0.033525973588564 0.0504340527122832 0.096523515685199 0.134343694501120 0.0647662689317189 0.131830892889117 0.119946477852427 0.298768062935482 0.184049694866855 0.173983590059653 0.162046671957259 0.027604405028551
0.122311075757473 0.481147512538317 0.201589481202881 0.0596502714009845 0.0638251569976754 0.192005314385006 0.264208656339274 0.292006666388646 0.428323191504911 0.595287409541885 0.469288329883692 0.398060340561913 0 0.404214595761634 0.172169420781881 0.0940013743357527 0.0586764769319709 0.171757310045873 0.287490980004459 0.113893103270334 0.537056370619328 0.25755536115555 0.304359982204495 0.270885224024968 0.103845854589210 0.265347038817025 0.116975031008601 0.181562948632305 0.31962393783482 0.367380917134934 0.158749986516586 0.30421462680425 0.451329461930099 0.223971146220096 0.321877817939614 0.213391060849728 0.224836307535200 0.347532488588990 0.434377661782537 0.139547440391160 0.380137215451871 0.258267332464394 0.276620960536872 0.0774451907534323 0.366647880996175 0.116242940148548 0.174934218656708 0.0925111431792497 0.0870240691117419 0.283149592594642 0.302659069905542 0.233789368698383 0.31938873205284 0.341387267955393 0.226996025736491 0.364365374414566 0.078743752609131 0.369785391898757 0.236733831737772 0.124781670524983 0.0371247913117493 0.254816398275653 0.0094547524168626 0.438222756230148 0.227438795931561 0.253724937516337 0.102744106112075 0.00705644808864806 0.141989535675780 0.0135919322709206 0.0637837379118796 0.20181165621233 0.193360438878076 0.343590591238094 0.349728307481725 0.333515337990964 0.343874684078226 0.354904175125611 0.256264284452620 0.245232623508057 0.345883221164859 0.306778629908391 0.357407282365741 0.352543335640794 0.256647311069222 0.280310461423514 0.295813648547822 0.178845746490234 0.335140942367995 0.331550097885605 0.317070320133398 0.248126174161836 0.150685410903073 0.344133025683155 0.320423303964406 0.346408400456115 0.263222857853665 0.429785392923116 0.256624116672612 0.204053652265654
0.251833684988363 0.302923209191629 0.169646328834314 0.163485703151781 0.304666052437081 0.275860880269117 0.267271881473932 0.253701125325262 0.337043288070164 0.319251078087652 0.221988441463547 0.304188571346091 0.404214595761634 0 0.194111841001581 0.264659346357222 0.221469532578802 0.201823113367924 0.141238727465116 0.146618716082210 0.344341569473250 0.287125941605257 0.321127778515868 0.111586586575565 0.225681557958500 0.339701156764584 0.300030873032413 0.29869770093187 0.474005625629997 0.405552617422278 0.148971070042946 0.274149123383348 0.285175873099223 0.173085726939921 0.234606065898554 0.176692173740392 0.287484380117220 0.397577997639925 0.238579301711956 0.1791865188433 0.346354352605602 0.313609143264064 0.181704502151409 0.275565074164416 0.257561251674953 0.213343257966553 0.108095791280872 0.200891050361304 0.268594145149937 0.277443886221151 0.291900128309887 0.211632787600743 0.326082269548297 0.243164459691052 0.19469044918855 0.222559911410801 0.197773650928827 0.327809911275464 0.340244408088191 0.134720638715936 0.296426473252426 0.163220412152737 0.273258713672343 0.178985468679743 0.287349408458457 0.324550398096287 0.107738858883867 0.235187587376211 0.324301211324055 0.296126481100338 0.280109401376081 0.430692249640611 0.443794958613546 0.274299435622811 0.349843027325167 0.202148700340597 0.351284075083782 0.303396402406294 0.385409897001731 0.34172523658689 0.28192643953471 0.219351919937878 0.302940719178462 0.286517168074995 0.282212554946586 0.237779594188224 0.344403042392471 0.241226660283437 0.115039758531720 0.290402962641830 0.188081307255404 0.0308933374214284 0.0199189832085451 0.365251057174689 0.306059330524446 0.161344537717976 0.249322110891699 0.177598755968255 0.116054254504843 0.270218149907585
0.381296593553423 0.475936829341469 0.645624368519651 0.488667296698151 0.257808971023680 0.382312398212409 0.881246158907315 0.582059631824189 0.496390501800259 0.409699806356726 0.624910451169806 0.315325683045647 0.172169420781881 0.194111841001581 0 0.846075589937806 0.764124702763518 0.548079562687503 0.0189780793225812 0.384658254115674 0.413719252827691 0.479562270552798 0.514248190426034 0.0988890585468974 0.430754274892059 0.56851468347943 0.320168390037632 0.350910644186738 0.518325212000349 0.250856253990695 0.472372816853628 0.444722106932909 0.357596745045263 0.381268852563658 0.392347139925849 0.444623877261153 0.586799177761619 0.534539583447512 0.388956891039834 0.537053806923711 0.660857138986389 0.435565220394540 0.581591940426323 0.225697813071068 0.613379985639982 0.513212856892271 0.0701302568468602 0.158424021677482 0.503718760540892 0.760587458396516 0.641446765500061 0.503317236030656 0.305022772766145 0.46050852190037 0.198113991904913 0.115646237289839 0.0837051219016557 0.782799161608356 0.726380755056958 0.485155367504075 0.64554646150873 0.0693979813255434 0.321989214367250 0.468996222871618 0.561125240930366 0.595689764049945 0.0314035117878587 0.27264665852594 0.509166231509066 0.278861782342914 0.430430059475686 0.485287504513157 0.583710035784061 0.590531713795154 0.572886349211741 0.335816375261625 0.395022691624945 0.432333502558709 0.582227834451587 0.618730171176626 0.621640945339642 0.271285438470195 0.491860805772718 0.517054004168693 0.569658203696484 0.548598381006536 0.556246198068769 0.562489051086711 0.411201028900511 0.328010898368396 0.387900020906326 0.224236285975991 0.226709769518559 0.606543240532757 0.290935132513778 0.527637536238179 0.383961435836321 0.474501598985869 0.431469408455634 0.189761096987481
0.459614154393732 0.445702076061013 0.619267305962464 0.558677259214057 0.465129314663572 0.442757144420526 0.715789381351272 0.537852812611717 0.429754050092177 0.328894340618175 0.411146615265188 0.151745966584896 0.0940013743357527 0.264659346357222 0.846075589937806 0 0.818492348803114 0.659532622870716 0.230271308068860 0.589566086485226 0.199205733451454 0.384479328496973 0.444839003779428 0.0710356004463437 0.356196105240267 0.507416711045365 0.403490927570496 0.443136664769906 0.427137298183318 0.261501576199226 0.410636146467912 0.272314446890922 0.343225943269074 0.410444532156272 0.165077849151703 0.410178541552733 0.506390738475945 0.465867776472934 0.376011912322838 0.375260996333272 0.529358057412828 0.383052472665812 0.374053927152258 0.44359452881082 0.592271719424178 0.566790518493563 0.265634799364189 0.38753483636288 0.571964479991057 0.636989936801383 0.657756892166419 0.384665021493028 0.287197016791698 0.367014195076379 0.250371155477487 0.141332958452780 0.305593545304846 0.646552131409542 0.779468504476312 0.411261425830471 0.768857244426567 0.339093769689513 0.527103406149946 0.32046747653225 0.451605202054317 0.547089446945092 0.0183420801719664 0.346415999269139 0.522242152742329 0.424421608777923 0.63222024313617 0.481776400115008 0.689075482173405 0.599392787301783 0.404901739914484 0.361973728235043 0.404949538857575 0.284805787221772 0.590680020086088 0.620074832717108 0.535816072289333 0.323793448208563 0.415950465342391 0.429540658057492 0.491902178679083 0.361166043891999 0.476501102045256 0.464921483389861 0.247783788724229 0.275595215316373 0.380355173815654 0.133459790980497 0.0980283534028682 0.542767634196763 0.259986424048265 0.346525746850273 0.332255284041008 0.511465549928935 0.364087106828035 0.116388803915709
0.526107910427233 0.350221491198217 0.5669992799882 0.611844945485567 0.551964526174592 0.456874839527997 0.63249930248619 0.558000882006226 0.397589286419457 0.302329234232611 0.407865090895656 0.189294857989267 0.0586764769319709 0.221469532578802 0.764124702763518 0.818492348803114 0 0.861691837321743 0.345536790357591 0.546180299866347 0.187509417937657 0.370751538370988 0.423216515240273 0.0684788929892429 0.475143603643473 0.571965913909257 0.446690025745306 0.407498325515994 0.448777042101529 0.292542697430704 0.384153428049668 0.250633969284867 0.240947090860354 0.319849084059652 0.153906107656351 0.38414376865889 0.549779162367021 0.54633534441769 0.361153365568674 0.426580712986584 0.586187287307474 0.421449800858105 0.302566514001881 0.431664625744108 0.551531467836907 0.605343356659295 0.295046609646383 0.453778415463471 0.581650772100306 0.624812902808706 0.667068578703435 0.326244190155465 0.171401147647077 0.28034590747445 0.181757110491841 0.0786211918871261 0.154558371174318 0.57620209496048 0.707873828692061 0.47331145382703 0.836013063880041 0.364222055648733 0.472106926004469 0.153818259712619 0.428775511007627 0.57437408762625 0.0233774388819766 0.461371132968701 0.58143027838849 0.482664142208832 0.60171359121757 0.523153712320696 0.648057600589474 0.413624973703138 0.364730849947599 0.247361385007860 0.243664152392939 0.160832647580663 0.613207564712727 0.541483833633855 0.495514907692823 0.246823929750406 0.335474299481435 0.355298210181925 0.493390162740266 0.369353960854562 0.413934481059384 0.420278761057937 0.170729659538029 0.246318079468755 0.248868818724811 0.120439019618554 0.100585782806961 0.454569782043972 0.23753017924058 0.309833587482231 0.247735138202638 0.397128598262144 0.26912668621795 0.149255842733452
0.530142049367613 0.182392515547398 0.424673161128855 0.675842036281933 0.690105984581506 0.481958364539017 0.369785609818516 0.415837125217967 0.245022411595499 0.112708722741659 0.170370880861416 0.157570466476410 0.171757310045873 0.201823113367924 0.548079562687503 0.659532622870716 0.861691837321743 0 0.65816309064062 0.711018205635309 0.0341484953107742 0.239628358381034 0.205266318437923 0.0505798638303473 0.454250559295713 0.437088761978898 0.496151094468322 0.348660982544527 0.306193228725002 0.185947178977166 0.242717109429155 0.0792959029064548 0.117039727556156 0.303778134981170 0.0988143393646175 0.274970492108878 0.396800159236674 0.349622463173661 0.252637710913865 0.273854436997689 0.358797675546060 0.311405360914324 0.161199746737866 0.583707645648441 0.458455469560227 0.540468374736488 0.504133009168042 0.667446984463295 0.640122881407958 0.411490129149785 0.510883902660393 0.119326252472484 0.00786198003425744 0.147429034975650 0.181887859046232 0.155076025001931 0.17386115375387 0.339500965608565 0.535706382851681 0.341658108964568 0.731627532793908 0.5641574015089 0.611788680179816 0.131333547308753 0.231989566375916 0.380253904257277 0.0456662234062113 0.505301290303614 0.475544685283971 0.58095100040833 0.607138804912557 0.449986250355371 0.521285475684323 0.242420679120027 0.161466027109825 0.154034903012273 0.0972964586328452 0.0708553329872009 0.464123137860271 0.407292786207217 0.289943212133531 0.254729599484725 0.204224146098902 0.184109118101217 0.325230344511046 0.181449893658749 0.189756837569279 0.228509052583650 0.0130496844801565 0.0661162864742002 0.115001631582402 0.0874033712379003 0.00337996140608875 0.247429309262175 0.140047100216972 0.120583672238231 0.0995102130113017 0.330686731604359 0.239235788908837 0.0116864253315174
0.424016242879744 0.134831831764131 0.105614953095023 0.591342939818301 0.63331257139068 0.344985547342378 0.104131372431186 0.0267713477039751 0.194398473944808 0.264659320932904 0.343311837075543 0.145436392865193 0.287490980004459 0.141238727465116 0.0189780793225812 0.230271308068860 0.345536790357591 0.65816309064062 0 0.768606234197605 0.279278979524938 0.186191009582132 0.140205372703764 0.0054062068212142 0.263507303858612 0.0197937544576112 0.49477865809321 0.309206947611196 0.0481346800381847 0.0364175118309079 0.108094875316819 0.322908531788225 0.094835288906647 0.164644274715339 0.475277023338917 0.0241009502921016 0.0399755194179116 0.122115606353300 0.0408505533368437 0.144541806820795 0.198557256281598 0.0249725440623893 0.292350680443153 0.771064931977711 0.0137297994168017 0.32182363312289 0.790862886522762 0.761050720686016 0.413864530333558 0.0735679702171332 0.0403766057855361 0.243108020204505 0.245168567728650 0.140581079199276 0.134579337896003 0.185072001754810 0.251360721779447 0.148000078296457 0.0177759347235389 0.0623690142252967 0.303901106593592 0.835425313973865 0.686537331587372 0.533244309415518 0.277514323598526 0.0286355655601818 0.0701467416674388 0.472958006638263 0.134398515695623 0.626436564232513 0.560584976576111 0.201722451522869 0.19562379039276 0.0418007217490895 0.267397393386291 0.076265632276515 0.206303351280706 0.379246051479274 0.0407528204420426 0.00485256192700076 0.195361984720714 0.0714213976981356 0.140260399267382 0.229889531931130 0.154050270893342 0.340761728839267 0.0316959048792736 0.0166820135497736 0.341276220476881 0.286156521744459 0.137316631377962 0.0632565062028679 0.0298988462793073 0.0377766175186038 0.0659464795665688 0.248018355511268 0.220414218107114 0.0200902720770238 0.0812356134904312 0.108168757866288
0.505872863030632 0.0921829372922594 0.373295871919834 0.72928044880374 0.600583966188283 0.400841664713615 0.236366557293115 0.149411766754118 0.0582882215240324 0.154420575432186 0.0393776780167701 0.0137254401114067 0.113893103270334 0.146618716082210 0.384658254115674 0.589566086485226 0.546180299866347 0.711018205635309 0.768606234197605 0 0.0522093223070207 0.121654125191313 0.00116142491104553 0.0166377763163313 0.34775392523414 0.206820801951942 0.597007858530235 0.379011103743582 0.166116659045500 0.00212071125570145 0.143613357994622 0.019458911410346 0.0416938844951955 0.310582736508654 0.194124006255344 0.225381729103975 0.180667315233173 0.0381284261883027 0.0463571722690608 0.167578517625767 0.0641771806343988 0.168547097501014 0.0514966382309992 0.707420390681768 0.275287092958436 0.346023031120081 0.604084496839644 0.681491071828237 0.580898188934124 0.145251623953569 0.233143438406932 0.0521564945237113 0.0331875738355675 0.173974644782492 0.263634671476488 0.0597361123944856 0.30486210879599 0.131095009802736 0.262732173371247 0.0581850736032298 0.39283469677281 0.613760413805023 0.764299160328379 0.115618752657619 0.0196378206313864 0.11144346201022 0.0968045445134113 0.406281661365433 0.244688271750538 0.63120577016105 0.61998480235748 0.371109903537665 0.363115486555661 0.295416476234071 0.0544075771331924 0.123705175324698 0.103643616679786 0.0611737156159438 0.182804204956237 0.237231902233176 0.0503323216231463 0.140694450023365 0.169881521392586 0.000695038588337515 0.103621450857591 0.0161643173479840 0.127752346071324 0.251502637994274 0.066942745718026 0.0291810041456881 0.0319957543453065 0.0472484627860074 0.0318771938877115 0.123263385246989 0.0531647031378164 0.090287220939148 0.0931640216988172 0.268023207783670 0.265645824160610 0.0406997369724388
0.118745631709050 0.318591294448618 0.394263661198307 0.0825800533422758 0.105519330832184 0.0169765844663907 0.422907825927367 0.220892225173483 0.517231578488467 0.323695461460146 0.733852284409068 0.621811373613586 0.537056370619328 0.344341569473250 0.413719252827691 0.199205733451454 0.187509417937657 0.0341484953107742 0.279278979524938 0.0522093223070207 0 0.400765577266621 0.253301554489276 0.181833953175071 0.14641058441745 0.354479346064431 0.142206060205743 0.0284214360476469 0.434563023705684 0.113130876806866 0.286938730786693 0.574033528757488 0.166845512256824 0.0680540182849791 0.566098438476525 0.111293779689134 0.230327491120031 0.305499010956469 0.222521467230633 0.455522909231869 0.47674076566965 0.302866616123024 0.49776345045722 0.186747550649868 0.386020794000975 0.0594300887530229 0.307175264202240 0.228348962025521 0.165321986496946 0.38929726286275 0.300369098222602 0.462086924194741 0.336073393477602 0.531462073681297 0.223220437355056 0.312517345579659 0.106584777469911 0.467415015319918 0.287491071580309 0.220217838670582 0.0504325242242462 0.431350397406341 0.0110421656969640 0.696069389648923 0.380353259892507 0.285707282042984 0.121609436931492 0.00356978386042344 0.243948361690607 0.0083767191050804 0.0164575010236349 0.340666353174958 0.200020096164832 0.380359448852999 0.577865299485004 0.134701428558880 0.332873079110637 0.513281719806706 0.24619056376257 0.235175135841571 0.365095015702010 0.08448423684647 0.482437081180404 0.377177486949213 0.354607260545612 0.504939260847155 0.250734582193382 0.280723606773672 0.400629371372023 0.356179753621103 0.170722077436890 0.237094270574498 0.195495298854030 0.258951287818615 0.0620204425222757 0.588142996518701 0.506957430617315 0.286504306656482 0.287033384127735 0.278465008104503
0.282022068136051 0.288861741500639 0.326035821360500 0.293440953623137 0.221867252725556 0.352755391513988 0.593977956512803 0.331213451693273 0.638522812836502 0.345805631220014 0.497923620685824 0.296114738711714 0.25755536115555 0.287125941605257 0.479562270552798 0.384479328496973 0.370751538370988 0.239628358381034 0.186191009582132 0.121654125191313 0.400765577266621 0 0.490554446439217 0.0642696603994432 0.453858184058097 0.579675458454199 0.347374324725250 0.221275174167275 0.804166630268202 0.25068466321937 0.476100122671262 0.866207953347358 0.274738652075509 0.211202725504486 0.444211974346040 0.304396299914818 0.512637936555847 0.637609272905802 0.200698328185681 0.516325546936288 0.678322176671262 0.904027294316253 0.579032969607273 0.0710554072743859 0.479047258725608 0.271401467088244 0.0399854004612064 0.0740690201779458 0.477962440335071 0.65076026384279 0.446767830951878 0.508579479190733 0.336059303107445 0.546845091781398 0.399311386710624 0.171805821074709 0.0689927670958173 0.67083777647955 0.573545254591567 0.462410694580976 0.386934789012787 0.177522880952876 0.216629952763188 0.470790327803282 0.874655847162542 0.476275955318414 0.0593778274107439 0.398446338236248 0.573656641727415 0.326620012528221 0.253467137835286 0.674416650472031 0.390767044044165 0.519838556245936 0.847463403405199 0.39859976625508 0.536456149629079 0.414516597017689 0.49587547466723 0.560036149648199 0.590052305891222 0.0577614955768272 0.582204341300395 0.498864659539208 0.898150144752344 0.735698518762824 0.461834441473727 0.436711181190244 0.341550607967444 0.49705988847576 0.194634102294541 0.15273740571338 0.0221336958941387 0.470872942646894 0.196165021153493 0.461068369131445 0.456143797220709 0.432420708618866 0.288064524026486 0.302819690224631
