0 0.233892160985343 0.549803161117017 0.648683377926279 0.416612930364721 0.220211090834801 0.436243217342519 0.0304542557367863 0.00793971535577066 0.28135546927191 0.25329971521785 0.31544793053529 0.601373249268621 0.493768527060118 0.345145008690425 0.560527313491892 0.381739627205174 0.403228837553048 0.439526261897298 0.687349515410548 0.517086578672748 0.456647022223102 0.450914628659788 0.115928876161941 0.497355054589941 0.514392880467691 0.746676756372307 0.576065584611496 0.522514334040342 0.473310884651775 0.584312544331402 0.523312530478584 0.578658131687275 0.374426957527709 0.448880004267722 0.287269723617145 0.184081972849324 0.395537736446532 0.34018839286479 0.165628157589324 0.179828670329993 0.485148540113614 0.409345254592523 0.712880288503328 0.0301349081028851 0.525637469564788 0.556147167071793 0.381750200210242 0.00157587357495889 0.446523948872765 0.0984196634869875 0.0533343908672063 0.101737940579401 0.00742699807934018 0.0698775952209664 0.104648285907085 0.18857818643142 0.409785240958523 0.483507833606383 0.0339910773857435 0.357758841090529 0.498464086776784 0.506150939284862 0.0989740788356506 0.359989312268591 0.5233573778424 0.29155637024162 0.606257268388344 0.426075469644052 0.688300703997171 0.532648849113141 0.525032688496712 0.0990184608676361 0.41980751554394 0.401900784932340 0.298103152469826 0.299848132972915 0.248543965159078 0.0299498457685685 0.204981093014548 0.264846232836131 0.104483882696762 0.0423660881487532 0.03156761210181 0.401021419391663 0.430231230111923 0.484664185415807 0.461573279281802 0.314373231960583 0.271706079559995 0.565973216893738 0.201918286798519 0.255195339527256 0.468040885730583 0.322263574192081 0.262270111654952 0.253222929929636 0.473132946124219 0.265898998880603 0.208156219834862
0.233892160985343 0 0.162193813996448 0.249246832181612 0.327645841928684 0.720733719035656 0.275337929513851 0.562241857316137 0.435811021463956 0.388361182497853 0.133519182840189 0.283769843637496 0.187716177500814 0.149920725020136 0.171471847006753 0.127504149714001 0.120577852256615 0.385420385210062 0.0629970847436786 0.0200222915958528 0.140111856741240 0.0825293927597584 0.254040562849532 0.463622755506924 0.303770360386402 0.392115730465924 0.145375650192546 0.0712111115042914 0.0349421542189926 0.687384962171735 0.287149960657650 0.0175682278730513 0.265282422993442 0.127590839833783 0.068031628693243 0.673071059646904 0.628919823006967 0.51711869878494 0.619123627879784 0.65068659633658 0.53774024406613 0.0383588272204692 0.234307234965283 0.0100785733656862 0.264036486923394 0.165108672803407 0.00445995890330569 0.173426032847831 0.0296755172515444 0.186061730205085 0.401939780058429 0.245259777207144 0.285659823858679 0.217032477978309 0.192463881581935 0.186582198088493 0.157771143848439 0.196534047051393 0.117916451820285 0.0674185191511938 0.0151294263733135 0.057593112125908 0.304331340338547 0.0154903023198136 0.0360379404751308 0.461539555981546 0.427735146969139 0.342884424672283 0.504447472166396 0.120230695527628 0.0132769247908939 0.0548865004028943 0.386518729744312 0.100495901322270 0.0320511712357849 0.105655037046675 0.337205300667850 0.120905501765770 0.0536874516184556 0.227607785380293 0.0937951549328357 0.298504964486947 0.128960465103476 0.233196752303041 0.0478753948262082 0.181926950827729 0.0415342616316007 0.0765901514406914 0.121314018805479 0.146299486988626 0.399492114790008 0.496749202628134 0.363138784629799 0.135888785603416 0.145600633368721 0.240895512845626 0.201620953301455 0.502866645594251 0.219688248505009 0.358952270937372
0.549803161117017 0.162193813996448 0 0.717438608339361 0.086407956549962 0.183412911787261 0.703182424908167 0.110303346649050 0.196492170140788 0.227526971970039 0.233609135455454 0.441711490065669 0.519588174151692 0.490565587566451 0.729784884953949 0.59619823974989 0.244452020206205 0.409968688757382 0.519673700851412 0.668001728592674 0.441599303835618 0.439501358123373 0.677424623267685 0.126114413730008 0.246121168187277 0.398482874387584 0.597212517018454 0.626518618795772 0.561538409618105 0.216452176208287 0.548358750251848 0.530558691197132 0.507358918945628 0.385134666506657 0.360309194572362 0.226711916983430 0.356143890148996 0.478970638347258 0.147493527312003 0.248248577694472 0.399911253232161 0.58430408873988 0.443738968917056 0.638843612905427 0.218310279441311 0.599185923986191 0.658603387582278 0.270093745380396 0.070740958277818 0.731091999704633 0.356464181273087 0.180076859621014 0.258706427016363 0.253587355412423 0.384992903466782 0.333128186301583 0.270615927570317 0.656319494514939 0.56573201694838 0.0326305655262895 0.337468426520679 0.452212021548564 0.497187722466752 0.398243267693838 0.48979603815408 0.541690290294105 0.0590685271687235 0.33953560985223 0.386875434395263 0.581098848815056 0.606991744470019 0.612168651324548 0.241174936187510 0.55307217591824 0.515741320857623 0.533593256593214 0.338443814157064 0.325079464471519 0.0973465871996807 0.344923763561106 0.327248970152945 0.23468587288329 0.103171629322167 0.244631535895378 0.466338911372368 0.387023221988526 0.453115001216862 0.369863202446895 0.218421475465342 0.228442146847108 0.401899834960717 0.201812276259008 0.241642216489555 0.569974929698919 0.431805965911525 0.368525659634528 0.344735643711157 0.540413128199633 0.303198508949548 0.334427042880188
0.648683377926279 0.249246832181612 0.717438608339361 0 0.435541748435194 0.366083436754256 0.600302140181195 0.224482903717277 0.277953698253853 0.264326026913968 0.442296701173461 0.501095675233407 0.563601928083367 0.546502980526998 0.467171929043341 0.493511100698504 0.340329362704400 0.447922880006353 0.581162590665537 0.579341296814529 0.37126330581762 0.270794421753894 0.486406438877245 0.186777475644965 0.449942151545854 0.405326082711448 0.572094385162705 0.407614759335809 0.343403002479920 0.42193484071662 0.566922875444767 0.363959702168259 0.446816353189458 0.217476986195440 0.216336002108603 0.381175507804898 0.445133872746084 0.439014322191481 0.158186292503892 0.299145167790504 0.344693949999854 0.362383183312608 0.291126662590458 0.589948674405305 0.0596094168105577 0.543568472916112 0.551940821392457 0.390560277240248 0.0474613191468874 0.486969581581852 0.263816660900364 0.172288292743269 0.273373180874252 0.336781558321787 0.270822063737092 0.264201123270670 0.345510102009603 0.42707586021586 0.336324778007817 0.00896172513381202 0.298413912034705 0.441549810986123 0.389599679688717 0.172486104119033 0.213487238211952 0.498015374671165 0.206253513899731 0.51687069904349 0.387760510774245 0.517884706661952 0.416149205736531 0.438306156310498 0.127578159363687 0.461744291038976 0.320121364735466 0.33648169799675 0.156310992981755 0.169675991812162 0.0836975558429793 0.292149030066509 0.125087489906147 0.0778228054495054 0.14313426421666 0.125801700758720 0.264413597310196 0.235125890340747 0.459604985479635 0.459688310936149 0.248917346146398 0.31511715555874 0.480196320624210 0.30315007729237 0.355192446606502 0.56010122514879 0.426858115768662 0.350155362467774 0.433844501678001 0.545038974778326 0.276319059329557 0.342710345126614
0.416612930364721 0.327645841928684 0.086407956549962 0.435541748435194 0 0.431921307673527 0.210555863670942 0.323140010730339 0.180354368273385 0.477404783447427 0.498071610852377 0.418641182786943 0.320632047544511 0.248976867381786 0.0951265066235228 0.0532169130875183 0.103385669240539 0.249708425932647 0.226745815810729 0.160798663930782 0.0158297477664338 0.135158342704309 0.0470844390910815 0.223887861183135 0.503550134997251 0.216731823639656 0.174005415237280 0.00328154371856412 0.0240391594364941 0.722921738175976 0.176383719923485 0.156805649507745 0.216947017608849 0.0776515196750749 0.159968381383103 0.315147560808459 0.258683361684479 0.19639088180592 0.222660401588692 0.189320374365712 0.0221869092555123 0.0413147812460668 0.037490395408184 0.222060571198601 0.00200912586984602 0.342379242887614 0.119538902714792 0.408937512755119 0.0539307832711128 0.134939432259947 0.108147651912489 0.0138417299846730 0.146132527989134 0.0632219027771206 0.0473847039533073 0.256840266710839 0.267098416748713 0.105918863223031 0.0318153143480213 0.303240667310336 0.0528060636286286 0.0474320470363247 0.0202497388102105 0.150819130958690 0.0211463866495646 0.185889034699707 0.234195046232895 0.424811065897993 0.150744401937654 0.0670715546871438 0.0704236608869957 0.0370777344240306 0.296235688658259 0.0633631998411106 0.0816673998914831 0.0441201378236608 0.0384927438395105 0.0985570200643555 0.109731124506395 0.0672087337191115 0.154162666451497 0.0192424573465152 0.131069818886042 0.0168083411724722 0.0376577936145878 0.00250129437507295 0.079284734304045 0.148916943745523 0.0206660061145257 0.0156408089902322 0.187496354913418 0.296634547313591 0.131854909299083 0.100445506631738 0.0962826166789925 0.086505866411883 0.097044490021332 0.266211240920731 0.117224648137752 0.0272304998237593
0.220211090834801 0.720733719035656 0.183412911787261 0.366083436754256 0.431921307673527 0 0.249620286900975 0.433616222457692 0.373200320298426 0.275290026605433 0.0564523985396161 0.457602596044579 0.314844987731282 0.264000873141222 0.254541205670535 0.0355466538605225 0.364218691914363 0.364523245207028 0.0384110244359510 0.0185518466636587 0.208873818267255 0.0439882564717221 0.115524349123970 0.372765939317419 0.22964874791853 0.176791468621790 0.0208405064660868 0.105362205808202 0.0110276365113420 0.60505185577665 0.248904503115825 0.042017508848116 0.218218536951421 0.0527332136063099 0.0292754794403974 0.673561367796027 0.556727378751438 0.495783597306416 0.42946735422698 0.440626127139262 0.470628346670311 0.0603668879325035 0.203193915947159 0.00935417439460263 0.112957713070778 0.146226517231613 0.0348050917905989 0.333489648611601 0.302027028457578 0.158863845867633 0.471891727023804 0.272804270100794 0.480108082812621 0.259150061679956 0.178608367148887 0.215954982124179 0.170250453032559 0.159356456797049 0.0437688389881624 0.0235904165849047 0.132033735094967 0.00252691662165983 0.239336843663639 0.0490705611427423 0.156375237174111 0.333310380708943 0.223176203045546 0.173154851660542 0.271344965779183 0.00412190579608431 0.0304437940876626 0.0245011092712206 0.384983475668782 0.0821909431868358 0.0667291916905341 0.0818210420239038 0.262036372169296 0.203494297320490 0.109764106570772 0.252711985196611 0.184942225755679 0.315613743209275 0.106556731356978 0.239554221897561 0.107939953557856 0.125422185857089 0.0387509684094864 0.00170030613747487 0.0493637535085208 0.188980980240813 0.228560923835292 0.409429782641735 0.206274551644309 0.162154969363204 0.23538913425087 0.128499282154052 0.209337594634383 0.406620716559271 0.00554457258833058 0.143205425627929
0.436243217342519 0.275337929513851 0.703182424908167 0.600302140181195 0.210555863670942 0.249620286900975 0 0.330124327150202 0.345578183656077 0.316260771037460 0.489372334685228 0.477067250402206 0.4949302507881 0.392092608842566 0.682370145649122 0.297381206389961 0.24391825998791 0.506304921755857 0.602134456179216 0.404072928496503 0.0898081898368568 0.558799972276047 0.80568094392945 0.273167402280726 0.389968201192819 0.438487522735532 0.569471268670129 0.502482880802231 0.602722777197866 0.389476176383298 0.553628981684151 0.570545141290425 0.40425888009058 0.266988607603685 0.356210285522109 0.147707614056658 0.692691304666423 0.583103809243385 0.309659766226090 0.543282748269208 0.506078651983585 0.562429446059266 0.240452628026858 0.473161332562321 0.140325581023137 0.421971439703736 0.300376286361008 0.202882270394350 0.118158497287279 0.830674918661128 0.476651808586765 0.436198340016569 0.373364704944159 0.307541103755208 0.394856785407719 0.359424839797957 0.422952023527271 0.801184599851349 0.276887108633812 0.00110251950705182 0.347619693526863 0.335450378541714 0.255954089861865 0.140860381231360 0.536897389334596 0.645912926950408 0.147258404956285 0.255191740794036 0.375913784815112 0.526601079914267 0.538618255659366 0.679187828349059 0.177875955928642 0.566642151294404 0.556572942902552 0.4434445167958 0.0978635622670622 0.234307416265244 0.0778394564608388 0.591478346415897 0.328460601098039 0.271968023348556 0.457269895588787 0.485925489933207 0.554897615321135 0.223091490396882 0.369319715458975 0.260348660562159 0.0861041683823138 0.134614309402160 0.397658585475095 0.149700244879516 0.142309696323459 0.515141263487119 0.328504273624162 0.271010665760547 0.29492880781006 0.555522971803489 0.195594875101793 0.257282336538996
0.0304542557367863 0.562241857316137 0.110303346649050 0.224482903717277 0.323140010730339 0.433616222457692 0.330124327150202 0 0.724500128255466 0.646625946793232 0.475657589202538 0.403753885552158 0.187593993906903 0.213097846667529 0.0276957351121042 0.319989993228203 0.0122804385005721 0.312796254473135 0.161830447015854 0.148958651651620 0.0168781893983496 0.04587764369334 0.27015972095198 0.376993036923159 0.321988651163640 0.346782940933178 0.0627935221063858 0.32435955366708 0.134289063072343 0.435965607389141 0.326059484718052 0.0189253449294416 0.243652269429121 0.183559984036489 0.0852691207600536 0.342698662504479 0.573170822455645 0.373760387579175 0.534665191309083 0.700424825341465 0.512932052032998 0.0419182493143555 0.151314245017706 0.142786416716342 0.0737164424970404 0.115603763698382 0.176506985818445 0.0150290703326041 0.260055060614478 0.166893148580292 0.453007611242939 0.430052382739828 0.271282917195339 0.592061843172557 0.485525810423986 0.401641811868636 0.377565764380085 0.0851035184960978 0.273187313481501 0.275774262926512 0.103551930057762 0.182652942479565 0.465022300107678 0.0855387725529681 0.0101356324202984 0.318539258702694 0.251714450997686 0.198750065141435 0.366002389325552 0.061741922363472 0.20383870905805 0.192938948136176 0.164249229609538 0.148756472563619 0.00952016059890095 0.209285136654202 0.227660989650454 0.136615535339856 0.0978760908718508 0.242367962540202 0.130877852235214 0.219695538700768 0.186209317538926 0.149831711732680 0.106038985624898 0.251348761306463 0.0336329844083108 0.0459276347281282 0.164131730160895 0.00285523217791028 0.305057006604623 0.381259055918771 0.321160549608375 0.119767128673055 0.189965471015780 0.294451766990501 0.328185281946942 0.415731091578586 0.112910096908075 0.291359669308164
0.00793971535577066 0.435811021463956 0.196492170140788 0.277953698253853 0.180354368273385 0.373200320298426 0.345578183656077 0.724500128255466 0 0.420331940670798 0.469850781387578 0.512505447695772 0.0987334400159924 0.128213053363307 0.199777572798416 0.264140433877198 0.0800325374117014 0.448647015320541 0.252659178572888 0.172198985199274 0.0779130830119114 0.116732665448598 0.296259732465644 0.268375677911004 0.194427095809947 0.269726750539369 0.041092024120629 0.141930861443895 0.0090610194368725 0.332250934686681 0.316983558058786 0.0687310765889619 0.203561697871468 0.0430208224775293 0.0136156062926245 0.218505531996372 0.552381826611342 0.488323393843287 0.32992648423839 0.67947706218992 0.741586958080348 0.0638831443996327 0.231351191308627 0.0579961309007334 0.182848961981348 0.131844662927044 0.0708913937586067 0.0128434746004793 0.0909516412970146 0.243025701351115 0.503163728633242 0.606981394772278 0.232052431889795 0.754430374098755 0.698349997327013 0.346061020081451 0.399310086962186 0.116577219571618 0.201530560033442 0.119527994231157 0.0442344592598415 0.100256119148417 0.430429362203442 0.184743241581184 0.0615578786107088 0.225061841746043 0.128840888727419 0.101031567319231 0.280358652487907 0.0415339219151766 0.0904953149336407 0.0137984879037967 0.233396176873791 0.243141333173193 0.0959560965412694 0.204445710149934 0.261844414145725 0.198274366124104 0.193816296554665 0.297297120990987 0.0800400964369596 0.383418710117853 0.241365031782204 0.243659003834240 0.0484885022265638 0.287936896038539 0.00943103119958018 0.0244664784216139 0.212855368763690 0.119412953920677 0.235971081542174 0.354850998520975 0.331489455032987 0.223702852257355 0.223163978968448 0.413470550549114 0.427815756065082 0.444715426626935 0.199232457333594 0.391844149638125
0.28135546927191 0.388361182497853 0.227526971970039 0.264326026913968 0.477404783447427 0.275290026605433 0.316260771037460 0.646625946793232 0.420331940670798 0 0.654951114214328 0.483912376561562 0.43617642622025 0.314409856972999 0.0660411506101553 0.120005138150994 0.101556622518905 0.311907213399134 0.31221845549572 0.166514931911923 0.103768452549485 0.231848159869091 0.286673190456930 0.391091336561947 0.451237647291147 0.479758653906474 0.190089302392239 0.00565607270613595 0.140253827421363 0.488238988371669 0.43220888536694 0.195801539598619 0.420006135134401 0.316316776204055 0.216909436581294 0.223971094185728 0.315647930565861 0.251461337423207 0.428294477480326 0.384293409443481 0.153608352575195 0.195055519270615 0.0649557113382234 0.141283891006877 0.00149022635939069 0.409973898811104 0.0223986426891129 0.0331525341349423 0.318808445482907 0.319416803694768 0.298555226365691 0.0305118474261252 0.165145488388383 0.280315320607650 0.306155073668153 0.539904326251034 0.464474744419334 0.259510930966062 0.0203908024180078 0.44723342876847 0.136115771543741 0.0624151588312915 0.120027206101286 0.0678533639349207 0.19550457173244 0.419755001745352 0.362569268890907 0.426810702671459 0.466241002559237 0.110667730747522 0.155476699533578 0.115745533896798 0.160525918210645 0.137553397698226 0.177338908776884 0.268213918007977 0.163194216816210 0.00533605400250912 0.000716555650223478 0.109869023311377 0.137854030434765 0.00369295920311251 0.0840587812504452 0.0648650297409258 0.115561794887689 0.016224389368028 0.130139330437588 0.0767242930143426 0.174729251316173 0.0380506152758925 0.423924458410361 0.352991595961487 0.208981046799293 0.129464348230825 0.0546270286651944 0.172455277200260 0.144369361840378 0.381975480193957 0.143540446762745 0.118274178463504
0.25329971521785 0.133519182840189 0.233609135455454 0.442296701173461 0.498071610852377 0.0564523985396161 0.489372334685228 0.475657589202538 0.469850781387578 0.654951114214328 0 0.522208860529707 0.460706606614911 0.296969868775518 0.153929664612596 0.00976136009425116 0.0756643364644279 0.446347319820747 0.65959684107509 0.172690032272561 0.207414669307751 0.237465305099079 0.338315615240452 0.243826056782083 0.504541676881763 0.357805191817745 0.316398634840456 0.0893059128569089 0.163996670975234 0.396399928387652 0.428809353381863 0.239098202952185 0.314443656784973 0.166553872213765 0.0813508827957577 0.0689974931344236 0.401825668040393 0.207193232028876 0.189803058680767 0.382107453084984 0.14362573007617 0.206111874333851 0.0358761383448869 0.249587891017827 0.141867649335579 0.328011945220956 0.000810485127677372 0.0650205001906459 0.429590595591053 0.301677625364720 0.230865030860024 0.206431879468444 0.152070890683428 0.405377230262005 0.352886999480011 0.449408238126431 0.61738419076973 0.333236194156038 0.0311836195027198 0.259626197566053 0.0233369401098837 0.133163876692041 0.0235917027695155 0.130252977362942 0.177558139609311 0.302402273382438 0.281065088852681 0.366806847680917 0.279852204505609 0.233893344343228 0.169813767620166 0.243474448666338 0.0810167526146589 0.273550267540979 0.215198801973754 0.222604945146367 0.145091864762589 0.023354347298149 0.0122671574593836 0.207341191753797 0.161817781640311 0.0152640857331022 0.226118321822889 0.0968949995625388 0.174569503283546 0.124303215917939 0.240455817322735 0.144383211021051 0.0174333779102803 0.0824019985482877 0.266849234347416 0.145320324976759 0.118694149644485 0.277890589870366 0.136740505663643 0.108516046866754 0.131868419703849 0.277865527319798 0.063164826045609 0.099155423802008
0.31544793053529 0.283769843637496 0.441711490065669 0.501095675233407 0.418641182786943 0.457602596044579 0.477067250402206 0.403753885552158 0.512505447695772 0.483912376561562 0.522208860529707 0 0.580683349430365 0.583732194317184 0.385089771770446 0.203440296105219 0.47770204261853 0.61196109606424 0.568520951583335 0.359064607821923 0.282289947668823 0.107656444187459 0.396082609881144 0.203024591650262 0.275320967391889 0.359761305276246 0.263608133792182 0.199175931155097 0.202515270750716 0.438900922789511 0.432594025057358 0.097874880554555 0.445821428931508 0.0286950921965143 0.0352196695470973 0.318259239665784 0.427649474536738 0.52162304707982 0.150939488571250 0.326557383166421 0.354515152402986 0.0860628498095634 0.099123518537123 0.273858264690521 0.0267234584501441 0.394230783939813 0.234582111439516 0.381934107662465 0.123602403801503 0.399210247744509 0.394232436137023 0.273210555922504 0.438400066819331 0.463414110354897 0.605144072477151 0.563396509288353 0.630777511441217 0.331857145012216 0.227098412560647 0.150391938012106 0.383827502785738 0.339623241258450 0.137334028135611 0.43933812318492 0.0175763787138662 0.322392305678201 0.0299945187293568 0.216714050265473 0.310222364700757 0.199239709584033 0.273303381410776 0.258888062712579 0.294601827746375 0.394893779404565 0.0983277296036168 0.379628820409737 0.174088126540947 0.00846342563277424 0.253990589796261 0.239351093370232 0.225574678930053 0.184271372656754 0.0671092481351024 0.0707599375428874 0.0833222213548418 0.095356388845563 0.201206558926767 0.109116726146353 0.0140502107027272 0.0654613765931854 0.176263089052107 0.197974370456126 0.124230257210277 0.351754697675497 0.219599866930154 0.191018608431645 0.291817788427887 0.406511649792783 0.0855548660116514 0.125615192917006
0.601373249268621 0.187716177500814 0.519588174151692 0.563601928083367 0.320632047544511 0.314844987731282 0.4949302507881 0.187593993906903 0.0987334400159924 0.43617642622025 0.460706606614911 0.580683349430365 0 0.694540387782673 0.426335164801445 0.520403781688619 0.351839753057209 0.427795025045767 0.641800545723082 0.644280980678621 0.404026573084472 0.280540308107577 0.362138066237262 0.337718970551897 0.458543107058875 0.39795225015548 0.557618727067173 0.401067241380162 0.373138449943000 0.431813754622793 0.688442315801552 0.31529583139114 0.729231087941474 0.213957320446823 0.181812682186433 0.218011168047628 0.249529050138824 0.305635420455322 0.353574707005516 0.197120202441444 0.0805723617026135 0.280742914142044 0.137903344331754 0.439826813395962 0.243802715020159 0.440269629264443 0.277956280521091 0.136730239673031 0.247102820931726 0.365996596414938 0.161332657261900 0.0736452258563058 0.355771311034421 0.197387463484919 0.137952665426395 0.359433099923564 0.407635887933729 0.427362557934543 0.38358610079386 0.173169390646977 0.240726820409321 0.414874238630017 0.345687150398790 0.138895239479287 0.139406604387813 0.509887577156782 0.32756610232171 0.418784803432853 0.332367504743630 0.495460127332234 0.507586374260077 0.433038261324999 0.0726768454178823 0.437616334550413 0.176083093654303 0.472178236352093 0.52503472970271 0.116154033325925 0.0617020238267919 0.107417835966685 0.192252181650737 0.154248121255846 0.104523303600038 0.0740713864929211 0.190539415785683 0.117677386168554 0.500147070174517 0.407111204566279 0.00484512915406629 0.0218530765023152 0.534048568344520 0.208023234584379 0.134588902565992 0.526044668353136 0.380679196320451 0.0271647062999330 0.132680906945903 0.422644097613622 0.0535006388593528 0.107282797507414
0.493768527060118 0.149920725020136 0.490565587566451 0.546502980526998 0.248976867381786 0.264000873141222 0.392092608842566 0.213097846667529 0.128213053363307 0.314409856972999 0.296969868775518 0.583732194317184 0.694540387782673 0 0.383431152591368 0.530493205566288 0.442825460684321 0.221655083064251 0.406086160433092 0.597028212524285 0.600799895396308 0.105345248950785 0.435101461461336 0.138628072726463 0.299570574114855 0.452833784048546 0.437710648541259 0.293938225535486 0.193939439892862 0.241305448043113 0.491698604813501 0.156564224801582 0.540842341350593 0.216664428239068 0.100300952370474 0.16886466809888 0.126685757923993 0.322962828838715 0.271498819521389 0.151497209209622 0.0794803627877673 0.100624344397233 0.134454916831379 0.275860654840063 0.173259481742021 0.359060036601947 0.229353189538081 0.24096107155085 0.0364823219208071 0.188619802917486 0.0655388682287262 0.054546771518453 0.27854827284688 0.302003192213111 0.181414290279315 0.250553490153810 0.328697545774355 0.223684836520048 0.417532045818414 0.0246822475275802 0.276515460530809 0.370669322136122 0.372708106777062 0.333766273457532 0.00545386235026889 0.425528670125611 0.217277038492032 0.369819046596821 0.399928898801609 0.389650041162774 0.320803508054213 0.258004664534507 0.0420898983932103 0.4142473158922 0.0858602698712298 0.391599082043749 0.415820729218297 0.136903914045056 0.0398058704380903 0.0489853698311275 0.149228111130814 0.134916368580375 0.188259648046805 0.216779405994447 0.0605697023545323 0.110405688788884 0.455841969766138 0.450202459396301 0.153552400637625 0.127219438677554 0.404799071095976 0.221064832271230 0.241928446847137 0.473078515438949 0.368309290665521 0.16737707836599 0.189635485497615 0.392935034364055 0.166037745951647 0.176962056666446
0.345145008690425 0.171471847006753 0.729784884953949 0.467171929043341 0.0951265066235228 0.254541205670535 0.682370145649122 0.0276957351121042 0.199777572798416 0.0660411506101553 0.153929664612596 0.385089771770446 0.426335164801445 0.383431152591368 0 0.621875135756362 0.433057221769325 0.414930546254282 0.449607896458114 0.474790567218441 0.271514574467739 0.409267610192881 0.60218168258776 0.187336529900716 0.0465904442460743 0.249537596541996 0.483525019712653 0.549198193129252 0.551742061657821 0.121118495874663 0.388959475207586 0.408551824436845 0.385031004865086 0.195390832599952 0.216878437984079 0.23780589274343 0.458169780835227 0.547636285363775 0.154425231586235 0.276496420888222 0.449367718660801 0.47833631151819 0.258144797863083 0.433931083635564 0.122891309266735 0.289269191132561 0.35777082737507 0.128257463421156 0.112453936631205 0.611618640321037 0.388155774865063 0.256815813534657 0.310889109231656 0.174005362161064 0.285142620854166 0.158376087179278 0.127530190042096 0.725652250758214 0.597448628267261 0.389819348856078 0.498182816043073 0.389910119263308 0.361403604507425 0.188393988042710 0.382291969633476 0.453817989354116 0.0261498885565875 0.0397931757011337 0.209249291228203 0.463783737343997 0.567893501065957 0.621836496560485 0.133958762073878 0.439446631594723 0.388764496947684 0.410641574857239 0.187829077433918 0.240654813972803 0.0453184779255698 0.382199799150426 0.557815503145605 0.256881715800516 0.132544095858898 0.450993145210205 0.468703796734874 0.232445165672003 0.306556125232954 0.190945229671568 0.038615851933592 0.0320375838698608 0.196465459592537 0.0532853992944157 0.099851496637795 0.442554248298071 0.383301236391419 0.241944225325490 0.219076273552127 0.377787121227384 0.111949546919098 0.167107649478231
0.560527313491892 0.127504149714001 0.59619823974989 0.493511100698504 0.0532169130875183 0.0355466538605225 0.297381206389961 0.319989993228203 0.264140433877198 0.120005138150994 0.00976136009425116 0.203440296105219 0.520403781688619 0.530493205566288 0.621875135756362 0 0.440835420271858 0.189711650495057 0.394115623215017 0.814183954801462 0.597466644349863 0.23519718463644 0.281827159969583 0.0178943408492133 0.0555067365215405 0.166038658009105 0.55193403541732 0.626207828440893 0.430414403974371 0.0421377255474374 0.383470101256469 0.279906429175383 0.428514025968228 0.161919067055809 0.150449296588236 0.0709079989924105 0.0698538908619635 0.114745768007127 0.0161789496696424 0.206612689598344 0.0865829253656175 0.337464696657738 0.382194493113318 0.606906635167468 0.135132548953985 0.33582779937287 0.577415947601822 0.205261168965991 0.09222530749396 0.266438703968878 0.146145846282849 0.226804261071051 0.0388277444124546 0.0988531092462678 0.096628624551 0.00716073566088774 0.0318069833407024 0.426364831329183 0.805172380380775 0.379159853334468 0.491658469473854 0.610524399834809 0.780399989188109 0.160854753694767 0.148197117848251 0.252914239909254 0.0972420796038233 0.199464830692370 0.071728847668283 0.516842948193413 0.570129091744596 0.473760128543409 0.0841836303186874 0.32241666660027 0.185591256814622 0.301415242576194 0.50395787388518 0.341281621976161 0.0887095338654881 0.00894944569294058 0.351670939051418 0.237174801961815 0.249518938126051 0.0366878750070946 0.259343308909861 0.351760385745069 0.467276389988221 0.434956026214825 0.112027353521337 0.192690464636072 0.229003907435831 0.0197153241697400 0.137526729477936 0.453463848351097 0.406253589823412 0.11121752262321 0.127073813368303 0.178029883828243 0.176579218293600 0.142636927313568
0.381739627205174 0.120577852256615 0.244452020206205 0.340329362704400 0.103385669240539 0.364218691914363 0.24391825998791 0.0122804385005721 0.0800325374117014 0.101556622518905 0.0756643364644279 0.47770204261853 0.351839753057209 0.442825460684321 0.433057221769325 0.440835420271858 0 0.535915860587688 0.335361283205328 0.294698499396945 0.279645401221018 0.0156591305773953 0.194799760266789 0.107315056736915 0.00264947160649292 0.126624749096463 0.298880449351597 0.171837578782757 0.133161454503998 0.121265217986893 0.202086607915665 0.0481618641660299 0.216960627848106 0.0195722934784373 0.0471452698406794 0.380893978036271 0.167174456947105 0.417094374824543 0.0194754901183347 0.0435921702579019 0.194135290178057 0.0309001068991215 0.101840263927234 0.207432491190153 0.091209297828541 0.0672678299963589 0.203605687145757 0.424036571351453 0.377409581212811 0.119126369081347 0.183129166604957 0.0499061564228164 0.314891975290159 0.0917537074913216 0.184152068595813 0.0646536951242128 0.180817554948883 0.168415445570189 0.243461050301376 0.311766496109800 0.703368710169407 0.640358449061381 0.264369737326300 0.114910208164179 0.111168447614404 0.128701002982170 0.104086100894080 0.00914310408686556 0.0661403612769118 0.357470683387559 0.145815680261787 0.187513905074423 0.0147031627450605 0.256790148888926 0.0319523571495867 0.125200717183224 0.0421340648296218 0.0739611993399092 0.00688304193591775 0.0650454618364171 0.361464388270924 0.0537669050548399 0.082567171667839 0.133151275489645 0.095208136589484 0.088381643883643 0.0734937124073527 0.0676195304697805 0.133323201683683 0.0809103612995258 0.0520432419857058 0.0574119199551886 0.0552540240039223 0.184915905313808 0.144987925085791 0.0133237112093557 0.0877571164073534 0.109189427537458 0.136639480645124 0.0227516834298652
0.403228837553048 0.385420385210062 0.409968688757382 0.447922880006353 0.249708425932647 0.364523245207028 0.506304921755857 0.312796254473135 0.448647015320541 0.311907213399134 0.446347319820747 0.61196109606424 0.427795025045767 0.221655083064251 0.414930546254282 0.189711650495057 0.535915860587688 0 0.678794637727383 0.340734279927685 0.104884430646716 0.293236181574275 0.310946886646759 0.295964111569120 0.211742704724901 0.246454568546882 0.429104024127588 0.341300844322008 0.329456377100759 0.434309641829275 0.425376417079754 0.260049259208413 0.39099486971025 0.208666250290659 0.116232798151910 0.363607127095924 0.452407883723299 0.5405372531029 0.119482672590607 0.365267293539647 0.461738397133988 0.356787156415834 0.0257294308597149 0.388276406151903 0.0451456006784383 0.276917831194537 0.354944328356569 0.397156981407459 0.0923751665849169 0.442671922484014 0.362179658918817 0.209931521431774 0.380626254300412 0.33975602241498 0.494055559671528 0.489035401504983 0.503536465967523 0.375271806966585 0.0927515267723965 0.0834076479925158 0.508915258360013 0.599461566095775 0.174033859961098 0.156038004568101 0.262995595887063 0.275787973386006 0.0995751417034326 0.198425917550099 0.209205933117795 0.435731088708303 0.344873287484051 0.348853942413869 0.221491431321263 0.447919022246629 0.260071717044908 0.33646433460986 0.0088580394976644 0.222196546695359 0.198717676980671 0.208851260388535 0.301644442449055 0.183517947725683 0.104421045239728 0.230812655040972 0.313976003726155 0.00936629024756828 0.0903019441834217 0.0327861638710928 0.102207761359844 0.0751456985695329 0.209115242556456 0.136739611835277 0.178081200424007 0.298164271946624 0.204405313420673 0.180519923657411 0.255886193458098 0.441386601731921 0.0707611233931522 0.309547761827573
0.439526261897298 0.0629970847436786 0.519673700851412 0.581162590665537 0.226745815810729 0.0384110244359510 0.602134456179216 0.161830447015854 0.252659178572888 0.31221845549572 0.65959684107509 0.568520951583335 0.641800545723082 0.406086160433092 0.449607896458114 0.394115623215017 0.335361283205328 0.678794637727383 0 0.593465509016346 0.149238786609226 0.362219312861222 0.427039014463225 0.221911653914052 0.355932776121313 0.249696640862744 0.576144775979786 0.558161866585117 0.490420619750782 0.236504196834912 0.547288799300062 0.362672646503646 0.495024135453369 0.202886183641008 0.0949189371602802 0.0483612057726349 0.394703509575085 0.301519633868413 0.0607101872004305 0.244672679560310 0.205169488446371 0.466306038015452 0.189572373111614 0.528551511542589 0.137089118231543 0.352810482683813 0.325218186178241 0.156037222129904 0.207168139942811 0.472485259197608 0.206254804838920 0.162779226922486 0.276750053105809 0.324407950548046 0.372537107643595 0.438657673460146 0.586302746466303 0.48820705681677 0.262670437094719 0.0914471500455028 0.346882466634046 0.585447346296484 0.400259931561128 0.218309790191882 0.330007169298772 0.348473222067725 0.138732071760973 0.247704726942974 0.186318420035967 0.519196357765902 0.52983969894373 0.563067788134263 0.0816194582610096 0.542970663303508 0.308980144381034 0.379662827591261 0.310300059485984 0.292926466962342 0.0350487816494404 0.271984006655818 0.266564841455789 0.0072026885554123 0.154059586191971 0.17308787383976 0.431597981060373 0.135273503556302 0.434475186271192 0.27860071685247 0.00640412281949583 0.136820263588301 0.315957990414278 0.154438962920175 0.160187560374493 0.538060018338133 0.339081364659305 0.213915972784359 0.306796458853288 0.415193807471196 0.104688512135281 0.280512989787130
0.687349515410548 0.0200222915958528 0.668001728592674 0.579341296814529 0.160798663930782 0.0185518466636587 0.404072928496503 0.148958651651620 0.172198985199274 0.166514931911923 0.172690032272561 0.359064607821923 0.644280980678621 0.597028212524285 0.474790567218441 0.814183954801462 0.294698499396945 0.340734279927685 0.593465509016346 0 0.659040099102515 0.406775778883176 0.366103354478978 0.185180790375374 0.229499686604675 0.242512829390468 0.636977007741777 0.7847190310572 0.569206843593606 0.159175880008931 0.546568244459145 0.447249482175263 0.577343617380696 0.321982180945697 0.335431164937921 0.0795310921536834 0.0275416283583553 0.127959654959867 0.0471918258696316 0.123387776305907 0.085516375210962 0.501385796694368 0.524499714564484 0.68282224801556 0.216195649386113 0.457232494513595 0.62105562182659 0.246985592186557 0.0783952688489327 0.404018808440200 0.134937149395395 0.252307218753823 0.0899683994845636 0.0388405910687130 0.0124138971506261 0.16064677978099 0.151720004694257 0.46907121010142 0.687255740290442 0.0229599081379683 0.328231419199206 0.580351876679748 0.80653988580238 0.289679536041184 0.316599633726401 0.396122977027599 0.227212577711180 0.327019496922952 0.177752212356762 0.556404442044838 0.742964133447694 0.601810177569561 0.0613995466610394 0.44272732515496 0.356074336312606 0.369086948567394 0.506572200879606 0.384662081244584 0.0647082230898862 0.0192474016344994 0.290409490830622 0.290210560440790 0.216885802537974 0.134962029362275 0.383832348972393 0.533749743975788 0.558878814321279 0.49268042573831 0.124761801542524 0.189192584675280 0.398624264253734 0.179508035546063 0.218759698448329 0.56358873110657 0.415897941119357 0.199159085931482 0.239772869782531 0.376798595573341 0.235547064071893 0.227659926825229
0.517086578672748 0.140111856741240 0.441599303835618 0.37126330581762 0.0158297477664338 0.208873818267255 0.0898081898368568 0.0168781893983496 0.0779130830119114 0.103768452549485 0.207414669307751 0.282289947668823 0.404026573084472 0.600799895396308 0.271514574467739 0.597466644349863 0.279645401221018 0.104884430646716 0.149238786609226 0.659040099102515 0 0.0411717498402554 0.281509206090185 0.0997376240664094 0.146573622867417 0.347867768746896 0.373774053866268 0.395348102433959 0.215702769579632 0.074375452711407 0.418954277014699 0.149651829900868 0.455038358744554 0.186784199660837 0.161699103236943 0.172944055711773 0.114771454348622 0.190539754723727 0.20512431622772 0.0676106856000596 0.0545929915701481 0.119076338919674 0.395455394789531 0.387867954613570 0.0848663381086942 0.372066402139154 0.443928574502481 0.290679053813807 0.199746250674518 0.163541292502789 0.0114024198421696 0.225543071298061 0.128254777156802 0.0512058878964337 0.0674352690127704 0.0774900320628726 0.0157652067333833 0.099855078068302 0.617339957105941 0.0758275560933019 0.224409130837744 0.349786457561483 0.527629451758495 0.527380380056438 0.0300366076418103 0.393670871156766 0.225408292217951 0.340096843532728 0.385952920095976 0.380806441750185 0.366510234958122 0.195401451864925 0.07647504935561 0.333690373043143 0.129785398778684 0.307394807865872 0.30718521223847 0.191776078805792 0.0575755120653995 0.0474476936435716 0.288819434688779 0.158146686673722 0.309963165453370 0.231504850023668 0.0323140919379103 0.436705908833345 0.418504189305542 0.397740257793578 0.331316644713905 0.243819409885241 0.428071608184372 0.250184849746283 0.286761561043805 0.432535750458751 0.341808635957494 0.283949474271271 0.275089642005059 0.339266824987647 0.240010271604126 0.246820447696859
0.456647022223102 0.0825293927597584 0.439501358123373 0.270794421753894 0.135158342704309 0.0439882564717221 0.558799972276047 0.04587764369334 0.116732665448598 0.231848159869091 0.237465305099079 0.107656444187459 0.280540308107577 0.105345248950785 0.409267610192881 0.23519718463644 0.0156591305773953 0.293236181574275 0.362219312861222 0.406775778883176 0.0411717498402554 0 0.498593757868126 0.169492432130566 0.339283507976575 0.334038102854824 0.544580458282647 0.597314223965867 0.834167798040414 0.207457337016071 0.321035950796119 0.90742207314225 0.323204041909508 0.486960788726291 0.780785905677609 0.0405828258659894 0.272246380618621 0.345582351933739 0.241684249931247 0.309801514310521 0.278738936166085 0.875852030608198 0.389658857318433 0.447601225847206 0.071877524498704 0.429858958069241 0.324897402909597 0.0350568204776618 0.19016542987129 0.621610107538818 0.158511111575055 0.176845475818843 0.0128220018939110 0.0335934260657581 0.127098017106037 0.0976898873227092 0.159856867353980 0.613018111428969 0.338591989763583 0.0748343012552996 0.194710852253070 0.214309513330440 0.243957408091609 0.0540088053879083 0.831878045762176 0.423456398714484 0.170117813419550 0.248612226463192 0.275286647176983 0.524358048113137 0.51277789387205 0.751579272658889 0.000963471457872576 0.248527481952761 0.794495971837086 0.39128676869739 0.193217896609311 0.431594886804839 0.0374534932783473 0.368480914906849 0.217629733402391 0.0860330046215908 0.337727431528864 0.266120383721035 0.862575920066613 0.444149857030679 0.266738232496551 0.174037739505398 0.0753933752199868 0.00397222415889077 0.29920888058322 0.0336302800357554 0.016611238653375 0.308909313001882 0.120431711486258 0.184078398205698 0.104221605316617 0.393205922950487 0.232660005553081 0.0983883471278088
