0 0.504139597182356 0.855753828266269 0.809863169303003 0.526322821364404 0.521567943143638 0.356784928821192 0.100085644580715 0.315265381484001 0.277929245785953 0.555535690072926 0.537839976862658 0.568181131202462 0.456806177948552 0.412723667332269 0.546798052761931 0.581205223609532 0.678391002954583 0.472697799843846 0.759497955021176 0.52207857710095 0.567912547585832 0.440322691978609 0.428134503790472 0.77040996763862 0.429816732764263 0.716523046039017 0.722641889773582 0.626497449386722 0.656343247130201 0.53893371401484 0.632623620841268 0.435114080032415 0.568369884763123 0.401672799496494 0.452933856393406 0.155247015804248 0.45754477064837 0.236231304641674 0.351749023874347 0.313423990874899 0.493003981325444 0.577071904918786 0.850295748937897 0.314835974996521 0.8407964393342 0.745367654942985 0.69232038451267 0.6205158864853 0.344247017740052 0.334427045393146 0.313854599756831 0.165033133504721 0.175748032177589 0.438113906128762 0.445853383676592 0.407572374866458 0.222243375471909 0.385362457581608 0.321543875276142 0.361047306348738 0.592852488589915 0.661239060923477 0.613441329362708 0.504182293674658 0.442789835714561 0.326102120875045 0.744740640812166 0.512122337543446 0.62014824036712 0.667830325316202 0.645774516835513 0.477155731014881 0.248962744252578 0.55692687105936 0.194394949746035 0.322305604233233 0.340069077955578 0.394938096922275 0.144672354015089 0.483219909784103 0.145336000531790 0.237953623839407 0.185922408096065 0.596662392349284 0.4235761169506 0.535727832753203 0.425331336308044 0.523989718771661 0.64327048625598 0.506774287602102 0.460406021492724 0.312480082353910 0.551571493879615 0.379462617379892 0.334032642745708 0.458083693273218 0.421576455568528 0.297634772616312 0.354087376472317
0.504139597182356 0 0.381031132455329 0.414136213123086 0.209882341388301 0.508314330312437 0.371281456203133 0.334488841296625 0.157530687188861 0.114497166247868 0.122402348219571 0.139678726090191 0.212896293268941 0.307817015148903 0.354077265288939 0.434025601446663 0.512768175956458 0.348215135175671 0.108490663415317 0.370131526975281 0.387023223709122 0.311601228554993 0.487724809264307 0.356149205402888 0.585724221303761 0.733582361981678 0.488546673548905 0.423500396280771 0.425458885336233 0.56766819831855 0.649464218316329 0.423249382600521 0.636885264481742 0.356165932832252 0.304527718762433 0.622275059117944 0.553379423149379 0.575590057797636 0.497958041212785 0.56258972970433 0.459020402957967 0.359593069726226 0.391404536997966 0.397597990391085 0.766944219052819 0.449089193174354 0.401751023662265 0.486305363720624 0.4946331615292 0.28395246868413 0.57579025680161 0.525296797244968 0.0223794261949756 0.133776619599822 0.277148597476487 0.167329996215600 0.126105244368255 0.208785511203704 0.316238080251554 0.259702573095538 0.323439552283867 0.441064625379471 0.373958653216327 0.295340961649177 0.386172296719067 0.507110655192609 0.306128856963846 0.656102085563267 0.712104315851511 0.499385315912816 0.37950049939256 0.437079031652012 0.458139920509184 0.287754702089568 0.401989109375086 0.368301811308283 0.270147926693136 0.212592334048199 0.707340341947286 0.450538289019282 0.403499181670024 0.612369832210926 0.554321135818867 0.436729277091312 0.405143436905417 0.289268609486534 0.511714893124016 0.514050180393904 0.68914879922683 0.685458928389965 0.6215697518422 0.598471087437693 0.395972230899947 0.532128367291116 0.279661269685472 0.45040549738342 0.53584769229411 0.606546297868462 0.293877049013113 0.370495300024235
0.855753828266269 0.381031132455329 0 0.822335123271789 0.623901390890476 0.519453534486806 0.445111127188713 0.184910473634063 0.486070166288017 0.413048912173436 0.713180395262953 0.684148734650947 0.495512430195161 0.381850092798488 0.409961086066658 0.482253276420958 0.455671838535315 0.752570420593818 0.649219571943708 0.763905033288409 0.502922615865709 0.571299795197438 0.481928245387738 0.463823907138446 0.799826851150395 0.420572333817389 0.710814322789263 0.717417510732768 0.557842787931254 0.666670262407237 0.509562926179090 0.599842493900066 0.397684680581321 0.534626123289241 0.42109087137479 0.450590855682442 0.227822855225806 0.510866158147896 0.200323166417486 0.419830745102195 0.363198938979402 0.506969023834251 0.570415856065915 0.682340154776523 0.229030728252337 0.808183492504901 0.655115224770064 0.607223311752986 0.614158779680742 0.430919946486242 0.329277823255542 0.416838874234688 0.265060163320186 0.354580912057385 0.563442225279503 0.502413243206188 0.518491250415757 0.305449448243546 0.389217612920947 0.293547538863424 0.269378234828504 0.483908570738348 0.656237668670027 0.650498400913257 0.521516067924929 0.435278361091701 0.426798675984419 0.647115238009493 0.432299138025671 0.606522218022477 0.65188420355299 0.552881687630207 0.311186378600499 0.259861733617214 0.535723619696179 0.0990230055943352 0.140435566740533 0.321157507069315 0.227186356378595 0.233985719045423 0.436289216825742 0.0742951402930126 0.278868605491701 0.253898966411347 0.574339222478393 0.404103755236416 0.379314936457885 0.398941117838499 0.40215978524188 0.584668812472061 0.405061374960466 0.376600186860969 0.241648723342454 0.382330978426861 0.298169307605412 0.255717071977549 0.427531417528011 0.312323159874358 0.192685540809778 0.210998659209738
0.809863169303003 0.414136213123086 0.822335123271789 0 0.693271630877755 0.661172151466501 0.413995594033862 0.254420248094079 0.422539127047364 0.394290718690941 0.647565751703837 0.640970973588176 0.61804115512351 0.467446237477567 0.410798126581453 0.511312611715246 0.596604650584885 0.796942120229216 0.625837729502572 0.737155782674068 0.413130075909065 0.544289220901173 0.450042120707294 0.426262277213711 0.74334107155031 0.341848910205402 0.669424793848085 0.65504748825557 0.460276158530556 0.597478480033123 0.489803097907804 0.584134952723136 0.478564608618438 0.511011737076121 0.377140455402778 0.508044502340273 0.263829722370512 0.452915334342503 0.331758519699428 0.432392483242468 0.334459890063793 0.476306179911523 0.443432255687767 0.65635093954645 0.314583575516755 0.78822046082321 0.734697758457224 0.698443870245306 0.6543950318985 0.387150916811712 0.418294315565593 0.449202659271714 0.252295426573566 0.375199474650563 0.435291014704618 0.422677249746943 0.406595211713097 0.237964333937215 0.331477511384058 0.342979024039098 0.309276446943621 0.603963931709554 0.668919781866901 0.564653162976384 0.500383801112411 0.437342262188519 0.424330988386875 0.633888409535211 0.355299743615009 0.538889992199151 0.569503282574796 0.479814804758072 0.425324692709912 0.301082025700947 0.504218288361462 0.215738814049896 0.215795610477091 0.247715543544647 0.264159199835312 0.278133592451872 0.484136878636028 0.146185726083861 0.342205545311684 0.239955782605394 0.524009256554117 0.297184776158355 0.369825454802999 0.342975478499303 0.363605838288291 0.576095693440734 0.392435519161141 0.352807705308039 0.119335635667682 0.418074394094852 0.235296726770965 0.239556406697047 0.494099658995465 0.357075072217517 0.272938230061685 0.185694835097191
0.526322821364404 0.209882341388301 0.623901390890476 0.693271630877755 0 0.492209240794323 0.275050195472988 0.304898286852856 0.640659092694051 0.540668142761579 0.695593978540575 0.623270657823741 0.483742474897068 0.278708614275498 0.213889742805517 0.214006979024546 0.247854172955401 0.632334404089693 0.607394106318592 0.415328965302317 0.203998264902823 0.480631657707273 0.33165134339124 0.405053932194918 0.58326418247598 0.22623791849286 0.448345312914721 0.432658597389074 0.194371672031080 0.701153303332639 0.318812933587705 0.463245272526044 0.347339955482534 0.392112921721168 0.314955553139149 0.415904975477203 0.0985946585322475 0.318959496049459 0.227570158084623 0.412891811240938 0.315166519773252 0.447040876493109 0.319863666051302 0.397167008659541 0.185950136871285 0.548096513132799 0.353687213617796 0.395106066329528 0.46795388956536 0.307487025876538 0.260542476993610 0.300372973685661 0.256121102429265 0.411159372460474 0.479396366849621 0.447593455470262 0.665963866573081 0.258255530310971 0.185967964237257 0.185173564240692 0.164263636015899 0.295271365710039 0.392266130572582 0.434004274890414 0.393117275271322 0.250032414587197 0.338974599517491 0.369213131971059 0.124827837735897 0.275575869380222 0.310420727937537 0.222464533916627 0.166403937455930 0.219503531518778 0.368103559995774 0.132585708285569 0.0809589794951883 0.215816074766471 0.0593067801401559 0.111648123285532 0.230839784480895 0.0614317889611531 0.244228727975235 0.142992619157245 0.356418255603288 0.222139963034020 0.0326607153256899 0.248132376862334 0.100328912329950 0.29825295521893 0.125033833465961 0.132269867399760 0.099322427837631 0.0307031462444693 0.0125196307404102 0.0228496840230411 0.206027092928070 0.0575459384630352 0.0530709821165769 0.0191357921977479
0.521567943143638 0.508314330312437 0.519453534486806 0.661172151466501 0.492209240794323 0 0.499289758013769 0.305906229165496 0.380312279552956 0.237331546324673 0.385578448686350 0.41595766481866 0.351540515969356 0.554280040988285 0.547561645066193 0.479010262588215 0.705758711704437 0.535452417508406 0.315591379414080 0.395310688092693 0.425630963197622 0.232543373501405 0.558314388409856 0.213722652253284 0.542549173255896 0.321169857702097 0.36101919551678 0.272576969891754 0.19588941849933 0.371836817378778 0.282068575248190 0.316392814028711 0.432264864679962 0.396624994808734 0.363185272742789 0.507036002548454 0.407430176994379 0.603336007396482 0.449950132649004 0.34212274869039 0.385561010489272 0.179896203552253 0.324700458147377 0.327203307588043 0.457479085091181 0.54004859524589 0.425295347000736 0.525205262312634 0.62618220968024 0.514058930559289 0.532701931046618 0.581604333244737 0.0563270407627406 0.291166435349224 0.384698754336818 0.155556530801787 0.162592514097320 0.341743639462370 0.494512770497003 0.517515730115457 0.554826614616979 0.55536123768374 0.447431701942356 0.466535629174484 0.365895443398741 0.516343435440855 0.251073180337304 0.461424621523217 0.337502478659802 0.326817589641379 0.220223585904673 0.252926584890712 0.227313385425299 0.158899760369433 0.369029565047592 0.145823560447654 0.0524216888019703 0.185871307458113 0.326378093131311 0.466547552296075 0.556860319721967 0.419582032064848 0.49437143459746 0.524479387943781 0.343157381104297 0.214099994553000 0.144911253066192 0.246115741309696 0.414613386017268 0.454195443438188 0.275510979787576 0.264374419903722 0.177984849485713 0.207171788165118 0.122251051472521 0.266381429591167 0.39274920683222 0.304378634040547 0.0737773557740286 0.150762038832652
0.356784928821192 0.371281456203133 0.445111127188713 0.413995594033862 0.275050195472988 0.499289758013769 0 0.631193371927443 0.581532975221832 0.345684938559464 0.489259778020174 0.456740210536874 0.386558428072136 0.504243420301462 0.787433779112766 0.689486228867953 0.454241733792525 0.312898129995943 0.280456042831187 0.480870563250121 0.620175878038074 0.409361781812211 0.757691860280874 0.145877433207225 0.418987102240032 0.347795812814618 0.341370784741535 0.326642856834116 0.502760799398494 0.263027697238159 0.468008681012571 0.529241316212193 0.325904494759119 0.456372770548092 0.630770026440913 0.354050179076901 0.64513603446418 0.740781860336287 0.29684276705456 0.540990996866773 0.779030212607687 0.354387001059955 0.661415028865804 0.374872306122297 0.450653627090208 0.47813470480178 0.411599325238695 0.498070031957171 0.560592777039262 0.84746537019744 0.660216447342797 0.759869997613935 0.496851210809428 0.628452815850684 0.600262559174168 0.405427319849404 0.358627061088079 0.80920709895698 0.632732325353838 0.461577368631596 0.495197642085047 0.594306199993837 0.668793747691213 0.656434803692285 0.475924930621576 0.80198945580469 0.294394954844591 0.362258181960214 0.357274828668744 0.427587183576996 0.455658132502833 0.471846605297297 0.397980086264561 0.505357827185371 0.615019904434972 0.405371795680952 0.226378120107872 0.458019146013720 0.279921501456819 0.544066414918316 0.499993117980678 0.280225403585712 0.648311187061386 0.47622997175614 0.456802709608783 0.603724142402763 0.0512900760458449 0.131336996477982 0.343026220372092 0.300696149963083 0.41171445335633 0.25925867688536 0.00753360232770393 0.137781337110630 0.223860854216225 0.177116737105012 0.18889912104521 0.463322298563771 0.0272629714241614 0.151500290698368
0.100085644580715 0.334488841296625 0.184910473634063 0.254420248094079 0.304898286852856 0.305906229165496 0.631193371927443 0 0.661211122643355 0.670869061126179 0.503388704664022 0.455207935491428 0.348069261298174 0.295868758042234 0.424841360508306 0.31389786611634 0.178201083931856 0.183488918274163 0.221251602043869 0.0916194017495232 0.315134243445862 0.237173509421148 0.490327100235035 0.119227137532437 0.244567711270694 0.254201600972437 0.0610074870967781 0.0741692096709938 0.18074754086688 0.176779341389165 0.296360904094341 0.277730456663163 0.305924253683766 0.203280562196652 0.435280585487408 0.422499534582197 0.624312099307136 0.605012045893515 0.326641919975272 0.505124921950776 0.708566993558007 0.202868942159906 0.348452590170276 0.0132018590206700 0.403822694724813 0.199943121741934 0.0517865428318391 0.170292723935305 0.282444880204724 0.563025501794886 0.596898115966889 0.653256881828814 0.408997738905677 0.684066874766284 0.453709046199385 0.318472301789531 0.332638778164224 0.591932640703121 0.491217695942975 0.412500739415443 0.387469000831027 0.229661630233190 0.273617813975311 0.374225532067968 0.207044981753145 0.571528373457387 0.222583703491901 0.0611280043831307 0.125136402760408 0.00426989757772970 0.0471502079040146 0.0409612043476095 0.10758215355446 0.307059430078212 0.321513801217529 0.256287688208532 0.0606745453226177 0.335838779682113 0.164115659912942 0.423532408014252 0.291904218619645 0.280760512897877 0.659390227390601 0.51663616668918 0.110750061382833 0.447226496059 0.195433743751075 0.0667968789419575 0.236818937645311 0.14581783016379 0.216399140243238 0.247706670329865 0.0292681360679005 0.130546892328107 0.0332300306757733 0.199698348689203 0.187122598217333 0.291508360826921 0.0508656245839739 0.0130322749504445
0.315265381484001 0.157530687188861 0.486070166288017 0.422539127047364 0.640659092694051 0.380312279552956 0.581532975221832 0.661211122643355 0 0.663168374764565 0.772217699129418 0.612331085595469 0.403808092460289 0.301455009357544 0.39745142826293 0.269018977238939 0.148510483533969 0.375071950193173 0.444860347147498 0.225740600129351 0.329237668105857 0.358496008017693 0.433251742715442 0.269786865478486 0.434402920889488 0.145729902714562 0.189841501962448 0.207926397186991 0.234846198107437 0.451910718514 0.187978981252826 0.390022914283053 0.203468484388389 0.353642817745776 0.477675084909967 0.340138641835283 0.293053816556991 0.503694809242161 0.149265610196797 0.412539439251065 0.583413863714745 0.296170165188987 0.402039323424867 0.184347848940890 0.221643620014606 0.386482783022148 0.183480112592167 0.292460101041523 0.433133746208792 0.538961031339976 0.409163808422269 0.486220551777945 0.479020253713821 0.669242099070511 0.635598497081964 0.490336808659234 0.616807000235453 0.508435806970773 0.403058839616818 0.294664490076998 0.302904102289702 0.261813683751477 0.338285579737874 0.49542183253343 0.296389116232177 0.391272509642684 0.303951309986479 0.19454865642537 0.120264887548396 0.134171323272719 0.156400966665121 0.110249643144539 0.130508091909767 0.248748199337687 0.42545258154512 0.149443082288469 0.08310295113009 0.380610996128887 0.00599123340334585 0.246223183576246 0.317867135006243 0.115944795789967 0.424899765859428 0.340218572090852 0.204209293812846 0.431342331801444 0.206444374964496 0.141828179539506 0.082169541778484 0.126072777447935 0.102028595018857 0.105401893036028 0.130406321692264 0.199499098086226 0.0458405221315249 0.0399583821868805 0.0872103864145363 0.0608290834586817 0.122218713014866 0.0303967910648186
0.277929245785953 0.114497166247868 0.413048912173436 0.394290718690941 0.540668142761579 0.237331546324673 0.345684938559464 0.670869061126179 0.663168374764565 0 0.729520972137555 0.687287287398078 0.539660116539321 0.270733169403366 0.147374278350696 0.087068687304642 0.039553261106414 0.379670355193125 0.491079685056023 0.247340716557802 0.179321900692228 0.363306823090379 0.291626828888782 0.353555384879844 0.379348673463323 0.131257500484239 0.275554588636622 0.241502261688801 0.151489843018544 0.398924935282966 0.292088231640530 0.400878261943201 0.338716566927889 0.28408310978518 0.313905920194442 0.350119474095045 0.236618802584749 0.391367827141052 0.148287183087031 0.409859372139864 0.484587909187534 0.322391687879204 0.317054674635911 0.142019093197716 0.119903932903068 0.30874200239968 0.0963036135598734 0.221674057776840 0.318026014247452 0.411067586773435 0.347778679083051 0.397068811736149 0.337365215264561 0.671723002602785 0.536067931900514 0.549033462073756 0.534111404411114 0.400654898215643 0.283573849203197 0.216769636190068 0.142538036101911 0.113297167433328 0.258365634371547 0.417492297150393 0.237195067326964 0.307484716466545 0.332787004292194 0.101694098947444 0.072401831083507 0.102118308278131 0.152156689977067 0.0558866786812111 0.0207086458043380 0.251723938311135 0.323930030014973 0.0991594147763417 0.0138788247503499 0.315519669033171 0.031969777104385 0.175058082651777 0.225658733097906 0.0452801038789394 0.401404871601654 0.320502562214795 0.159946733371177 0.342527333048708 0.153297585269683 0.0981146037362735 0.0268462580977491 0.123814815596241 0.184681254362536 0.283322442885630 0.153317625602760 0.135315527094220 0.0366430415930348 0.0440545453054662 0.199686551114953 0.132330418002026 0.00286636028318923 0.0442699637325965
0.555535690072926 0.122402348219571 0.713180395262953 0.647565751703837 0.695593978540575 0.385578448686350 0.489259778020174 0.503388704664022 0.772217699129418 0.729520972137555 0 0.772938524214542 0.608593347439979 0.315233870930709 0.313983185593187 0.255462866771890 0.195354356247443 0.657928760552539 0.785212439787797 0.470949306678451 0.319028936669004 0.46640848445371 0.406362121114994 0.38574882736076 0.62274098334944 0.153505475136062 0.452929393351612 0.427389893428605 0.302074903408856 0.560685568318206 0.322811859258136 0.462314901136169 0.260372460437925 0.394942550924246 0.379111618577288 0.347801554465477 0.200235714068335 0.449783535801587 0.0709446905250999 0.451484026575064 0.439537110063981 0.379645127116539 0.490803566524333 0.422156080504925 0.0594771509494713 0.581819789687327 0.382649301126506 0.400918629975365 0.468716913924335 0.469243484962307 0.311215552440370 0.416003825844775 0.435775218696354 0.623327124081819 0.62861790523033 0.639552935508644 0.701479567246392 0.422594852635919 0.334028099375118 0.254741436849446 0.186187363538423 0.340024112721509 0.449091328270399 0.574253921572335 0.340861343082482 0.360482024277241 0.373982505591785 0.369485656102654 0.0774822595543269 0.31597039337187 0.357204892899027 0.246671301611288 0.194666779668203 0.30996844145362 0.425695378934695 0.114250904839702 0.100578140621913 0.337369917086538 0.0560290521403782 0.123726100192622 0.312840595428202 0.105681841882168 0.328104515286845 0.257436072673493 0.333897269611148 0.436322406177734 0.0047781601618927 0.196348943809899 0.140871044535895 0.30332779343222 0.224612779560146 0.225478485571200 0.152714495638782 0.00280725503670209 0.09398843883485 0.081428960449558 0.239953734083716 0.142546119470375 0.0507913423711693 0.0230452198234785
0.537839976862658 0.139678726090191 0.684148734650947 0.640970973588176 0.623270657823741 0.41595766481866 0.456740210536874 0.455207935491428 0.612331085595469 0.687287287398078 0.772938524214542 0 0.535332116556842 0.365663714240064 0.305965217229282 0.324791264628686 0.373971289994696 0.663787849491931 0.578988270258324 0.541537041129141 0.447020501426466 0.418317413644378 0.439962028871265 0.240217403129468 0.520761777185823 0.15018902763946 0.438083619311838 0.552465556890941 0.319723476356317 0.409331086322894 0.330147672284216 0.446753942417285 0.388422096145286 0.438128222298633 0.329404338500235 0.446181346220086 0.263000510203041 0.487167749616398 0.114420928330418 0.354265404473351 0.433585717061861 0.376572805980521 0.417261476936824 0.375960352186444 0.142075032924530 0.509782373517192 0.347720826639159 0.495088974308097 0.495440537297501 0.507896167967545 0.38629484558468 0.476222594774861 0.429388424129403 0.539773692046716 0.682222248270021 0.576427739088294 0.582818004928122 0.406744673562364 0.353763177093709 0.300416335456718 0.305214930459776 0.366913003000802 0.4956474213861 0.67250247881976 0.349676770299063 0.400322445339479 0.301824279271985 0.258211390891352 0.0652606871968787 0.274823392977913 0.445226001001262 0.315079714104011 0.188254873932130 0.335034072701608 0.405229582232165 0.174422255702473 0.185037569723067 0.363647930422572 0.0651569826156369 0.289305064553187 0.437719085927986 0.0286597270694532 0.362019303217801 0.325573964676782 0.323907682592559 0.412718347144301 0.0621795578765608 0.151647761821556 0.176103217250008 0.29980771030234 0.246208170444335 0.167005853380258 0.136653819047647 0.0952435864384492 0.178180494605039 0.135362931700456 0.275690449434318 0.248503971922548 0.0353663675159363 0.0914188133153067
0.568181131202462 0.212896293268941 0.495512430195161 0.61804115512351 0.483742474897068 0.351540515969356 0.386558428072136 0.348069261298174 0.403808092460289 0.539660116539321 0.608593347439979 0.535332116556842 0 0.576557060480342 0.302364808902168 0.355852012930399 0.35481389825966 0.540135838599837 0.508442613452908 0.440195243470995 0.374869348546849 0.389059976557045 0.328770798664262 0.327179609672432 0.492734498540452 0.160956511455980 0.45604397970941 0.399106935087072 0.305067697024077 0.483276471594333 0.35093535761669 0.474360014407018 0.396235199991690 0.466439624406976 0.421539283663638 0.333089745550473 0.182017224918702 0.396732366186719 0.180639804244417 0.440149894660247 0.421727405509436 0.353964905931457 0.411303322291638 0.551974168824259 0.124013981271547 0.641880826543189 0.562243653314382 0.597563364258244 0.49254777129517 0.395736979677742 0.34467037870921 0.315650178880644 0.402170987678491 0.435050799570895 0.499253956427526 0.515041351565139 0.393688773446418 0.345789291934294 0.269096232699783 0.267238603521849 0.238388978749214 0.521853402000577 0.503005209437825 0.527996005275008 0.249001683233978 0.375111687762644 0.302902516478526 0.360070827282787 0.0255661823072658 0.353023054251418 0.404449615133001 0.310642061502326 0.417439165997223 0.197146681411158 0.369107752833676 0.155948883824035 0.108277496035119 0.234419951157495 0.0815672277545235 0.0124080655964286 0.356585018004542 0.00527012612003461 0.291655374510925 0.194516354498156 0.293115287418137 0.325231680491502 0.144602551266009 0.223028270730669 0.198579406436775 0.311172122714563 0.364251062616098 0.388545572192243 0.138993826112199 0.189886823312865 0.105863481231662 0.0471745737091956 0.265857084653608 0.285093815917876 0.247118161422239 0.169183970785283
0.456806177948552 0.307817015148903 0.381850092798488 0.467446237477567 0.278708614275498 0.554280040988285 0.504243420301462 0.295868758042234 0.301455009357544 0.270733169403366 0.315233870930709 0.365663714240064 0.576557060480342 0 0.702015234675256 0.69282874782435 0.64619696739022 0.330209206710839 0.139498381149922 0.514959091321485 0.631808688871545 0.275427821127109 0.450750815481553 0.306491497583745 0.321527874988107 0.144922601924421 0.225486610814097 0.219366254282766 0.329557029462434 0.317072815501691 0.322063724826089 0.398495983007354 0.321745615439985 0.478600848959967 0.56243432587077 0.206928850856759 0.299184815809763 0.493733898977598 0.277758434588658 0.359338532946120 0.425359700157751 0.219469809105958 0.45782877865597 0.413077815576137 0.184915343231395 0.429297336279945 0.425695897142396 0.621564542705901 0.617944730760303 0.577690594040577 0.359273492200597 0.327369327130356 0.239243842488042 0.274219285043833 0.371176541161397 0.258286695010052 0.141871445501366 0.500890910727544 0.62273272298369 0.65332891256524 0.627416648477202 0.597755556540014 0.628031918073596 0.566577473818976 0.280591702489657 0.459633979791043 0.241908268939042 0.269802737811619 0.113619344561453 0.248068966629545 0.275608834201074 0.333908466223347 0.432233028767694 0.173951165619838 0.44187997131419 0.254177521759564 0.207923742723294 0.385436364025781 0.171452397732936 0.202725545510371 0.523005333087785 0.16847032249848 0.296902517272814 0.257202396111614 0.247616414275531 0.385237997087962 0.070320595745883 0.0461971077928958 0.170219840324473 0.251092697958582 0.316914043572753 0.330926876977843 0.0684598707514917 0.125097051754738 0.146074467607683 0.00995720558831898 0.119479938092016 0.337327029735471 0.171123324819400 0.182669564620467
0.412723667332269 0.354077265288939 0.409961086066658 0.410798126581453 0.213889742805517 0.547561645066193 0.787433779112766 0.424841360508306 0.39745142826293 0.147374278350696 0.313983185593187 0.305965217229282 0.302364808902168 0.702015234675256 0 0.889165258462331 0.671302608797917 0.270751588043474 0.0977735906750028 0.480919041675972 0.706384471389475 0.340709052409402 0.680716907617873 0.16481554410714 0.331104522527581 0.317328622093035 0.200089352723069 0.244270854807139 0.483054387657111 0.207273362853605 0.351561548181483 0.435276319593429 0.221343050545366 0.48877016233529 0.70292393010103 0.217730842484974 0.543211193624686 0.636642944523657 0.329136431928521 0.367902009510278 0.590460906641269 0.253968949504151 0.574317417012214 0.401879147299991 0.389061772063007 0.434558662938331 0.418721698544925 0.499789055521316 0.558756754403206 0.70654549463893 0.581903797157883 0.596615965618761 0.333408539666958 0.436290343150702 0.435058657307273 0.257010951137635 0.265844899169386 0.65111379378918 0.74560650991522 0.693083109598928 0.721035124781741 0.640800412401997 0.719479292379514 0.610848237606421 0.408351856118191 0.654393192231504 0.207605059835170 0.284790939800542 0.360955218989557 0.261743681653924 0.34489632957294 0.437105724170743 0.39657999750051 0.302685368135091 0.566687766292737 0.307393545019569 0.229146849660647 0.47273775419477 0.274692566320227 0.403307833874591 0.592248047856473 0.290339478026567 0.499199344548886 0.422796235218613 0.3693028728819 0.558600572167652 0.0246046351610437 0.00152672001291292 0.321834182730517 0.280568632576657 0.313129956330861 0.217026020623387 0.0809290280119131 0.112227468632459 0.207246001176688 0.0900668785477262 0.06125813197743 0.397874846233135 0.0152014935644429 0.109487627985826
0.546798052761931 0.434025601446663 0.482253276420958 0.511312611715246 0.214006979024546 0.479010262588215 0.689486228867953 0.31389786611634 0.269018977238939 0.087068687304642 0.255462866771890 0.324791264628686 0.355852012930399 0.69282874782435 0.889165258462331 0 0.723403250524785 0.325001779239797 0.0583924396471203 0.641010498264001 0.735199820741868 0.338292459501971 0.662296475149268 0.191674323619367 0.37207039822514 0.428717888266897 0.340154817567264 0.436442119212491 0.575649970892831 0.277025172961342 0.480523726460893 0.462625450977972 0.272941977989251 0.484224815362146 0.634960711645 0.28601887085169 0.460276744256817 0.607512256874478 0.274210209460535 0.381608335392037 0.571758845205882 0.276542238253235 0.551570741003698 0.519780329514862 0.433218593000506 0.546960481954797 0.57516650443781 0.589626377720479 0.59156897121453 0.632569711086801 0.54732609436565 0.553171462250582 0.291102886856741 0.311387558898987 0.436829319081729 0.212146183013905 0.219056072052867 0.551279010889063 0.743882958038324 0.624030999337161 0.705188940900649 0.722178211426788 0.83689216124915 0.641844101512937 0.362692605649952 0.660161397142321 0.199415780532552 0.38710373756219 0.451645011006244 0.380976660602641 0.523723915599112 0.548529582971061 0.453772311409407 0.353594975385404 0.522818461582201 0.347944736792179 0.267777380864687 0.445369550745435 0.406046361497547 0.433041803878523 0.62724168109273 0.293828235451100 0.406088570403838 0.34358841044358 0.340191960064279 0.513193533729382 0.256070918324664 0.0797864921704473 0.422296126137235 0.441383349651590 0.39495308393959 0.345430136043772 0.0451669004232356 0.355148659568333 0.297082996705521 0.172186193213102 0.22519847714975 0.507448360291276 0.128097848032925 0.217784608726234
0.581205223609532 0.512768175956458 0.455671838535315 0.596604650584885 0.247854172955401 0.705758711704437 0.454241733792525 0.178201083931856 0.148510483533969 0.039553261106414 0.195354356247443 0.373971289994696 0.35481389825966 0.64619696739022 0.671302608797917 0.723403250524785 0 0.495227485916187 0.099460670596246 0.474511563105017 0.500150897560239 0.118500798941132 0.495417700612043 0.189938671712380 0.451420495660108 0.388954063094865 0.334295462642607 0.365402018997683 0.283102692118428 0.293783430111426 0.324397952980618 0.250876288492876 0.332436129625516 0.335688486973447 0.342237985190867 0.448774158714968 0.325473902501455 0.568838960781551 0.324779207233293 0.308281429000821 0.346072938327749 0.0799724569752799 0.276245552374119 0.403918655851384 0.391187976829204 0.48676502164202 0.48310079030157 0.702557206712807 0.608174754905971 0.470028039695413 0.488088174812651 0.450511091553132 0.0656343167670479 0.0915238517854647 0.320210355211609 0.105658827332736 0.0998691355954688 0.284160385490506 0.507069155702749 0.602833527434936 0.71660776482563 0.757373742731701 0.60838197058351 0.512275849079233 0.203141003456483 0.538716984034215 0.182750936982484 0.449685968992672 0.453438064436461 0.330846663762805 0.342497279782040 0.336646365981149 0.413480825371398 0.0975653694931565 0.287170332278097 0.265055356103673 0.231442468380792 0.170964973206387 0.432788893745578 0.394367539070208 0.627360576517871 0.426558855614416 0.371017878660967 0.347682062052776 0.230836855666110 0.206681998536063 0.290928993061086 0.198118552443742 0.440427924922288 0.499717910373333 0.331050924372312 0.315802951600231 0.181380698231407 0.352117284447916 0.318203608932945 0.246047441562803 0.305516537030653 0.42575642021979 0.144823884221670 0.295776066585019
0.678391002954583 0.348215135175671 0.752570420593818 0.796942120229216 0.632334404089693 0.535452417508406 0.312898129995943 0.183488918274163 0.375071950193173 0.379670355193125 0.657928760552539 0.663787849491931 0.540135838599837 0.330209206710839 0.270751588043474 0.325001779239797 0.495227485916187 0 0.810175334410055 0.618076664768793 0.35252034615623 0.339989589608804 0.329533850073341 0.322848595420362 0.703903823057358 0.275131451191628 0.585935362356383 0.545722611935757 0.280101615070801 0.586538518277384 0.355084994175800 0.349438846924195 0.411492998262229 0.380755886032807 0.204908005874464 0.526877555302419 0.239396546073385 0.433984745020861 0.16124321252682 0.469106204383587 0.291927591278327 0.348771398880723 0.369877031698877 0.544676141897649 0.219344215666434 0.650886442141 0.58196694968129 0.566132065966749 0.590280501631361 0.28350117391921 0.31974510637472 0.377230092937290 0.2582018862287 0.289249668470436 0.503239196032619 0.483898196388546 0.511570377679784 0.139911882525156 0.184152771042386 0.159812675061020 0.178663287604616 0.549163182955461 0.509949264195233 0.524219979153912 0.339038314852299 0.306855008525132 0.306285984442542 0.558476297973106 0.229933577200792 0.469405490065801 0.423237092619894 0.319533937295304 0.341959253447433 0.209702524326375 0.271936101895112 0.0980237431163656 0.052860801584557 0.111155602106421 0.190171389550945 0.237454623239191 0.396075685866568 0.0305112921420469 0.270218712838157 0.224191749756827 0.385584490605867 0.192104883236247 0.215704328358816 0.289857638314035 0.306083901612222 0.520987178153848 0.244573630523568 0.247082022359391 0.198523769994580 0.261906973622400 0.125513871211672 0.067140168228599 0.320496939126599 0.254754676625324 0.144067775968333 0.0118226805566239
0.472697799843846 0.108490663415317 0.649219571943708 0.625837729502572 0.607394106318592 0.315591379414080 0.280456042831187 0.221251602043869 0.444860347147498 0.491079685056023 0.785212439787797 0.578988270258324 0.508442613452908 0.139498381149922 0.0977735906750028 0.0583924396471203 0.099460670596246 0.810175334410055 0 0.462620732157119 0.128625513704908 0.398322546057313 0.204217461016271 0.306881915795957 0.603406288366708 0.0869490839741448 0.526168473616645 0.393522013958258 0.179947722687260 0.527484393170278 0.272067907068270 0.334878356039032 0.275142693978846 0.297642861186785 0.184054740021273 0.328746694688742 0.157425603044268 0.242521476500987 0.000356471285704222 0.431852007887101 0.201983098262278 0.394177729296039 0.366208617827078 0.427694829137507 0.0119329728741819 0.507758333779204 0.393914621118468 0.363429186000445 0.416476606159107 0.211214901974433 0.149894646404766 0.258947642346969 0.290718228093769 0.406573414340297 0.440114744642857 0.611558197617902 0.605737420271061 0.161542210128055 0.0428008907140627 0.0197797361238415 0.0878148510083317 0.268388337620196 0.314141474218263 0.397509839372085 0.300548366373299 0.168840867167823 0.333213487418115 0.438121143871551 0.0231770176575556 0.413457374820863 0.316191003579748 0.196536527123292 0.242558532218653 0.212039602800082 0.246415219254555 0.0479677079166917 0.0194178957129645 0.133135666523714 0.104413390007490 0.0280814731818795 0.128691250821375 0.210942902380230 0.205653249546599 0.129549098452095 0.365557243848198 0.203167494696934 0.0258199182796274 0.219550026418319 0.106735197180973 0.317598364997794 0.158135464803963 0.141014662776019 0.111612105536288 0.0342291720301549 0.0431022924479018 0.0257649449018708 0.220542117573381 0.0864031005677319 0.108926142181671 0.111020065357603
0.759497955021176 0.370131526975281 0.763905033288409 0.737155782674068 0.415328965302317 0.395310688092693 0.480870563250121 0.0916194017495232 0.225740600129351 0.247340716557802 0.470949306678451 0.541537041129141 0.440195243470995 0.514959091321485 0.480919041675972 0.641010498264001 0.474511563105017 0.618076664768793 0.462620732157119 0 0.665703760032825 0.618554228936233 0.493470702827161 0.382952572917232 0.656248093862416 0.405840769880875 0.738897260109999 0.774178929371213 0.645223523756217 0.521784149751405 0.631439078293719 0.695379577926719 0.449724998665149 0.614187880894876 0.422247313828885 0.300789556932411 0.241212946467209 0.422144796995207 0.208106770727500 0.402556940850359 0.351660068844636 0.574767402171021 0.628897030245492 0.737937489396558 0.262111100161116 0.709045949132697 0.704900908307322 0.658069946000451 0.630887756836226 0.456860315526811 0.310674910092191 0.398804326229271 0.255438033307563 0.325817192186015 0.465466678052644 0.49523532042424 0.389827296260794 0.361756075542989 0.422047047733467 0.247340432446055 0.260710567246817 0.540608169044769 0.829664616196671 0.707020918609009 0.59750151622982 0.484412331945241 0.353787357093971 0.64918858072114 0.444153350198822 0.690276555395149 0.781138138505275 0.713639955881165 0.507904741744066 0.430163860155029 0.642370841262109 0.373117619741649 0.341498430852336 0.4202222848043 0.313241318216024 0.240312844013309 0.429700018569082 0.0276488570377820 0.258019629201153 0.132532958498671 0.639380845333461 0.51015293267293 0.437657846734194 0.236221964629055 0.342998912687453 0.559669055358913 0.495796039110302 0.368833492964175 0.151742761708366 0.488364830131102 0.200241936473221 0.181489383400221 0.412541981247799 0.473695893186224 0.257293938502397 0.162326015066002
0.52207857710095 0.387023223709122 0.502922615865709 0.413130075909065 0.203998264902823 0.425630963197622 0.620175878038074 0.315134243445862 0.329237668105857 0.179321900692228 0.319028936669004 0.447020501426466 0.374869348546849 0.631808688871545 0.706384471389475 0.735199820741868 0.500150897560239 0.35252034615623 0.128625513704908 0.665703760032825 0 0.429974216014648 0.620452086570901 0.265585564161853 0.417395179265704 0.355337270328064 0.332366006058766 0.386452794807498 0.560473992823133 0.294988378182012 0.408643915321712 0.516341285176724 0.336510592902161 0.677374182931909 0.700238775077258 0.290008495829369 0.427529063068022 0.591302037540925 0.317601875215567 0.366749356549198 0.532164919510719 0.384189226185825 0.724073781848123 0.478229465627366 0.416934885032365 0.505673293119024 0.476116637127343 0.523429255260321 0.571305942513242 0.618229244264442 0.479491296531695 0.493754436098787 0.323669268283722 0.376052903111598 0.545220109398537 0.342265214249169 0.324117490935399 0.577951161881047 0.726106427087775 0.49281596191698 0.59297623722913 0.523460206520691 0.731897227881505 0.767596339867733 0.499962018442255 0.594120502067856 0.231579531553344 0.343622169490484 0.336853014440486 0.369407396040378 0.462859099747894 0.529250885285422 0.425264689293082 0.341433161874461 0.641199467574371 0.286234305184352 0.347193642044877 0.6463132045809 0.392565733111735 0.398736270004321 0.65952736680744 0.179118096504041 0.417734233999214 0.436074829141059 0.456068937835152 0.751182618725038 0.158536167773922 0.136711361459714 0.352943718641543 0.353534125766883 0.368130878012703 0.253997468069639 0.0474116699371134 0.230819712142738 0.233482628902704 0.179068051839935 0.217873228336223 0.451259516255447 0.0327866167850762 0.140592050589649
0.567912547585832 0.311601228554993 0.571299795197438 0.544289220901173 0.480631657707273 0.232543373501405 0.409361781812211 0.237173509421148 0.358496008017693 0.363306823090379 0.46640848445371 0.418317413644378 0.389059976557045 0.275427821127109 0.340709052409402 0.338292459501971 0.118500798941132 0.339989589608804 0.398322546057313 0.618554228936233 0.429974216014648 0 0.358549163437626 0.428667735295968 0.579072267445754 0.349720398301225 0.647523562766507 0.599143181909942 0.669918642313193 0.492862979006365 0.549001912862888 0.902039212051271 0.381797300325495 0.63014889693745 0.513526212316387 0.26671091862793 0.17389683251829 0.259933433112880 0.291426311235024 0.409832984274135 0.323055962224199 0.8816235244305 0.688344558163473 0.612573904597926 0.313955953192230 0.565684072843985 0.4923312571671 0.479002328457485 0.430451993221286 0.335386277646052 0.333089016610999 0.347077216663912 0.285560518662038 0.431792248410252 0.380824781991639 0.460936586742141 0.424152657991031 0.39447234335042 0.295436018688342 0.23943894184763 0.128778337549437 0.292157542706728 0.543733535772891 0.508042982864836 0.855845447840688 0.362518226778142 0.353282774371992 0.565154195896605 0.358997001853349 0.602528912586525 0.618522992743898 0.710301542312144 0.432114884769054 0.483741425387375 0.81525490306965 0.238831493729125 0.333832980821929 0.552012468472507 0.315289460951045 0.110677085469300 0.26154773626202 0.0599910437005092 0.307607288711759 0.141210472329041 0.856233835624934 0.625644771621482 0.220535658249181 0.226016196943707 0.153390695560492 0.333485577115432 0.412829898384664 0.240091143367622 0.0690531981068772 0.22651362028404 0.0365786912705036 0.0938871732908212 0.270085504492024 0.268205156508529 0.173005405507829 0.0328937861180731
