0 0.297208013926216 0.203894577013300 0.251838265525927 0.0539462388557173 0.214224796537872 0.415222193502072 0.209359347419921 0.0119752877788143 0.317354611214172 0.0828690013202499 0.0159640606218907 0.280943875972057 0.27221496430266 0.408735472008549 0.305908310126660 0.102021028177741 0.0228392600079842 0.213471130340900 0.285667381217366 0.000170896719206076 0.0688564105506162 0.194940389728105 0.223799062952553 0.342967874965007 0.257084552839991 0.229468297307486 0.370734136067578 0.367452765242982 0.236598423201320 0.403332457292314 0.056866059466647 0.423494857717762 0.30928737396459 0.186952011981094 0.422186346110567 0.0608350259809778 0.218820363503179 0.176414279434416 0.0844390258146736 0.101073559425163 0.104649856419349 0.239596627864675 0.644836118648959 0.398011294180193 0.240134265944649 0.138007371395503 0.438910779080963 0.465991262588275 0.385992430414372 0.50114724161663 0.144774016255741 0.442930147190353 0.448622760658039 0.193879534734098 0.105403298813008 0.398333798834802 0.404787420555713 0.373855833382909 0.099498344999957 0.253272484148485 0.0296640150156000 0.189818555297927 0.165996063008498 0.0118113242383071 0.31710761819951 0.0677253754692154 0.373394231244512 0.294501167798875 0.186383208254127 0.375471453477549 0.379074134866457 0.477908374173917 0.337981432928684 0.0364380531584169 0.455477159394908 0.410747523171343 0.128828291790635 0.50530868462988 0.209128192637478 0.0333053666790315 0.257338117756892 0.0948959355882154 0.0947506414321906 0.143407198840033 0.265374039515888 0.325265184586051 0.268048984101005 0.174891082769920 0.0760005575161826 0.245837090680278 0.097156119960888 0.0278268653689038 0.336675879605985 0.383086046715418 0.283958486950795 0.119258796373778 0.478080587108936 0.0214762422388610 0.162073525672560
0.297208013926216 0 0.0336256681930395 0.00583942862512075 0.139360583880471 0.0475680002563187 0.140588218038681 0.242134664967076 0.0251301325627428 0.120020232439779 0.373195035338652 0.299713081571493 0.105759072927941 0.171524404158054 0.0144168249784831 0.0424276088647359 0.228656938958479 0.113252916224425 0.0580766053162416 0.263828832390338 0.0619864767278235 0.256182145016457 0.427559243636468 0.0339068109531267 0.100504229358511 0.77486435265374 0.00634859508103358 0.105253386099648 0.177040804427815 0.152450655131588 0.0693669310334463 0.193745717734132 0.117507248689194 0.161621646492541 0.130868545373932 0.667560184901127 0.787290343973155 0.363460631232187 0.754797385975448 0.512467271940875 0.527288135296014 0.181740983584877 0.0321532050721479 0.293324490390945 0.697776642577329 0.0782342552420394 0.157547479399360 0.167022253099630 0.131153338215790 0.133650131271378 0.0798167656337385 0.110771459108949 0.0275854687831972 0.00609369693223474 0.151919442166883 0.0887046609528521 0.192681672900630 0.111017065874360 0.0402321613358541 0.482254035432615 0.245654977204162 0.103965971122089 0.132032796272738 0.0442048114242233 0.31662280909837 0.257238477571994 0.03672351708682 0.0466320979437127 0.791372608634674 0.0941057453963322 0.109099835366944 0.264121580352203 0.172719248370067 0.0547496987954632 0.225037104419946 0.0819709322103198 0.232157418901492 0.192137069305955 0.167179478904929 0.657060976587692 0.651200561876254 0.66845276564789 0.478674291694113 0.571758416143421 0.247906835677009 0.115858436195308 0.498922301746723 0.111730077606774 0.241477620555616 0.0869546647276906 0.164831857174142 0.0915588483957509 0.0747888134979164 0.384736463938991 0.111094453520889 0.312743534004966 0.351247461687008 0.499623021761225 0.403671497127185 0.181375732309339
0.203894577013300 0.0336256681930395 0 0.936592984843569 0.317199820138216 0.741376320157592 0.809325302888412 0.60196943916037 0.0417658070543649 0.668492667923201 0.290282666643605 0.298128294256968 0.260497991816487 0.778053379537586 0.777858745081199 0.455949762517053 0.299429741125175 0.333748368856185 0.429902911313576 0.175159671233429 0.249655073669626 0.172854181372254 0.523290061620754 0.014195478118564 0.313512670433360 0.147080637740052 0.574793905597627 0.393400847308297 0.181561938265077 0.138823825291371 0.282343246460331 0.135444644870593 0.295889747596056 0.267844593573144 0.154086095260224 0.23613824895999 0.0715644576270652 0.402697721791177 0.192397502932481 0.207966919428687 0.244685519479812 0.373845650661044 0.459669330338622 0.143739362504306 0.251147577279235 0.865500605709404 0.374865793716842 0.323786615076005 0.265582914816594 0.80192359165843 0.803357181309582 0.202894586014333 0.834030721499853 0.79815680391999 0.504296993873403 0.416304573496596 0.81106041091374 0.818910249950476 0.86766634281574 0.246266282450819 0.712352695258089 0.414208343047349 0.323576145530117 0.37579062659138 0.159051287876696 0.668099250718811 0.0975590283186304 0.215359894693959 0.0437890793797055 0.540329354570622 0.132229999628356 0.134356384071696 0.181237731049165 0.090555624687477 0.219517484803693 0.453285952254004 0.586937438975931 0.0249630368721431 0.79231665905961 0.322514070242548 0.230043922189304 0.232725017940155 0.110068042047928 0.43464658871244 0.0257885476932 0.440960357666732 0.126653356137619 0.0640045411466845 0.147940420782233 0.0923744113257576 0.0711763635690478 0.322428383126471 0.189866519948510 0.134257617424823 0.344653190306117 0.301927461000746 0.347827771838172 0.187949700576730 0.466531652263873 0.110872929570578
0.251838265525927 0.00583942862512075 0.936592984843569 0 0.421128021216501 0.80473844902581 0.83426006732369 0.630388331337945 0.0463711972519647 0.705152072858273 0.313200018096279 0.329035101118921 0.235157000657088 0.840738311160762 0.820212152167498 0.510705658044659 0.310891775608967 0.379808067111603 0.498460956835007 0.0685222219968115 0.238741679773522 0.171472874663261 0.438380502527599 0.0276416679817001 0.241413135619032 0.0605318382270514 0.524564640085373 0.376711109965610 0.130366209480354 0.0606698624060264 0.308798080085139 0.119410071668986 0.295365247564428 0.354745814835636 0.210635228896819 0.293596260228863 0.064203140472502 0.376914539168852 0.262274470067161 0.210823739277371 0.203120151736502 0.372778307597137 0.432995614069294 0.205465757131386 0.26634730804156 0.841073656875625 0.422633306483479 0.359931085294486 0.274422109746664 0.815365320948767 0.813112342586328 0.320874162799447 0.853449017981062 0.832029336105857 0.523488364169923 0.420032173788942 0.832143243816233 0.831838201289483 0.864541105829657 0.249410539042789 0.760979575647156 0.490065889377594 0.323986673688609 0.397697665522831 0.150141465556449 0.659854726439097 0.108586230961165 0.164541828823255 0.0134113432487168 0.507610903476844 0.0808571760453537 0.150417009891914 0.25275398140673 0.163602039083280 0.230731814672964 0.45732349025998 0.604414466516082 0.0611591442671613 0.784252693475355 0.291376846704371 0.234994705052199 0.292834150427151 0.110435988034658 0.41443650573132 0.0394548818919061 0.465800245144618 0.0440457487750435 0.0463860888426645 0.155823471019784 0.0103088172564891 0.0778868145085904 0.405880387223944 0.184459457547678 0.0473800278664817 0.369287808098643 0.336369796954535 0.332927108058905 0.234874104569509 0.398000292453897 0.103802098188218
0.0539462388557173 0.139360583880471 0.317199820138216 0.421128021216501 0 0.480002546266768 0.458158456927738 0.354407336651106 0.0196332286996051 0.175803729725350 0.00304905155155272 0.393512432919076 0.334751624162605 0.591933181817880 0.47425158361974 0.418668742739325 0.113318759340409 0.128274163917182 0.227572866875562 0.340604870613551 0.371697213066358 0.294730104849113 0.0247536426669141 0.426672785342553 0.0833795543050378 0.0854950523377861 0.383388611611222 0.180461593996212 0.162303525850992 0.66575195747058 0.241356354218365 0.180387825840321 0.387525544618692 0.468906810925773 0.43155246271745 0.585714966872315 0.115497375883290 0.200837482300277 0.27669737981323 0.137564129302651 0.0147914860587 0.375246125807631 0.0971572946706492 0.178844307478276 0.0664536594156127 0.454238665825491 0.571075237339571 0.054837648462452 0.0895231251481024 0.429498935388979 0.358136026243409 0.258786215417209 0.347659121890145 0.356267107242181 0.359753048094766 0.048856280982606 0.407598705554563 0.420368779390842 0.33809321183762 0.08906390316637 0.281403247224016 0.145845013717717 0.124664341974002 0.344006021423491 0.120767693882979 0.199486523984113 0.177071550442014 0.111391134539176 0.0759108869854925 0.293835904429074 0.0211225242588599 0.121487608312586 0.0536079809124099 0.111063611106711 0.0560726835398062 0.229717852397393 0.272257102782065 0.298803327957076 0.229219126138024 0.0624390908097974 0.0121423749145746 0.184765226251725 0.0158927173249243 0.0463348456124726 0.273227849208632 0.0914857289475202 0.088509897458326 0.280374710260993 0.328359200001150 0.607982929154547 0.26039687420954 0.826645675686171 0.00191327889051561 0.0598775889904878 0.0158043126231468 0.0252532992101465 0.411050225375566 0.0426285374817853 0.134883405241847 0.0680850822834450
0.214224796537872 0.0475680002563187 0.741376320157592 0.80473844902581 0.480002546266768 0 0.660230167487454 0.456518482443042 0.0359257693102573 0.454285549885446 0.156803669241369 0.475435246491521 0.0677341911527951 0.751456844848517 0.65350623232246 0.377873890950064 0.348392670160632 0.485092178738059 0.485028021685872 0.0359087661811509 0.269931471226123 0.0342571336045093 0.288695786105455 0.0694292923470446 0.150007816459645 0.0340051498115603 0.408985671414032 0.146128111907296 0.114948325520492 0.0472158472069303 0.252558332544362 0.054941925776357 0.175615157376041 0.368589968967696 0.298511091192217 0.226889642934238 0.169462713885659 0.330432608486969 0.167938581377063 0.265673073754708 0.230256067075191 0.159718701914796 0.306632627331813 0.235643045191901 0.195638822692713 0.70963274888378 0.427818004165893 0.299963452318320 0.062591200456826 0.656920503890568 0.647770586347146 0.286629536334472 0.644095981173871 0.653307774556461 0.548056581393409 0.3007268010544 0.738182994360667 0.628504225772452 0.65438030320201 0.139653072399010 0.645818853126497 0.450175262141122 0.246609114723505 0.343991651536165 0.0951904642587985 0.518412929392497 0.0344552728343767 0.0956988552189177 0.0338820384846157 0.331249495552119 0.124820885796745 0.125872589678718 0.229003989182609 0.141265927049026 0.128917032410181 0.360200686954397 0.610791187575974 0.196841368159675 0.593348019459365 0.125757186677938 0.235071145884086 0.251548895110597 0.120794220047633 0.386088626079221 0.0826949146549934 0.325950624588758 0.0789092393215454 0.104380683714599 0.014644835076446 0.0896315677952585 0.0216641048889344 0.382688353459648 0.159177467512973 0.0316440960621825 0.262778746735649 0.163958636233575 0.323017565103938 0.124910275740119 0.256208905105195 0.00861452985368437
0.415222193502072 0.140588218038681 0.809325302888412 0.83426006732369 0.458158456927738 0.660230167487454 0 0.48036647558454 0.0855328293597638 0.68518004510697 0.379225804855351 0.142923257452000 0.189012079232692 0.76548162926072 0.875786255956897 0.616646895281662 0.274854818454362 0.209709044932072 0.262896312774955 0.179162033704385 0.286540438879904 0.150411344879246 0.674843267866049 0.00653992515427902 0.0299124363376406 0.226559624429560 0.474114357584666 0.291778908839001 0.176631235322789 0.0277314813829867 0.221953755630308 0.0856709992653216 0.250609925019301 0.393897100655924 0.267834014986482 0.318337945379405 0.314810577360764 0.555588448778796 0.0599930282054457 0.358809338172858 0.427894709184836 0.362950557389856 0.331649660025729 0.296091746055709 0.139362483749076 0.7770201351431 0.274087855116943 0.350680758701899 0.401618358364222 0.944422830856087 0.830432493977762 0.174662404001211 0.871936317983413 0.823027874779208 0.485279077011436 0.313281021299742 0.713488236029002 0.909289701776834 0.84625306523378 0.362650441196777 0.784001138808753 0.289661104202055 0.160960233855119 0.400561591935638 0.138862804413075 0.78647740472591 0.119867504112198 0.0246846732240675 0.131650997650441 0.449925001890971 0.0575893615853414 0.244426004870060 0.325862839452851 0.0819517093845828 0.218983827246141 0.509057196835267 0.539763877914707 0.0555578722101206 0.736468587072757 0.00517969319298389 0.41980849730856 0.19389296756661 0.224272034852865 0.527905673044102 0.0216933576995449 0.473357183360889 0.150863637194255 0.0233640819627966 0.0394047228656396 0.134489939141235 0.0748465238616223 0.461960280196791 0.178368625638780 0.125716897325528 0.343927580547663 0.224390759060592 0.427688595221594 0.121861944324210 0.447268948812675 0.139617281266845
0.209359347419921 0.242134664967076 0.60196943916037 0.630388331337945 0.354407336651106 0.456518482443042 0.48036647558454 0 0.488503215627452 0.682261821110875 0.474276215964652 0.0430592351971318 0.359741992567559 0.599055069911176 0.508121909077044 0.234606653501768 0.301841376539783 0.338582838136371 0.496353153215193 0.0965137086659045 0.102980461268840 0.0526541293371231 0.0577436047545178 0.121580847069279 0.191371251508474 0.137140269289601 0.462500549916631 0.270880770148431 0.157443438998253 0.0088512960768132 0.321892275159031 0.385036405055427 0.260423179044662 0.0157357826781391 0.157098025198196 0.400175152096977 0.262927157793867 0.120328971920158 0.541186157618092 0.00381252056760589 0.157208105898880 0.327330016933949 0.574695788316833 0.259586234163285 0.335671130003956 0.494172405295115 0.346017367207113 0.307386712985577 0.175395472571051 0.53227116869913 0.658472662605928 0.279433356188637 0.672388701233522 0.681521620658109 0.128998260807573 0.127173090666716 0.556069692682899 0.584411490081764 0.571487002398875 0.178428415220555 0.542665967676843 0.453199857113617 0.345658434502735 0.0392397032973043 0.337032039105721 0.240861084342911 0.120181032428202 0.00259599788345794 0.269872328555208 0.491279067796812 1.70600172199709e-05 0.212292015763167 0.240657983386328 0.129498252864935 0.434122154643236 0.435588435741923 0.211736219712840 0.170996144209264 0.60354956710874 0.490124608396531 0.0793326043911784 0.344976341850786 0.166785632995125 0.0368689851471836 0.195536075927977 0.523078395163249 0.0977893836136812 0.0429269265955231 0.177116527121745 0.0119775183135896 0.240207303028431 0.331575566265466 0.0497147317508185 0.00448307033881240 0.336807624957334 0.371389162669505 0.178869666792173 0.267523994030097 0.267993927948977 0.0325050570168779
0.0119752877788143 0.0251301325627428 0.0417658070543649 0.0463711972519647 0.0196332286996051 0.0359257693102573 0.0855328293597638 0.488503215627452 0 0.299107175704346 0.457289158669762 0.17766842701027 0.450476628384695 0.0742894996834099 0.0772720874016566 0.0282807438598650 0.0474825584925103 0.174704009199481 0.212428429306050 0.166075541628018 0.459674257501435 0.104081498942583 0.116518170840667 0.060292003834267 0.0597390589528174 0.0587496348633073 0.150437790025618 0.245389763839480 0.0534261591124502 0.00400237297229738 0.164444470128685 0.428919772581182 0.208830566639830 0.457311593860596 0.569155148055988 0.103932634816128 0.206117654269664 0.124893152213965 0.250725241239955 0.166381415055910 0.237512793719999 0.107954132730897 0.299460558265763 0.020334906044183 0.0883293073174794 0.0334862936068013 0.134383914010949 0.0244304119043971 0.160328321963026 0.0556413533417545 0.106315689619851 0.100775784244781 0.104665856656502 0.172429242649707 0.379647610432658 0.137080070675008 0.0665383685588156 0.0751090557477546 0.0676713275754551 0.082821633578695 0.128845643226437 0.191795654930884 0.308371102098625 0.374561651166853 0.398641766429582 0.0629564939955028 0.186680965349293 0.0371043349967763 0.0111841179175944 0.227579068102519 0.164514201651940 0.15691585611776 0.072432084203596 0.0352375974496849 0.448543810632044 0.119085113735725 0.368811307414410 0.464870083093654 0.0125566310785674 0.206062583849329 0.152249635704891 0.101678710048404 0.125187463730344 0.0979338752852604 0.30807449051595 0.264140376834378 0.202600778175604 0.182304293147734 0.162689513974701 0.0898728254970946 0.338623680504397 0.0506499337687893 0.0735123145278331 0.266181009921082 0.0171306229564315 0.151424643814995 0.00427816913042069 0.127164376134778 0.198332556795805 0.0115378775278391
0.317354611214172 0.120020232439779 0.668492667923201 0.705152072858273 0.175803729725350 0.454285549885446 0.68518004510697 0.682261821110875 0.299107175704346 0 0.756497633014142 0.124519993936752 0.478757351051088 0.545369877051014 0.617562598350587 0.337946335916189 0.302609053883239 0.215653345401231 0.257906537153151 0.242745274310416 0.0205957337002377 0.0984451592342779 0.448814734164347 0.0125819726913807 0.0306625116073051 0.175950281164101 0.3854215631441 0.269223280063280 0.147627765962438 0.157769265980040 0.335722387790968 0.253464449826253 0.383346355483636 0.00428220097787957 0.11947332738262 0.141224614366060 0.109905413382341 0.359489336023500 0.133586503292105 0.323416045109477 0.140863360327774 0.31597700487707 0.416515343780827 0.0979157309581333 0.108364284447702 0.525529405920794 0.0617066398163165 0.312019439824052 0.370712809631196 0.720574647621227 0.732618726356721 0.146645250838440 0.806238080245756 0.807573280746143 0.143724929298204 0.316282276895677 0.495319702707598 0.772947549030871 0.758269661299268 0.472223717006452 0.7392619919009 0.297927528138494 0.255373308251005 0.127605968584023 0.272170411654043 0.599122261000157 0.0522883689462951 0.0217694492600329 0.0926625145076893 0.464282470851463 0.0529065652915926 0.275425035718978 0.157708816512743 0.112238281486987 0.40004732177348 0.480912300871367 0.172787390288229 0.236767814374049 0.680399706783617 0.159707639725501 0.323032348631368 0.119269917470945 0.192916020556009 0.446316882192267 0.169166813217066 0.44309592802739 0.0856834065339134 0.0303866635813416 0.150348064722984 0.0192814905039951 0.192262615867816 0.188892561551848 0.213353366810971 0.107489207161369 0.38050343408577 0.268700489547843 0.387972566862053 0.171759918131838 0.505400742625921 0.158545185818614
0.0828690013202499 0.373195035338652 0.290282666643605 0.313200018096279 0.00304905155155272 0.156803669241369 0.379225804855351 0.474276215964652 0.457289158669762 0.756497633014142 0 0.452175994177701 0.47038300103663 0.118686219231022 0.276617118183305 0.198330369946319 0.406825908244506 0.146549872410355 0.0707745093899468 0.207028013165274 0.142493135054299 0.175695583805895 0.362679173325126 0.00532704489239018 0.223128786461191 0.398399742299725 0.205208222790509 0.249897065095836 0.139112745873218 0.0464424584907734 0.220151795359439 0.401091071530914 0.134319505281703 0.287529588315474 0.29927977619442 0.173566590090382 0.310328077254427 0.320971081323334 0.133621946144889 0.322204725995253 0.183680340569836 0.0963980971080007 0.337562624216190 0.00944592331710156 0.200651947172745 0.114901308463446 0.146136487673284 0.139376662368663 0.213080451693530 0.429824173232184 0.396661371210745 0.00938401106157212 0.486996317493758 0.513202226276968 0.249563678854748 0.110798479701881 0.0570969325103173 0.476442373232343 0.431079951613115 0.614661089306554 0.525651980644902 0.0122590101960826 0.135967523645899 0.0112832604529011 0.493503351971784 0.360640274288354 0.070874949704558 0.136484739463622 0.313692089786222 0.342565416419007 0.0959261042884416 0.322549215123321 0.0122161499886348 0.099607534043851 0.533499694872461 0.172238156928025 0.176444679621342 0.329559727529906 0.299147033362768 0.0652686510588008 0.443371021512975 0.187090265236783 0.25470586705324 0.399371907548192 0.416946244274408 0.361536708386062 0.149173245769344 0.0253251523645070 0.124399451530713 0.04653474604145 0.128974703988146 0.112658937150962 0.146192157417186 0.233749730466861 0.233166098709765 0.192404954554779 0.288552185850168 0.0267385156614489 0.420471677134043 0.0545728259854827
0.0159640606218907 0.299713081571493 0.298128294256968 0.329035101118921 0.393512432919076 0.475435246491521 0.142923257452000 0.0430592351971318 0.17766842701027 0.124519993936752 0.452175994177701 0 0.201335021380027 0.430250303351669 0.164943787589886 0.138275727274817 0.107904320706067 0.220307609099774 0.243011514627672 0.256705454121306 0.282349393874013 0.203185391694036 0.00150075328417611 0.0230253956777193 0.176423729260030 0.288965928489757 0.142157274233233 0.0582637994715799 0.204097741732185 0.090405353613421 0.0129702836431137 0.233552666164761 0.0818412936312261 0.310292575703681 0.286825304516327 0.324816440427184 0.235899340468335 0.0189530272689774 0.311563713141331 0.115131713060978 0.045840939919145 0.114187035809133 0.150951124068600 0.109520730092081 0.290668549800726 0.283734895716931 0.391456575039435 0.0852126063765988 0.232476390371727 0.142512109759519 0.090329162087115 0.180491302161924 0.0294940603392586 0.0594233736866299 0.647286314669076 0.168254676466366 0.326631050726318 0.0779991460116039 0.127798355501032 0.40743103079368 0.0507669612207899 0.227652046008228 0.206842430893468 0.171559015959527 0.281275433050584 0.146075083758510 0.157732591776616 0.139648205485675 0.242674757446947 0.0144417967683661 0.0193200420501416 0.253411983436062 0.0174606751068863 0.0042432228060949 0.2513573303097 0.105600814921461 0.295069754327655 0.203937812768997 0.132497391138188 0.117927405790376 0.212003053926514 0.31857502977876 0.0889047523913954 0.0392108113651127 0.297659885013078 0.082655588265134 0.0240847878671799 0.160743796937840 0.206332871724775 0.156797512897751 0.105175236904207 0.154530184842574 0.182757783062926 0.027232494407272 0.137137556994421 0.0579212155084767 0.101776209043873 0.0888564232370125 0.104247442632648 0.131745136076253
0.280943875972057 0.105759072927941 0.260497991816487 0.235157000657088 0.334751624162605 0.0677341911527951 0.189012079232692 0.359741992567559 0.450476628384695 0.478757351051088 0.47038300103663 0.201335021380027 0 0.0818737791694172 0.197207134027406 0.172169886965022 0.167921125477486 0.296270494200891 0.233780613509837 0.134803409536960 0.425544888158247 0.254363993806647 0.0561437765864775 0.350750269190701 0.03768746280763 0.0187125024914992 0.0949862985666014 0.0626428854193482 0.162056539987755 0.420508218781213 0.524079813557746 0.523144599214891 0.622389030333491 0.317347206575839 0.464898304916335 0.228435766474469 0.0577769158939274 0.0335207263151311 0.0391624361289904 0.140696889981776 0.0258715406447176 0.0304708163845736 0.409731953722875 0.284207627431852 0.166846673756219 0.0798320204122765 0.103654481674475 0.228455086540054 0.217519215594745 0.214262311670026 0.376422311442363 0.124626226973200 0.330353532855425 0.32037966881575 0.224865678932261 0.213715578728845 0.0312599349723438 0.240420033983521 0.273869196324750 0.241494933651088 0.398331721393101 0.157182610483379 0.119026704262503 0.336121668674752 0.428608404494354 0.055734114763039 0.107236543839494 0.131750766306430 0.118492867746523 0.0397999795211508 0.136757138185853 0.310316337560541 0.30425327500668 0.234442908780939 0.481041064757401 0.314132020571606 0.040045465659073 0.414183688355566 0.260315579610551 0.245388991707823 0.0174020565198841 0.0291879193811299 0.121933537201544 0.0361709111717857 0.395411679598656 0.40485490642788 0.086128393411782 0.0396631225674457 0.395494644395474 0.445580727296651 0.565086291283004 0.350379422469571 0.16025599653401 0.0669164927366896 0.263552708502008 0.294857476150044 0.141497600359068 0.246742031564638 0.0984539291459736 0.125695170574093
0.27221496430266 0.171524404158054 0.778053379537586 0.840738311160762 0.591933181817880 0.751456844848517 0.76548162926072 0.599055069911176 0.0742894996834099 0.545369877051014 0.118686219231022 0.430250303351669 0.0818737791694172 0 0.766909485023936 0.456502733954196 0.307428874577177 0.31787834336901 0.461440475677794 0.0337000776602393 0.396028461526035 0.231557503036645 0.349869993075405 0.0679148342889124 0.187384579294206 0.0675698632467372 0.492224573396199 0.265917172133494 0.0760662339161196 0.0946655688301481 0.230293098106360 0.00572860584619612 0.16202371945552 0.462909342168531 0.363639538671373 0.560044355489635 0.0518562649475914 0.346326469383169 0.379845494394761 0.106053981622960 0.152303521070153 0.374292773463077 0.319594889891241 0.319898136487197 0.304244500483207 0.761663883229798 0.442675250571728 0.428122416449236 0.300344640021396 0.765372816333611 0.710502791607914 0.425442675555559 0.778065160779293 0.744190396734545 0.584117210962139 0.385971381662666 0.820413672452363 0.783568214851871 0.763724199053616 0.124882566212108 0.61902306647454 0.420849893994306 0.186754200550146 0.431272479018394 0.0125506372866215 0.584766323713832 0.0521954628242989 0.0535564981248551 0.140018996239893 0.368658648746896 0.0148988403120844 0.124570595127356 0.266944766459188 0.112094777235413 0.150021890156317 0.508027243599001 0.541013882739909 0.166129331433374 0.705505679548416 0.248575196268917 0.159960851156954 0.407840700966199 0.062725841780277 0.298746753328778 0.0727013009573181 0.381556342287919 0.0407025930542712 0.119297587345012 0.0701352538097676 0.221889935772913 0.00177685761106347 0.507825270981899 0.177532062044438 0.024152345447531 0.286222379868743 0.221294899240043 0.353707760125675 0.298951790053452 0.202861747788202 0.0896349709827211
0.408735472008549 0.0144168249784831 0.777858745081199 0.820212152167498 0.47425158361974 0.65350623232246 0.875786255956897 0.508121909077044 0.0772720874016566 0.617562598350587 0.276617118183305 0.164943787589886 0.197207134027406 0.766909485023936 0 0.753301295886396 0.440989379302539 0.377035049310808 0.396997516428607 0.008510097795803 0.191567914199638 0.0642665885460575 0.402771384251248 0.0199419868313339 0.0590256407077932 0.0222188303650397 0.372742788683404 0.233735683393063 0.180751005954825 0.0546159708793725 0.296162122584202 0.149450958748657 0.271101443075372 0.417337487934709 0.250156012117281 0.418936364109410 0.127685753717608 0.457563796663286 0.173781376157460 0.283619374623251 0.229508825004152 0.277505200315417 0.335393099559303 0.34194800431906 0.263760578711692 0.774363919693955 0.364247830407592 0.412840581131067 0.347580814024815 0.805445588637328 0.853294942260953 0.0505619450809884 0.820226994755702 0.740139635358558 0.42457394282793 0.140228034206717 0.713494490785844 0.854849165022051 0.848768167978598 0.383139655301232 0.769226625466085 0.369234819229638 0.0839910187992862 0.402058247406284 0.14511403431539 0.568004183487014 0.166803192425791 0.0217528195919353 0.0189376851327163 0.394096241056547 0.0763631315629008 0.250049600388488 0.478589376336782 0.182022390037778 0.233875124781179 0.473072652778023 0.575179579088824 0.110842527500989 0.700184790379065 0.183668191158327 0.243326634567760 0.280042739199371 0.151739608219852 0.289928036067642 0.0337340737945235 0.504826990915116 0.0340427191683045 0.0300543940864725 0.0998389396565142 0.09214397291208 0.0169928674129116 0.45526525906918 0.125110458727040 0.0570135021959654 0.410688448300953 0.305855391077371 0.224388594887902 0.222523230540112 0.279456700433779 0.0821680461036327
0.305908310126660 0.0424276088647359 0.455949762517053 0.510705658044659 0.418668742739325 0.377873890950064 0.616646895281662 0.234606653501768 0.0282807438598650 0.337946335916189 0.198330369946319 0.138275727274817 0.172169886965022 0.456502733954196 0.753301295886396 0 0.313313299360163 0.340603146049059 0.301958678798639 0.237282585951467 0.121177346962254 0.0247819816184151 0.297471693105620 0.0268229387246503 0.0581742472526739 0.05101197513813 0.122338333812423 0.135788027048603 0.127164728553611 0.259864474994583 0.223260916184367 0.137803587933223 0.108831774898836 0.314370819720096 0.176433228695663 0.303327779172574 0.110117369468981 0.398382914857447 0.0821165392687367 0.196631856216025 0.312235850239787 0.204029879900377 0.0774336729534959 0.221277689033368 0.150781169851504 0.464199189414906 0.33815551373538 0.258060854801794 0.125940348106576 0.509095861867058 0.484105517238238 0.0922224661282862 0.432356274195554 0.398624504858312 0.286339906522222 0.0677395864192283 0.366463165468642 0.562981645765286 0.588729518419235 0.287139132645111 0.602654444639689 0.190918634106737 0.00732760229963924 0.206877031107963 0.165380061983407 0.331921893670219 0.113223942659429 0.0238569878339660 0.00138499219949169 0.173328282872377 0.108683293998394 0.243435599256506 0.270838772253257 0.224120023184435 0.208194041179226 0.257290938859109 0.364976647366482 0.0806833132175853 0.327741558536947 0.0163787007712937 0.166285371026847 0.0756975881452163 0.127896127617062 0.136264754697841 0.0402288171578914 0.316988263678061 0.0116617944968015 0.0799331878062798 0.0273260869547484 0.238519657632948 0.0260154030306442 0.418474554552881 0.182224836235843 0.052499280514703 0.23182961618844 0.182926992817151 0.128420984258489 0.104865423830905 0.178138085514086 0.0560195527745004
0.102021028177741 0.228656938958479 0.299429741125175 0.310891775608967 0.113318759340409 0.348392670160632 0.274854818454362 0.301841376539783 0.0474825584925103 0.302609053883239 0.406825908244506 0.107904320706067 0.167921125477486 0.307428874577177 0.440989379302539 0.313313299360163 0 0.61758749439035 0.363822569996431 0.00381882208351128 0.103646770185179 0.394437507706312 0.0986127045987552 0.231901341318987 0.160351937412101 0.15758089217456 0.0896081166112913 0.111922265125919 0.302650207176964 0.0298909417860858 0.331989532396924 0.423280991758637 0.0934418206111581 0.03241236471595 0.0602555583300221 0.042443799081159 0.299157117883617 0.429867237192632 0.146826533271318 0.199599696236820 0.203621628824951 0.195449553064200 0.416032340311718 0.193724778675736 0.0771170848255778 0.252397266831580 0.0812142426782133 0.217527812382398 0.0451228180036503 0.265170785040565 0.295447970441215 0.146828431033194 0.333475367765170 0.220139087551165 0.0243640903142092 0.0443845856489493 0.173699043880657 0.380233625014217 0.317657946895061 0.688000708598658 0.510569288571676 0.133907188054842 0.127474816591798 0.220093344847199 0.468071552197809 0.0850981018226363 0.114427982833455 0.150374060326927 0.134862676283235 0.135942102104539 0.150600848665218 0.390630553391739 0.306016225392716 0.322403775140299 0.461463209632253 0.0340195234849962 0.123496983593915 0.0650810387336931 0.213551243839239 0.00772847456605168 0.428128742484427 0.139044798192128 0.272016753346928 0.214392704802356 0.415084197276669 0.439527160445669 0.144037227997758 0.122427855230654 0.156815439245654 0.0447146496657036 0.135044694648216 0.188139562450652 0.0301543548919783 0.0128235761306276 0.252304454529871 0.256617493321012 0.0437899505795500 0.00580265092972204 0.00159653934085741 0.314077238196284
0.0228392600079842 0.113252916224425 0.333748368856185 0.379808067111603 0.128274163917182 0.485092178738059 0.209709044932072 0.338582838136371 0.174704009199481 0.215653345401231 0.146549872410355 0.220307609099774 0.296270494200891 0.31787834336901 0.377035049310808 0.340603146049059 0.61758749439035 0 0.699132073291307 0.195925482422828 0.038330062421204 0.362373174965877 0.129532913215991 0.254198182124769 0.0232554279228714 0.0709986458316388 0.100113245998973 0.0387014094707792 0.328995624870062 0.162135908012018 0.441136471870435 0.457055684091719 0.151251469476415 0.0800939792851746 0.0893089397451335 0.0188134274486235 0.156324699957000 0.331391609877371 0.0388287050962868 0.0991573846046625 0.129625097523063 0.133760514949074 0.403080980143918 0.247929460813348 0.0151816896074887 0.315798802408894 0.267103186770985 0.451360394246851 0.0118161066281593 0.223464297039146 0.271861970925547 0.110019025818438 0.241765637075207 0.145523002569417 0.131869376025564 0.103143290525608 0.240199093593541 0.300565093087102 0.290312325379253 0.303065597979847 0.539937663048034 0.51889936665201 0.0238457043213847 0.0084776442322322 0.440677107592678 0.0298748409611729 0.162269115146276 0.083824052149357 0.00135346724147939 0.0689195508439777 0.264437106179010 0.384839957674717 0.355319813382228 0.333487607354217 0.455386250024897 0.219119106834119 0.230753084047303 0.00267417578985353 0.159056652756816 0.099233086094807 0.209563553956974 0.0853384887779016 0.104631353742329 0.051214216110459 0.382778470665589 0.462085196941283 0.108966608509203 0.0142824551676467 0.233169842565287 0.0917085612055062 0.236268232862861 0.139632048030249 0.0307880540662990 0.109680503224667 0.271937350385808 0.317230715387787 0.165682854639209 0.125842072589576 0.0192071893159014 0.160890779325382
0.213471130340900 0.0580766053162416 0.429902911313576 0.498460956835007 0.227572866875562 0.485028021685872 0.262896312774955 0.496353153215193 0.212428429306050 0.257906537153151 0.0707745093899468 0.243011514627672 0.233780613509837 0.461440475677794 0.396997516428607 0.301958678798639 0.363822569996431 0.699132073291307 0 0.416969299279063 0.179626078488010 0.075706596583789 0.144423679917419 0.0619770050648838 0.371611882156125 0.0968341231042796 0.451501786819915 0.249835151872893 0.0720564236552678 0.150477962206608 0.339835522472391 0.415626862366824 0.255009212792872 0.00480167181370548 0.197383682062072 0.0486933520560782 0.0662969365168987 0.0168880688341228 0.330758888423753 0.0230066836063128 0.0367960522954323 0.251041505082951 0.373473383884798 0.117123996733004 0.165919659624887 0.390331803894214 0.434825612258419 0.362466457789804 0.0406855515576818 0.245740786118169 0.367831132018158 0.0451821277749073 0.345234763688932 0.300256294473146 0.107985690816395 0.0479531817499376 0.395117734522032 0.287585000954353 0.330905498760278 0.0449216538324303 0.47936658667608 0.738919024791274 0.251046357644206 0.187396421940723 0.345880646011936 0.00415404335180148 0.0462743573745163 0.22108461842537 0.197812095603764 0.386755713087196 0.0850236398622241 0.093939464849996 0.253577585738156 0.164762154328762 0.461989790390332 0.221819484350136 0.203235750594411 0.161650605929328 0.217553368877192 0.324854921535221 0.094762747102531 0.291096469030908 0.0707740331159676 0.0396100737097722 0.199601210018366 0.481023350725922 0.0179447606746704 0.247411711024029 0.153922471780553 0.0043265250163716 0.220523513982199 0.294891385542513 0.138728981176789 0.0534367507905419 0.127974688464683 0.209929234352053 0.000234848172423591 0.181258244716546 0.0216480342051126 0.054303139407015
0.285667381217366 0.263828832390338 0.175159671233429 0.0685222219968115 0.340604870613551 0.0359087661811509 0.179162033704385 0.0965137086659045 0.166075541628018 0.242745274310416 0.207028013165274 0.256705454121306 0.134803409536960 0.0337000776602393 0.008510097795803 0.237282585951467 0.00381882208351128 0.195925482422828 0.416969299279063 0 0.111526915435755 0.102392730111798 0.370727455965814 0.247765351973665 0.260881108552499 0.302271055492976 0.109235259311806 0.264740401437989 0.392912129619173 0.41123840286324 0.284769328945029 0.0494272977348855 0.21974329647431 0.0676864969247266 0.0304804539970316 0.219136930539485 0.315003996304229 0.307835634367325 0.4039214937064 0.138272331593566 0.290274635901675 0.181966639061429 0.351091477885663 0.127177710435623 0.00427027105046936 0.077912094689251 0.609307005323918 0.206092478286925 0.468122882310645 0.167445582622590 0.161697882385989 0.183025849403095 0.287743222499951 0.274411562585115 0.0575858705178299 0.459489557826255 0.133398777552155 0.244398452813421 0.187111993084092 0.304344808270674 0.112684886848548 0.355185738723018 0.401512759435274 0.167533283751330 0.134841668133622 0.345498955872471 0.0862904738833967 0.244065298280132 0.290611171858187 0.102262218398377 0.158217604643810 0.347742667233575 0.0508577604791265 0.237613996357790 0.084132310782307 0.114093797298598 0.164556527095905 0.0226861573442640 0.364200221116009 0.0680558279089299 0.426731780450814 0.152184811870056 0.217052554321536 0.506248678651146 0.206775954874608 0.131263685964687 0.0381546781621977 0.32451339915581 0.166485855023945 0.325479696392911 0.184463025983899 0.320018462519741 0.00329824519178600 0.0758566986832023 0.248767911010758 0.136075320482554 0.093384905012639 0.172080087935664 0.207474811600755 0.0452323999511002
0.000170896719206076 0.0619864767278235 0.249655073669626 0.238741679773522 0.371697213066358 0.269931471226123 0.286540438879904 0.102980461268840 0.459674257501435 0.0205957337002377 0.142493135054299 0.282349393874013 0.425544888158247 0.396028461526035 0.191567914199638 0.121177346962254 0.103646770185179 0.038330062421204 0.179626078488010 0.111526915435755 0 0.245957761542648 0.280770868050874 0.215787886949023 0.0235918256653357 0.205525995487386 0.116086138932346 0.142275534601313 0.0102389965906126 0.236463595580932 0.244194152568678 0.476394935792323 0.367538780525516 0.579041245207152 0.736488767119852 0.269799422042079 0.144277979354932 0.333263247288766 0.167253237003880 0.186298492855976 0.192271076701131 0.117544198295231 0.299171339270695 0.0417856016562721 0.0652509731592264 0.311829928690811 0.198379550955894 0.124574701193807 0.0638589633696189 0.314375571680625 0.0248829312916265 0.150719907970738 0.114730399640098 0.060797185776581 0.554805357468247 0.218916395619261 0.284616224464712 0.267231724462677 0.249779204579339 0.051721101764944 0.0669572978071275 0.09862322966378 0.061738959255997 0.757819409735476 0.338846919726435 0.237823923321564 0.0223372999610382 0.098501087757988 0.193297767415863 0.0988579613310255 0.195024943098087 0.148138432786936 0.0624709838476196 0.111065014471000 0.355120233591858 0.13564367805818 0.317086944890573 0.544175786097805 0.172502380080541 0.212429393019284 0.307629245437165 0.141629120107777 0.167561694721590 0.234748118053311 0.348975359289098 0.306351539682014 0.0273410901687511 0.0589511432288583 0.165737910878011 0.171934987388966 0.272755310908844 0.284776470514661 0.0573951156131523 0.0713568421827558 0.00443403795960464 0.0100242727238687 0.202098811139507 0.156268858692659 0.0694169809970293 0.0177321356752812
0.0688564105506162 0.256182145016457 0.172854181372254 0.171472874663261 0.294730104849113 0.0342571336045093 0.150411344879246 0.0526541293371231 0.104081498942583 0.0984451592342779 0.175695583805895 0.203185391694036 0.254363993806647 0.231557503036645 0.0642665885460575 0.0247819816184151 0.394437507706312 0.362373174965877 0.075706596583789 0.102392730111798 0.245957761542648 0 0.116193596401299 0.413046821719646 0.445641226593173 0.0652108843216278 0.378083895351839 0.337935818836690 0.487634336732091 0.109461223428068 0.520955854099043 0.72000851809862 0.202463956252729 0.280876477151855 0.292293647895284 0.278510615082756 0.270040008164273 0.138453147971998 0.322715626012702 0.0994403744932722 0.0820350345281837 0.79883665564699 0.403710655026665 0.310422273772966 0.0415142392759104 0.148891005828059 0.287513895723815 0.175910400775082 0.0185973781874467 0.197105339276798 0.101936551617926 0.190398279510047 0.116908983206157 0.144395302645099 0.326041511082777 0.213427521736059 0.258248839278577 0.168305035940353 0.180556600056835 0.285736364945161 0.0677553515031275 0.114734837205031 0.445605771720121 0.247933340462772 0.691889613999137 0.244528524767631 0.223343146250815 0.327309236143118 0.0609660092046839 0.374117704253386 0.50961168622644 0.641894783511607 0.379123519161505 0.451437668221782 0.58344687420898 0.0499001123000963 0.140633872615847 0.156762596799087 0.157827096053627 0.0475808740920892 0.297665625721532 0.179065473654949 0.0828112937601287 0.0154004578953887 0.798483176189746 0.479787220811694 0.362213378774961 0.345452559135289 0.21253330010865 0.327325516426514 0.330235994149564 0.303543431314954 0.00439184451095399 0.294739524531204 0.173197838959754 0.160395749093185 0.422314942749026 0.02495259481159 0.239376584071977 0.302370422161274
